city,city_ascii,city_alt,lat,lng,country,iso2,iso3,admin_name,admin_name_ascii,admin_code,admin_type,capital,density,population,population_proper,ranking,timezone,same_name,id
Djohoué,Djohoue,,7.1000,1.7333,Benin,BJ,BEN,Couffo,Couffo,BJ-KO,department,,224.6,,,3,Africa/Porto-Novo,FALSE,1204032337
Tan-Teil,Tan-Teil,,10.4607,1.3838,Benin,BJ,BEN,Atacora,Atacora,BJ-AK,department,,121.2,,,4,Africa/Porto-Novo,FALSE,1204861543
Houelli-Gaba,Houelli-Gaba,,7.0667,2.5833,Benin,BJ,BEN,Plateau,Plateau,BJ-PL,department,,328.2,,,3,Africa/Porto-Novo,FALSE,1204165361
Ambéri Goumbi,Amberi Goumbi,Anbéri-Goumbi,11.5761,3.3358,Benin,BJ,BEN,Atacora,Atacora,BJ-AK,department,,70.0,,,4,Africa/Porto-Novo,FALSE,1204818011
Ninmbéré,Ninmbere,,10.4697,1.7823,Benin,BJ,BEN,Atacora,Atacora,BJ-AK,department,,42.2,,,4,Africa/Porto-Novo,FALSE,1204654403
Kourourou,Kourourou,,9.9354,3.0278,Benin,BJ,BEN,Borgou,Borgou,BJ-BO,department,,60.0,,,4,Africa/Porto-Novo,FALSE,1204145037
Koukogou,Koukogou,,10.3965,1.0596,Benin,BJ,BEN,Atacora,Atacora,BJ-AK,department,,84.2,,,4,Africa/Porto-Novo,FALSE,1204288749
Madékali,Madekali,Madekan|Madekale|Madécali,11.7044,3.5494,Benin,BJ,BEN,Atacora,Atacora,BJ-AK,department,,70.0,,,4,Africa/Porto-Novo,FALSE,1204041631
Namalkomrha,Namalkomrha,,9.9542,1.6101,Benin,BJ,BEN,Atacora,Atacora,BJ-AK,department,,99.5,,,4,Africa/Porto-Novo,FALSE,1204990008
Yokpanou,Yokpanou,,11.2521,2.3752,Benin,BJ,BEN,Alibori,Alibori,BJ-AL,department,,76.1,,,4,Africa/Porto-Novo,FALSE,1204038453
Péssoulou,Pessoulou,,10.3459,2.2946,Benin,BJ,BEN,Borgou,Borgou,BJ-BO,department,,54.4,,,4,Africa/Porto-Novo,FALSE,1204891935
Kindassalé,Kindassale,,10.8958,3.6945,Benin,BJ,BEN,Alibori,Alibori,BJ-AL,department,,28.4,,,4,Africa/Porto-Novo,FALSE,1204804902
Bana,Bana,,10.1600,2.0723,Benin,BJ,BEN,Atacora,Atacora,BJ-AK,department,,46.7,,,4,Africa/Porto-Novo,FALSE,1204434213
Tanmbogakoundi,Tanmbogakoundi,,10.7959,1.0331,Benin,BJ,BEN,Atacora,Atacora,BJ-AK,department,,80.6,,,4,Africa/Porto-Novo,FALSE,1204274328
Odola,Odola,,9.3833,1.4500,Benin,BJ,BEN,Donga,Donga,BJ-DO,department,,35.9,,,4,Africa/Porto-Novo,FALSE,1204728642
Gbadoa,Gbadoa,,6.6365,2.5198,Benin,BJ,BEN,Ouémé,Oueme,BJ-OU,department,,297.2,,,3,Africa/Porto-Novo,FALSE,1204495077
Adjéhongon,Adjehongon,,7.3500,1.8000,Benin,BJ,BEN,Zou,Zou,BJ-ZO,department,,73.8,,,4,Africa/Porto-Novo,FALSE,1204453162
Donouhorou,Donouhorou,,8.9798,2.6239,Benin,BJ,BEN,Borgou,Borgou,BJ-BO,department,,48.5,,,4,Africa/Porto-Novo,FALSE,1204910449
Ayégourou,Ayegourou,,9.1254,2.3857,Benin,BJ,BEN,Borgou,Borgou,BJ-BO,department,,48.5,,,4,Africa/Porto-Novo,FALSE,1204524557
Badefoourma,Badefoourma,,9.9513,1.4439,Benin,BJ,BEN,Donga,Donga,BJ-DO,department,,99.5,,,4,Africa/Porto-Novo,FALSE,1204450614
Tchiko,Tchiko,,7.3804,1.9922,Benin,BJ,BEN,Zou,Zou,BJ-ZO,department,,73.8,,,4,Africa/Porto-Novo,FALSE,1204399590
Soouwèniango,Soouweniango,,9.8686,1.3980,Benin,BJ,BEN,Donga,Donga,BJ-DO,department,,99.5,,,4,Africa/Porto-Novo,FALSE,1204796012
Kongou,Kongou,,11.2013,2.9135,Benin,BJ,BEN,Alibori,Alibori,BJ-AL,department,,75.1,,,4,Africa/Porto-Novo,FALSE,1204625668
Diguidirou,Diguidirou,,9.6091,3.1364,Benin,BJ,BEN,Borgou,Borgou,BJ-BO,department,,54.3,,,4,Africa/Porto-Novo,FALSE,1204872812
Tankoalé,Tankoale,,10.8829,1.0531,Benin,BJ,BEN,Atacora,Atacora,BJ-AK,department,,80.6,,,4,Africa/Porto-Novo,FALSE,1204785910
Télé,Tele,,9.4522,2.6360,Benin,BJ,BEN,Borgou,Borgou,BJ-BO,department,,40.5,,,4,Africa/Porto-Novo,FALSE,1204229972
Kadabida,Kadabida,,9.4736,1.4878,Benin,BJ,BEN,Donga,Donga,BJ-DO,department,,169.2,,,4,Africa/Porto-Novo,FALSE,1204621122
Wawi,Wawi,Vanhoui,9.5669,1.8102,Benin,BJ,BEN,Donga,Donga,BJ-DO,department,,81.0,,,4,Africa/Porto-Novo,FALSE,1204481361
Sé,Se,,6.7539,2.1037,Benin,BJ,BEN,Atlantique,Atlantique,BJ-AQ,department,,125.0,,,4,Africa/Porto-Novo,FALSE,1204184274
Diné,Dine,,11.2211,2.8071,Benin,BJ,BEN,Alibori,Alibori,BJ-AL,department,,75.1,,,4,Africa/Porto-Novo,FALSE,1204890164
Kpérou Guéra,Kperou Guera,,9.3667,2.6000,Benin,BJ,BEN,Borgou,Borgou,BJ-BO,department,,757.7,,,3,Africa/Porto-Novo,FALSE,1204554875
Boussigui,Boussigui,,9.8720,3.3095,Benin,BJ,BEN,Borgou,Borgou,BJ-BO,department,,60.0,,,4,Africa/Porto-Novo,FALSE,1204344498
Moussonogi,Moussonogi,,7.9833,1.9167,Benin,BJ,BEN,Collines,Collines,BJ-CO,department,,66.2,,,4,Africa/Porto-Novo,FALSE,1204833005
Moka,Moka,,8.0179,2.6958,Benin,BJ,BEN,Collines,Collines,BJ-CO,department,,43.9,,,4,Africa/Porto-Novo,FALSE,1204644094
Baoun,Baoun,,9.7364,2.7397,Benin,BJ,BEN,Borgou,Borgou,BJ-BO,department,,40.5,,,4,Africa/Porto-Novo,FALSE,1204904561
Ningoussou,Ningoussou,,10.3180,2.1688,Benin,BJ,BEN,Atacora,Atacora,BJ-AK,department,,46.7,,,4,Africa/Porto-Novo,FALSE,1204497371
Bori,Bori,,10.6333,0.9333,Benin,BJ,BEN,Atacora,Atacora,BJ-AK,department,,90.9,,,4,Africa/Porto-Novo,FALSE,1204314263
Kossidarou,Kossidarou,,11.0082,2.8770,Benin,BJ,BEN,Alibori,Alibori,BJ-AL,department,,54.9,,,4,Africa/Porto-Novo,FALSE,1204755449
Akoutaossé,Akoutaosse,,8.5891,1.6881,Benin,BJ,BEN,Donga,Donga,BJ-DO,department,,39.6,,,4,Africa/Porto-Novo,FALSE,1204085207
Banamé-Assiangbomè,Baname-Assiangbome,,7.3267,2.3241,Benin,BJ,BEN,Zou,Zou,BJ-ZO,department,,126.1,,,4,Africa/Porto-Novo,FALSE,1204788137
Yakamaro,Yakamaro,,9.7798,1.5537,Benin,BJ,BEN,Donga,Donga,BJ-DO,department,,99.5,,,4,Africa/Porto-Novo,FALSE,1204519298
Mondouro,Mondouro,,9.4740,2.6879,Benin,BJ,BEN,Borgou,Borgou,BJ-BO,department,,40.5,,,4,Africa/Porto-Novo,FALSE,1204699864
Kpapakri,Kpapakri,,7.7961,1.7908,Benin,BJ,BEN,Collines,Collines,BJ-CO,department,,66.2,,,4,Africa/Porto-Novo,FALSE,1204608058
Ibokoto,Ibokoto,,11.4687,2.4960,Benin,BJ,BEN,Alibori,Alibori,BJ-AL,department,,76.1,,,4,Africa/Porto-Novo,FALSE,1204356018
Niassalé,Niassale,,10.4354,3.7772,Benin,BJ,BEN,Borgou,Borgou,BJ-BO,department,,66.1,,,4,Africa/Porto-Novo,FALSE,1204777081
Houedja,Houedja,Ouedja,7.1403,2.4373,Benin,BJ,BEN,Zou,Zou,BJ-ZO,department,,264.7,,,3,Africa/Porto-Novo,FALSE,1204749262
Olougbé,Olougbe,,8.7984,2.2559,Benin,BJ,BEN,Borgou,Borgou,BJ-BO,department,,48.5,,,4,Africa/Porto-Novo,FALSE,1204115573
Assodè Kandia,Assode Kandia,Asso Kandia,9.6218,1.4769,Benin,BJ,BEN,Donga,Donga,BJ-DO,department,,169.2,,,4,Africa/Porto-Novo,FALSE,1204295081
Niangre,Niangre,,9.6024,1.5807,Benin,BJ,BEN,Donga,Donga,BJ-DO,department,,81.0,,,4,Africa/Porto-Novo,FALSE,1204630853
Ouko,Ouko,,7.2833,1.9667,Benin,BJ,BEN,Zou,Zou,BJ-ZO,department,,73.8,,,4,Africa/Porto-Novo,FALSE,1204756443
Borarou,Borarou,,9.3000,2.5667,Benin,BJ,BEN,Borgou,Borgou,BJ-BO,department,,757.7,,,3,Africa/Porto-Novo,FALSE,1204299542
Gouarou,Gouarou,,9.2033,2.4814,Benin,BJ,BEN,Borgou,Borgou,BJ-BO,department,,48.5,,,4,Africa/Porto-Novo,FALSE,1204854260
Fô-Fébirou,Fo-Febirou,Pébirou,10.3660,1.6713,Benin,BJ,BEN,Atacora,Atacora,BJ-AK,department,,42.2,,,4,Africa/Porto-Novo,FALSE,1204353833
Kouniangou,Kouniangou,Kougnangou,10.1618,1.1844,Benin,BJ,BEN,Atacora,Atacora,BJ-AK,department,,84.2,,,4,Africa/Porto-Novo,FALSE,1204173746
Guirali,Guirali,,9.1563,3.0788,Benin,BJ,BEN,Borgou,Borgou,BJ-BO,department,,48.5,,,4,Africa/Porto-Novo,FALSE,1204941255
Bayakou,Bayakou,Mbayako,9.3500,1.7500,Benin,BJ,BEN,Donga,Donga,BJ-DO,department,,35.9,,,4,Africa/Porto-Novo,FALSE,1204303187
Boguidji,Boguidji,,7.8532,1.7858,Benin,BJ,BEN,Collines,Collines,BJ-CO,department,,66.2,,,4,Africa/Porto-Novo,FALSE,1204773766
Kounakouro,Kounakouro,,9.5035,1.3817,Benin,BJ,BEN,Donga,Donga,BJ-DO,department,,169.2,,,4,Africa/Porto-Novo,FALSE,1204990464
Belko Kparou,Belko Kparou,,9.8724,2.4922,Benin,BJ,BEN,Borgou,Borgou,BJ-BO,department,,40.5,,,4,Africa/Porto-Novo,FALSE,1204868546
Lanta-Egbelakou,Lanta-Egbelakou,,7.1167,1.8500,Benin,BJ,BEN,Couffo,Couffo,BJ-KO,department,,369.6,,,3,Africa/Porto-Novo,FALSE,1204451525
Tegbo,Tegbo,,6.6823,2.0675,Benin,BJ,BEN,Atlantique,Atlantique,BJ-AQ,department,,428.7,,,3,Africa/Porto-Novo,FALSE,1204270976
Kpétékpa,Kpetekpa,,7.1834,1.9287,Benin,BJ,BEN,Zou,Zou,BJ-ZO,department,,674.7,,,3,Africa/Porto-Novo,FALSE,1204528726
Pérégourou,Peregourou,,9.8184,2.9870,Benin,BJ,BEN,Borgou,Borgou,BJ-BO,department,,54.3,,,4,Africa/Porto-Novo,FALSE,1204676950
Sako,Sako,,9.8589,3.2398,Benin,BJ,BEN,Borgou,Borgou,BJ-BO,department,,60.0,,,4,Africa/Porto-Novo,FALSE,1204741448
Koutiandi,Koutiandi,Koutianti,9.9530,1.3579,Benin,BJ,BEN,Donga,Donga,BJ-DO,department,,138.4,,,4,Africa/Porto-Novo,FALSE,1204500690
Kargui,Kargui,,11.9378,3.2308,Benin,BJ,BEN,Alibori,Alibori,BJ-AL,department,,15.5,,,4,Africa/Porto-Novo,FALSE,1204056902
Tarpounga,Tarpounga,,10.2922,1.5680,Benin,BJ,BEN,Atacora,Atacora,BJ-AK,department,,42.2,,,4,Africa/Porto-Novo,FALSE,1204601301
Blaka,Blaka,,7.4833,1.9667,Benin,BJ,BEN,Zou,Zou,BJ-ZO,department,,73.8,,,4,Africa/Porto-Novo,FALSE,1204592894
Bougouténa,Bougoutena,,11.4518,2.4585,Benin,BJ,BEN,Alibori,Alibori,BJ-AL,department,,76.1,,,4,Africa/Porto-Novo,FALSE,1204105953
Agnangnan,Agnangnan,,7.1622,1.9945,Benin,BJ,BEN,Zou,Zou,BJ-ZO,department,,674.7,,,3,Africa/Porto-Novo,FALSE,1204288498
Goungoun,Goungoun,,11.1272,3.0812,Benin,BJ,BEN,Atacora,Atacora,BJ-AK,department,,75.1,,,4,Africa/Porto-Novo,FALSE,1204903168
Goungoun,Goungoun,Gungun,11.5609,3.1282,Benin,BJ,BEN,Atacora,Atacora,BJ-AK,department,,70.0,,,4,Africa/Porto-Novo,TRUE,1204240468
Kédiahon,Kediahon,,10.7553,1.1567,Benin,BJ,BEN,Atacora,Atacora,BJ-AK,department,,80.6,,,4,Africa/Porto-Novo,FALSE,1204049244
Daroun,Daroun,,9.8603,1.5457,Benin,BJ,BEN,Donga,Donga,BJ-DO,department,,99.5,,,4,Africa/Porto-Novo,FALSE,1204810907
Malo,Malo,,9.4448,2.7215,Benin,BJ,BEN,Borgou,Borgou,BJ-BO,department,,40.5,,,4,Africa/Porto-Novo,FALSE,1204582005
Yarhoufoourh,Yarhoufoourh,,9.9845,1.7416,Benin,BJ,BEN,Donga,Donga,BJ-DO,department,,92.7,,,4,Africa/Porto-Novo,FALSE,1204536303
Angradébourou,Angradebourou,,9.7538,2.4934,Benin,BJ,BEN,Borgou,Borgou,BJ-BO,department,,40.5,,,4,Africa/Porto-Novo,FALSE,1204687710
Yovogan,Yovogan,,7.4500,1.7000,Benin,BJ,BEN,Couffo,Couffo,BJ-KO,department,,73.8,,,4,Africa/Porto-Novo,FALSE,1204179646
Agondogui,Agondogui,,7.3455,1.6412,Benin,BJ,BEN,Couffo,Couffo,BJ-KO,department,,204.5,,,3,Africa/Lome,FALSE,1204775725
Kpelidè,Kpelide,,9.6841,1.4407,Benin,BJ,BEN,Donga,Donga,BJ-DO,department,,169.2,,,4,Africa/Porto-Novo,FALSE,1204416672
Sékomkparo,Sekomkparo,,9.9160,3.4054,Benin,BJ,BEN,Borgou,Borgou,BJ-BO,department,,60.0,,,4,Africa/Porto-Novo,FALSE,1204846408
Tchokohoué,Tchokohoue,,7.0333,1.8167,Benin,BJ,BEN,Couffo,Couffo,BJ-KO,department,,369.6,,,3,Africa/Porto-Novo,FALSE,1204134883
Agombé,Agombe,,7.2833,2.4333,Benin,BJ,BEN,Zou,Zou,BJ-ZO,department,,135.8,,,4,Africa/Porto-Novo,FALSE,1204047201
Sinou,Sinou,Senu|Sénou,9.2179,2.5096,Benin,BJ,BEN,Borgou,Borgou,BJ-BO,department,,48.5,,,4,Africa/Porto-Novo,FALSE,1204037107
Agossakoé,Agossakoe,,7.1000,1.6500,Benin,BJ,BEN,Couffo,Couffo,BJ-KO,department,,224.6,,,3,Africa/Porto-Novo,FALSE,1204213384
Kali,Kali,,11.4507,2.4346,Benin,BJ,BEN,Alibori,Alibori,BJ-AL,department,,76.1,,,4,Africa/Porto-Novo,FALSE,1204340313
Kali,Kali,,10.8157,2.6652,Benin,BJ,BEN,Alibori,Alibori,BJ-AL,department,,30.1,,,4,Africa/Porto-Novo,TRUE,1204253300
Bessassi Boko,Bessassi Boko,Bessassi Bokko,10.3833,3.4667,Benin,BJ,BEN,Borgou,Borgou,BJ-BO,department,,66.1,,,4,Africa/Porto-Novo,FALSE,1204097580
Dapuérou,Dapuerou,,10.3790,2.3848,Benin,BJ,BEN,Borgou,Borgou,BJ-BO,department,,54.4,,,4,Africa/Porto-Novo,FALSE,1204674199
Daba,Daba,,10.2333,2.9324,Benin,BJ,BEN,Borgou,Borgou,BJ-BO,department,,48.1,,,4,Africa/Porto-Novo,FALSE,1204691523
Kassadé,Kassade,,9.7637,1.3702,Benin,BJ,BEN,Donga,Donga,BJ-DO,department,,169.2,,,4,Africa/Porto-Novo,FALSE,1204010533
Sagabia,Sagabia,,11.3549,2.5353,Benin,BJ,BEN,Alibori,Alibori,BJ-AL,department,,76.1,,,4,Africa/Porto-Novo,FALSE,1204948906
Azeleledji,Azeleledji,,7.5901,1.8257,Benin,BJ,BEN,Zou,Zou,BJ-ZO,department,,73.8,,,4,Africa/Porto-Novo,FALSE,1204641020
Samadjagon,Samadjagon,,7.3333,2.0000,Benin,BJ,BEN,Zou,Zou,BJ-ZO,department,,73.8,,,4,Africa/Porto-Novo,FALSE,1204652074
Ahoho,Ahoho,,6.6038,1.6266,Benin,BJ,BEN,Mono,Mono,BJ-MO,department,,305.2,,,3,Africa/Porto-Novo,FALSE,1204649814
Ouédo-Gbadji,Ouedo-Gbadji,,6.4919,2.4522,Benin,BJ,BEN,Atlantique,Atlantique,BJ-AQ,department,,1937.0,,,3,Africa/Porto-Novo,FALSE,1204911384
Bomako,Bomako,,9.0000,1.8333,Benin,BJ,BEN,Donga,Donga,BJ-DO,department,,35.9,,,4,Africa/Porto-Novo,FALSE,1204854899
Ouézoumé,Ouezoume,Wazume,6.6500,2.2500,Benin,BJ,BEN,Atlantique,Atlantique,BJ-AQ,department,,215.7,,,3,Africa/Porto-Novo,FALSE,1204392165
Ganou,Ganou,,9.3833,2.6333,Benin,BJ,BEN,Borgou,Borgou,BJ-BO,department,,757.7,,,3,Africa/Porto-Novo,FALSE,1204785903
Yidi,Yidi,,10.5153,1.1019,Benin,BJ,BEN,Atacora,Atacora,BJ-AK,department,,16.8,,,4,Africa/Porto-Novo,FALSE,1204182571
Sabalouagba,Sabalouagba,,8.0209,2.1838,Benin,BJ,BEN,Collines,Collines,BJ-CO,department,,86.1,,,4,Africa/Porto-Novo,FALSE,1204938648
Bédarou,Bedarou,,10.7884,2.9845,Benin,BJ,BEN,Alibori,Alibori,BJ-AL,department,,30.1,,,4,Africa/Porto-Novo,FALSE,1204603510
Tinetini,Tinetini,,10.8702,1.1718,Benin,BJ,BEN,Atacora,Atacora,BJ-AK,department,,80.6,,,4,Africa/Porto-Novo,FALSE,1204068880
Karobouarou,Karobouarou,,9.3667,2.7000,Benin,BJ,BEN,Borgou,Borgou,BJ-BO,department,,757.7,,,3,Africa/Porto-Novo,FALSE,1204574524
Akete,Akete,,7.9849,1.8676,Benin,BJ,BEN,Collines,Collines,BJ-CO,department,,66.2,,,4,Africa/Porto-Novo,FALSE,1204473736
Woligourou,Woligourou,,9.7639,3.0867,Benin,BJ,BEN,Borgou,Borgou,BJ-BO,department,,54.3,,,4,Africa/Porto-Novo,FALSE,1204498126
Wopa,Wopa,,11.0252,2.8555,Benin,BJ,BEN,Alibori,Alibori,BJ-AL,department,,75.1,,,4,Africa/Porto-Novo,FALSE,1204340771
Ngmèllang,Ngmellang,,9.2667,1.7167,Benin,BJ,BEN,Donga,Donga,BJ-DO,department,,35.9,,,4,Africa/Porto-Novo,FALSE,1204990949
Niégasson,Niegasson,,11.3282,2.5839,Benin,BJ,BEN,Alibori,Alibori,BJ-AL,department,,76.1,,,4,Africa/Porto-Novo,FALSE,1204997749
Vantè,Vante,Vanté-Avamitié,6.6167,2.5833,Benin,BJ,BEN,Ouémé,Oueme,BJ-OU,department,,1874.7,,,3,Africa/Porto-Novo,FALSE,1204531448
Kakpalrha,Kakpalrha,,9.7385,1.4245,Benin,BJ,BEN,Donga,Donga,BJ-DO,department,,169.2,,,4,Africa/Porto-Novo,FALSE,1204352798
Aouiangon,Aouiangon,,7.3333,1.8833,Benin,BJ,BEN,Zou,Zou,BJ-ZO,department,,73.8,,,4,Africa/Porto-Novo,FALSE,1204426056
Kokorombatiouri,Kokorombatiouri,Kokorobatchori,9.6559,1.7432,Benin,BJ,BEN,Donga,Donga,BJ-DO,department,,81.0,,,4,Africa/Porto-Novo,FALSE,1204062761
Koko,Koko,,10.2143,1.9305,Benin,BJ,BEN,Atacora,Atacora,BJ-AK,department,,46.7,,,4,Africa/Porto-Novo,FALSE,1204859995
Gouforou,Gouforou,,9.2500,2.6167,Benin,BJ,BEN,Borgou,Borgou,BJ-BO,department,,301.7,,,3,Africa/Porto-Novo,FALSE,1204442765
Ségoutou,Segoutou,,9.0474,2.7496,Benin,BJ,BEN,Borgou,Borgou,BJ-BO,department,,48.5,,,4,Africa/Porto-Novo,FALSE,1204981635
Saségoui-Basago,Sasegoui-Basago,,7.3167,1.9000,Benin,BJ,BEN,Zou,Zou,BJ-ZO,department,,73.8,,,4,Africa/Porto-Novo,FALSE,1204207476
Koumadérou,Koumaderou,,9.2162,2.2564,Benin,BJ,BEN,Borgou,Borgou,BJ-BO,department,,48.5,,,4,Africa/Porto-Novo,FALSE,1204172184
Koukouan,Koukouan,,10.2352,1.2288,Benin,BJ,BEN,Atacora,Atacora,BJ-AK,department,,90.1,,,4,Africa/Porto-Novo,FALSE,1204806173
Koukouan,Koukouan,Koukouantégou,10.3946,1.0749,Benin,BJ,BEN,Atacora,Atacora,BJ-AK,department,,84.2,,,4,Africa/Porto-Novo,TRUE,1204818303
Tokpohoué,Tokpohoue,,6.8500,1.6833,Benin,BJ,BEN,Couffo,Couffo,BJ-KO,department,,773.2,,,3,Africa/Porto-Novo,FALSE,1204152987
Niongambi,Niongambi,,9.7397,1.7710,Benin,BJ,BEN,Donga,Donga,BJ-DO,department,,81.0,,,4,Africa/Porto-Novo,FALSE,1204499501
Gbékou,Gbekou,,10.2746,2.8942,Benin,BJ,BEN,Borgou,Borgou,BJ-BO,department,,48.1,,,4,Africa/Porto-Novo,FALSE,1204319963
Sègbo,Segbo,,6.5269,1.8233,Benin,BJ,BEN,Mono,Mono,BJ-MO,department,,445.8,,,3,Africa/Porto-Novo,FALSE,1204004366
Anfin,Anfin,,7.1667,1.6833,Benin,BJ,BEN,Couffo,Couffo,BJ-KO,department,,224.6,,,3,Africa/Porto-Novo,FALSE,1204518280
Gounourou,Gounourou,,9.2860,2.4909,Benin,BJ,BEN,Borgou,Borgou,BJ-BO,department,,48.5,,,4,Africa/Porto-Novo,FALSE,1204237324
Avogbè,Avogbe,,7.3009,2.0012,Benin,BJ,BEN,Zou,Zou,BJ-ZO,department,,73.8,,,4,Africa/Porto-Novo,FALSE,1204372913
Kinto,Kinto,Quinto,6.6119,2.4079,Benin,BJ,BEN,Atlantique,Atlantique,BJ-AQ,department,,2120.5,,,2,Africa/Porto-Novo,FALSE,1204114676
Térékouka,Terekouka,,9.6236,1.5961,Benin,BJ,BEN,Donga,Donga,BJ-DO,department,,81.0,,,4,Africa/Porto-Novo,FALSE,1204231344
Narlirha,Narlirha,,9.8777,1.5595,Benin,BJ,BEN,Donga,Donga,BJ-DO,department,,99.5,,,4,Africa/Porto-Novo,FALSE,1204193719
Lokoui Bedjamé,Lokoui Bedjame,,6.8988,1.7477,Benin,BJ,BEN,Couffo,Couffo,BJ-KO,department,,773.2,,,3,Africa/Porto-Novo,FALSE,1204921732
Dunkassa,Dunkassa,Duncassa,10.3545,3.1472,Benin,BJ,BEN,Borgou,Borgou,BJ-BO,department,,66.1,,,4,Africa/Porto-Novo,FALSE,1204217370
Bourouyoré,Bourouyore,,10.8181,1.0272,Benin,BJ,BEN,Atacora,Atacora,BJ-AK,department,,80.6,,,4,Africa/Porto-Novo,FALSE,1204301224
Kantoro,Kantoro,,11.7765,3.2118,Benin,BJ,BEN,Atacora,Atacora,BJ-AK,department,,70.0,,,4,Africa/Porto-Novo,FALSE,1204442059
Ekaniklé,Ekanikle,,10.3674,0.9892,Benin,BJ,BEN,Atacora,Atacora,BJ-AK,department,,84.8,,,4,Africa/Porto-Novo,FALSE,1204965478
Tibaki,Tibaki,,9.1419,2.6840,Benin,BJ,BEN,Borgou,Borgou,BJ-BO,department,,48.5,,,4,Africa/Porto-Novo,FALSE,1204543147
Gobiéra,Gobiera,,9.7921,2.9536,Benin,BJ,BEN,Borgou,Borgou,BJ-BO,department,,54.3,,,4,Africa/Porto-Novo,FALSE,1204143533
Nangobigando,Nangobigando,,9.6536,3.0147,Benin,BJ,BEN,Borgou,Borgou,BJ-BO,department,,54.3,,,4,Africa/Porto-Novo,FALSE,1204475974
Tissofonti,Tissofonti,Tisofonti,10.2922,1.2697,Benin,BJ,BEN,Atacora,Atacora,BJ-AK,department,,90.9,,,4,Africa/Porto-Novo,FALSE,1204991773
Yé,Ye,,7.3591,1.9334,Benin,BJ,BEN,Zou,Zou,BJ-ZO,department,,73.8,,,4,Africa/Porto-Novo,FALSE,1204535473
Akakadoho,Akakadoho,,7.8667,1.8167,Benin,BJ,BEN,Collines,Collines,BJ-CO,department,,66.2,,,4,Africa/Porto-Novo,FALSE,1204365513
Kassandari,Kassandari,,10.1942,2.8964,Benin,BJ,BEN,Borgou,Borgou,BJ-BO,department,,48.1,,,4,Africa/Porto-Novo,FALSE,1204676383
Bérékpane,Berekpane,,9.2226,2.5336,Benin,BJ,BEN,Borgou,Borgou,BJ-BO,department,,48.5,,,4,Africa/Porto-Novo,FALSE,1204657180
Bérékpané,Berekpane,,9.0592,2.5297,Benin,BJ,BEN,Borgou,Borgou,BJ-BO,department,,48.5,,,4,Africa/Porto-Novo,TRUE,1204084999
Mindielrha,Mindielrha,,9.6945,1.7320,Benin,BJ,BEN,Donga,Donga,BJ-DO,department,,81.0,,,4,Africa/Porto-Novo,FALSE,1204892792
Dré,Dre,,6.4590,1.8337,Benin,BJ,BEN,Mono,Mono,BJ-MO,department,,445.8,,,3,Africa/Porto-Novo,FALSE,1204995550
Ourouba-Kouarou,Ourouba-Kouarou,,9.0222,2.5248,Benin,BJ,BEN,Borgou,Borgou,BJ-BO,department,,48.5,,,4,Africa/Porto-Novo,FALSE,1204395315
Baodjo,Baodjo,Baoudjo,6.7275,2.7756,Benin,BJ,BEN,Plateau,Plateau,BJ-PL,department,,798.3,,,3,Africa/Porto-Novo,FALSE,1204353288
Azimé,Azime,,7.1667,1.6667,Benin,BJ,BEN,Couffo,Couffo,BJ-KO,department,,224.6,,,3,Africa/Porto-Novo,FALSE,1204055249
Tokoukou,Tokoukou,,7.4725,1.9438,Benin,BJ,BEN,Zou,Zou,BJ-ZO,department,,73.8,,,4,Africa/Porto-Novo,FALSE,1204539225
Gogbo,Gogbo,,6.6377,2.4747,Benin,BJ,BEN,Ouémé,Oueme,BJ-OU,department,,297.2,,,3,Africa/Porto-Novo,FALSE,1204567336
Kouinati,Kouinati,,10.2715,2.4015,Benin,BJ,BEN,Borgou,Borgou,BJ-BO,department,,54.4,,,4,Africa/Porto-Novo,FALSE,1204890453
Tindji Assanline,Tindji Assanline,Tindji,7.2468,2.1170,Benin,BJ,BEN,Zou,Zou,BJ-ZO,department,,462.3,,,3,Africa/Porto-Novo,FALSE,1204998937
Dagansi,Dagansi,Danganzi|Dagassi,10.3144,3.4515,Benin,BJ,BEN,Borgou,Borgou,BJ-BO,department,,66.1,,,4,Africa/Porto-Novo,FALSE,1204348486
Hedjanamonou,Hedjanamonou,,7.8167,1.9333,Benin,BJ,BEN,Collines,Collines,BJ-CO,department,,66.2,,,4,Africa/Porto-Novo,FALSE,1204831655
Karagounkourou,Karagounkourou,,11.1001,2.2431,Benin,BJ,BEN,Alibori,Alibori,BJ-AL,department,,76.1,,,4,Africa/Porto-Novo,FALSE,1204914882
Babédou,Babedou,,10.8986,2.7056,Benin,BJ,BEN,Alibori,Alibori,BJ-AL,department,,30.1,,,4,Africa/Porto-Novo,FALSE,1204529490
Kouroupèri,Kourouperi,,9.9520,1.5763,Benin,BJ,BEN,Atacora,Atacora,BJ-AK,department,,99.5,,,4,Africa/Porto-Novo,FALSE,1204669879
Diapesskoura,Diapesskoura,,9.6126,1.6819,Benin,BJ,BEN,Donga,Donga,BJ-DO,department,,81.0,,,4,Africa/Porto-Novo,FALSE,1204516171
Alohovè,Alohove,Aholoboué,6.3333,2.2333,Benin,BJ,BEN,Atlantique,Atlantique,BJ-AQ,department,,1140.1,,,3,Africa/Porto-Novo,FALSE,1204478484
Karlroum-Dorha,Karlroum-Dorha,,9.8230,1.4486,Benin,BJ,BEN,Donga,Donga,BJ-DO,department,,99.5,,,4,Africa/Porto-Novo,FALSE,1204371845
Lonko,Lonko,,11.3655,3.3331,Benin,BJ,BEN,Atacora,Atacora,BJ-AK,department,,70.0,,,4,Africa/Porto-Novo,FALSE,1204222163
Bagué,Bague,,7.7972,1.6368,Benin,BJ,BEN,Collines,Collines,BJ-CO,department,,87.8,,,4,Africa/Lome,FALSE,1204500749
Bossouhoué,Bossouhoue,Bossohoué,6.9333,1.6833,Benin,BJ,BEN,Couffo,Couffo,BJ-KO,department,,224.6,,,3,Africa/Porto-Novo,FALSE,1204684925
Kidaroupérou,Kidarouperou,Kidaruperu,10.3016,3.3187,Benin,BJ,BEN,Borgou,Borgou,BJ-BO,department,,66.1,,,4,Africa/Porto-Novo,FALSE,1204999493
Kouram Kparou,Kouram Kparou,,9.8406,2.6498,Benin,BJ,BEN,Borgou,Borgou,BJ-BO,department,,40.5,,,4,Africa/Porto-Novo,FALSE,1204910481
Bouka Krikoubé,Bouka Krikoube,,10.2641,3.0772,Benin,BJ,BEN,Borgou,Borgou,BJ-BO,department,,66.1,,,4,Africa/Porto-Novo,FALSE,1204628257
Dobala,Dobala,,11.6648,2.4466,Benin,BJ,BEN,Alibori,Alibori,BJ-AL,department,,76.1,,,4,Africa/Porto-Novo,FALSE,1204366138
Bouipikourou,Bouipikourou,,10.3598,2.7969,Benin,BJ,BEN,Borgou,Borgou,BJ-BO,department,,48.1,,,4,Africa/Porto-Novo,FALSE,1204915116
Yakassirou,Yakassirou,,9.3333,2.5000,Benin,BJ,BEN,Borgou,Borgou,BJ-BO,department,,365.1,,,3,Africa/Porto-Novo,FALSE,1204027901
Koko Tombo,Koko Tombo,,11.6796,3.4776,Benin,BJ,BEN,Atacora,Atacora,BJ-AK,department,,70.0,,,4,Africa/Porto-Novo,FALSE,1204934136
Dassarou,Dassarou,,10.0523,2.9356,Benin,BJ,BEN,Borgou,Borgou,BJ-BO,department,,60.0,,,4,Africa/Porto-Novo,FALSE,1204194468
Goubougo,Goubougo,,11.1741,2.8603,Benin,BJ,BEN,Alibori,Alibori,BJ-AL,department,,75.1,,,4,Africa/Porto-Novo,FALSE,1204478065
Wassamorou,Wassamorou,,10.2418,2.0917,Benin,BJ,BEN,Atacora,Atacora,BJ-AK,department,,46.7,,,4,Africa/Porto-Novo,FALSE,1204512334
Assion,Assion,,8.6167,1.6833,Benin,BJ,BEN,Donga,Donga,BJ-DO,department,,35.9,,,4,Africa/Porto-Novo,FALSE,1204327998
Kozokamé,Kozokame,,7.4333,1.9500,Benin,BJ,BEN,Zou,Zou,BJ-ZO,department,,73.8,,,4,Africa/Porto-Novo,FALSE,1204558780
Worou Mokour Woro,Worou Mokour Woro,,9.8635,3.0166,Benin,BJ,BEN,Borgou,Borgou,BJ-BO,department,,60.0,,,4,Africa/Porto-Novo,FALSE,1204259072
Wabi,Wabi,,11.6044,2.7066,Benin,BJ,BEN,Alibori,Alibori,BJ-AL,department,,15.5,,,4,Africa/Porto-Novo,FALSE,1204347074
Fène,Fene,,9.7567,1.4425,Benin,BJ,BEN,Donga,Donga,BJ-DO,department,,99.5,,,4,Africa/Porto-Novo,FALSE,1204510025
Awoula,Awoula,,9.5692,1.4274,Benin,BJ,BEN,Donga,Donga,BJ-DO,department,,169.2,,,4,Africa/Porto-Novo,FALSE,1204792877
Kiparé,Kipare,,9.2500,2.6167,Benin,BJ,BEN,Borgou,Borgou,BJ-BO,department,,757.7,,,3,Africa/Porto-Novo,FALSE,1204712453
Wassa-Tobré,Wassa-Tobre,,10.1772,2.1284,Benin,BJ,BEN,Atacora,Atacora,BJ-AK,department,,46.7,,,4,Africa/Porto-Novo,FALSE,1204057324
Atchohoué,Atchohoue,,6.9500,1.7000,Benin,BJ,BEN,Couffo,Couffo,BJ-KO,department,,224.6,,,3,Africa/Porto-Novo,FALSE,1204193329
Dondjo,Dondjo,,6.5833,2.3000,Benin,BJ,BEN,Atlantique,Atlantique,BJ-AQ,department,,217.9,,,3,Africa/Porto-Novo,FALSE,1204496650
Kadjimani,Kadjimani,,9.3667,1.5333,Benin,BJ,BEN,Donga,Donga,BJ-DO,department,,35.9,,,4,Africa/Porto-Novo,FALSE,1204877845
Soammborékou,Soammborekou,,10.1919,1.9565,Benin,BJ,BEN,Atacora,Atacora,BJ-AK,department,,46.7,,,4,Africa/Porto-Novo,FALSE,1204007242
Yassenntini,Yassenntini,,10.7670,1.1987,Benin,BJ,BEN,Atacora,Atacora,BJ-AK,department,,80.6,,,4,Africa/Porto-Novo,FALSE,1204956562
Faïmbé,Faimbe,,8.4057,1.6429,Benin,BJ,BEN,Collines,Collines,BJ-CO,department,,47.8,,,4,Africa/Porto-Novo,FALSE,1204110895
Wéra,Wera,,9.8745,3.0134,Benin,BJ,BEN,Borgou,Borgou,BJ-BO,department,,60.0,,,4,Africa/Porto-Novo,FALSE,1204247719
Sabikawarou,Sabikawarou,,9.5974,2.9862,Benin,BJ,BEN,Borgou,Borgou,BJ-BO,department,,54.3,,,4,Africa/Porto-Novo,FALSE,1204626349
Ouadjito,Ouadjito,Ouédjlo,6.5167,2.0000,Benin,BJ,BEN,Atlantique,Atlantique,BJ-AQ,department,,287.8,,,3,Africa/Porto-Novo,FALSE,1204194339
Barabom,Barabom,,11.7237,2.7287,Benin,BJ,BEN,Alibori,Alibori,BJ-AL,department,,15.5,,,4,Africa/Porto-Novo,FALSE,1204518864
Kikon,Kikon,,8.2560,1.8489,Benin,BJ,BEN,Collines,Collines,BJ-CO,department,,47.8,,,4,Africa/Porto-Novo,FALSE,1204226413
Passaou,Passaou,,10.8637,3.7004,Benin,BJ,BEN,Alibori,Alibori,BJ-AL,department,,28.4,,,4,Africa/Porto-Novo,FALSE,1204973902
Bakayéré,Bakayere,,11.0653,2.8664,Benin,BJ,BEN,Alibori,Alibori,BJ-AL,department,,75.1,,,4,Africa/Porto-Novo,FALSE,1204004762
Atchoué,Atchoue,,6.9597,1.7036,Benin,BJ,BEN,Couffo,Couffo,BJ-KO,department,,224.6,,,3,Africa/Porto-Novo,FALSE,1204363064
Otola,Otola,Otala,8.1578,1.6550,Benin,BJ,BEN,Collines,Collines,BJ-CO,department,,66.2,,,4,Africa/Porto-Novo,FALSE,1204434682
Gbéké,Gbeke,,10.9242,3.4718,Benin,BJ,BEN,Alibori,Alibori,BJ-AL,department,,28.4,,,4,Africa/Porto-Novo,FALSE,1204972281
Tangfoungou,Tangfoungou,Taoufoungou,9.5821,1.8006,Benin,BJ,BEN,Donga,Donga,BJ-DO,department,,81.0,,,4,Africa/Porto-Novo,FALSE,1204507307
Ntounkoué,Ntounkoue,,9.9952,1.3364,Benin,BJ,BEN,Atacora,Atacora,BJ-AK,department,,140.7,,,4,Africa/Lome,FALSE,1204951876
Gama,Gama,,11.5333,2.5938,Benin,BJ,BEN,Alibori,Alibori,BJ-AL,department,,76.1,,,4,Africa/Porto-Novo,FALSE,1204930731
Ga Kakara,Ga Kakara,,9.9642,2.5084,Benin,BJ,BEN,Borgou,Borgou,BJ-BO,department,,40.5,,,4,Africa/Porto-Novo,FALSE,1204351548
Tassigourou,Tassigourou,,9.9831,1.5486,Benin,BJ,BEN,Atacora,Atacora,BJ-AK,department,,42.2,,,4,Africa/Porto-Novo,FALSE,1204049354
Otiti,Otiti,Watéti,9.5517,1.4823,Benin,BJ,BEN,Donga,Donga,BJ-DO,department,,169.2,,,4,Africa/Porto-Novo,FALSE,1204117604
Yahoungou,Yahoungou,Yohongou,10.5302,1.1827,Benin,BJ,BEN,Atacora,Atacora,BJ-AK,department,,16.8,,,4,Africa/Porto-Novo,FALSE,1204953935
Glotomé,Glotome,,6.6913,2.0441,Benin,BJ,BEN,Atlantique,Atlantique,BJ-AQ,department,,428.7,,,3,Africa/Porto-Novo,FALSE,1204226547
Biè-Beussènnrha,Bie-Beussennrha,Ferme de Pséan,9.9261,1.4691,Benin,BJ,BEN,Donga,Donga,BJ-DO,department,,99.5,,,4,Africa/Porto-Novo,FALSE,1204135224
Dassa-Gledji,Dassa-Gledji,,7.8167,1.9500,Benin,BJ,BEN,Collines,Collines,BJ-CO,department,,66.2,,,4,Africa/Porto-Novo,FALSE,1204381765
Tchiomégon,Tchiomegon,,7.3500,1.7833,Benin,BJ,BEN,Zou,Zou,BJ-ZO,department,,73.8,,,4,Africa/Porto-Novo,FALSE,1204893324
Féhindoukou,Fehindoukou,,10.5891,1.1785,Benin,BJ,BEN,Atacora,Atacora,BJ-AK,department,,16.8,,,4,Africa/Porto-Novo,FALSE,1204564640
Koutoudyir,Koutoudyir,,9.6000,1.5833,Benin,BJ,BEN,Donga,Donga,BJ-DO,department,,81.0,,,4,Africa/Porto-Novo,FALSE,1204072225
Sangbanga,Sangbanga,Sangbaga,9.5069,1.8902,Benin,BJ,BEN,Donga,Donga,BJ-DO,department,,81.0,,,4,Africa/Porto-Novo,FALSE,1204413431
Ouinga,Ouinga,,6.5889,1.8191,Benin,BJ,BEN,Mono,Mono,BJ-MO,department,,445.8,,,3,Africa/Porto-Novo,FALSE,1204828087
Taniapéta,Taniapeta,Tagnapéta,10.2498,1.4567,Benin,BJ,BEN,Atacora,Atacora,BJ-AK,department,,90.9,,,4,Africa/Porto-Novo,FALSE,1204479599
Kokoirlé,Kokoirle,,10.6463,0.8981,Benin,BJ,BEN,Atacora,Atacora,BJ-AK,department,,90.9,,,4,Africa/Porto-Novo,FALSE,1204813031
Bolimè,Bolime,,6.9333,1.8667,Benin,BJ,BEN,Couffo,Couffo,BJ-KO,department,,398.5,,,3,Africa/Porto-Novo,FALSE,1204103325
Loloungborho,Loloungborho,,9.5705,1.4653,Benin,BJ,BEN,Donga,Donga,BJ-DO,department,,169.2,,,4,Africa/Porto-Novo,FALSE,1204343346
Massaokparao,Massaokparao,,9.4947,1.8055,Benin,BJ,BEN,Donga,Donga,BJ-DO,department,,81.0,,,4,Africa/Porto-Novo,FALSE,1204390400
Dankourou,Dankourou,,9.8148,2.9759,Benin,BJ,BEN,Borgou,Borgou,BJ-BO,department,,54.3,,,4,Africa/Porto-Novo,FALSE,1204210040
Dankourou,Dankourou,,9.7724,2.6184,Benin,BJ,BEN,Borgou,Borgou,BJ-BO,department,,40.5,,,4,Africa/Porto-Novo,TRUE,1204186097
Takalafia,Takalafia,,11.1315,3.5434,Benin,BJ,BEN,Atacora,Atacora,BJ-AK,department,,28.4,,,4,Africa/Porto-Novo,FALSE,1204553199
Oki,Oki,,7.1767,1.6678,Benin,BJ,BEN,Couffo,Couffo,BJ-KO,department,,224.6,,,3,Africa/Porto-Novo,FALSE,1204833318
Gozina,Gozina,,10.0061,1.7961,Benin,BJ,BEN,Donga,Donga,BJ-DO,department,,81.0,,,4,Africa/Porto-Novo,FALSE,1204362697
Neubrandé,Neubrande,Nobrandé,9.6674,1.6023,Benin,BJ,BEN,Donga,Donga,BJ-DO,department,,81.0,,,4,Africa/Porto-Novo,FALSE,1204279990
Sokplagon,Sokplagon,,7.3667,1.7833,Benin,BJ,BEN,Zou,Zou,BJ-ZO,department,,73.8,,,4,Africa/Porto-Novo,FALSE,1204299139
Niaro,Niaro,,10.3723,2.3982,Benin,BJ,BEN,Borgou,Borgou,BJ-BO,department,,54.4,,,4,Africa/Porto-Novo,FALSE,1204373388
Bozoumé,Bozoume,Bozume,6.5773,2.6741,Benin,BJ,BEN,Plateau,Plateau,BJ-PL,department,,1933.1,,,3,Africa/Porto-Novo,FALSE,1204878929
Nakérou,Nakerou,,10.0500,2.3443,Benin,BJ,BEN,Borgou,Borgou,BJ-BO,department,,54.4,,,4,Africa/Porto-Novo,FALSE,1204456461
Bacankomé,Bacankome,,6.8000,1.7667,Benin,BJ,BEN,Couffo,Couffo,BJ-KO,department,,414.0,,,3,Africa/Porto-Novo,FALSE,1204961019
Nassou,Nassou,Nasso,10.0968,1.9212,Benin,BJ,BEN,Atacora,Atacora,BJ-AK,department,,46.7,,,4,Africa/Porto-Novo,FALSE,1204658721
Handé,Hande,Haindé,6.5362,1.8080,Benin,BJ,BEN,Mono,Mono,BJ-MO,department,,445.8,,,3,Africa/Porto-Novo,FALSE,1204810111
Kounadogou,Kounadogou,,10.1598,1.0894,Benin,BJ,BEN,Atacora,Atacora,BJ-AK,department,,81.4,,,4,Africa/Porto-Novo,FALSE,1204529708
Atakouzar,Atakouzar,,9.7112,1.5174,Benin,BJ,BEN,Donga,Donga,BJ-DO,department,,81.0,,,4,Africa/Porto-Novo,FALSE,1204564110
Tosougon,Tosougon,,7.4333,1.9667,Benin,BJ,BEN,Zou,Zou,BJ-ZO,department,,73.8,,,4,Africa/Porto-Novo,FALSE,1204214363
Kwazi,Kwazi,,9.4732,1.6989,Benin,BJ,BEN,Donga,Donga,BJ-DO,department,,81.0,,,4,Africa/Porto-Novo,FALSE,1204582153
Wéréké,Wereke,Quereke|Ouéréké|Ouékéré,9.7332,2.5125,Benin,BJ,BEN,Borgou,Borgou,BJ-BO,department,,40.5,,,4,Africa/Porto-Novo,FALSE,1204579395
Djégékpodji,Djegekpodji,,7.5981,1.7769,Benin,BJ,BEN,Zou,Zou,BJ-ZO,department,,73.8,,,4,Africa/Porto-Novo,FALSE,1204267341
Gorouganiamia,Gorouganiamia,,10.9080,2.9243,Benin,BJ,BEN,Alibori,Alibori,BJ-AL,department,,30.1,,,4,Africa/Porto-Novo,FALSE,1204860769
Guiri,Guiri,,10.1896,3.2771,Benin,BJ,BEN,Borgou,Borgou,BJ-BO,department,,66.1,,,4,Africa/Porto-Novo,FALSE,1204126230
Gbaguinrou,Gbaguinrou,Bagueru|Baguérou|Bagueroa,10.6720,2.8157,Benin,BJ,BEN,Alibori,Alibori,BJ-AL,department,,30.1,,,4,Africa/Porto-Novo,FALSE,1204361237
Azoukpo,Azoukpo,,7.0000,1.7000,Benin,BJ,BEN,Couffo,Couffo,BJ-KO,department,,224.6,,,3,Africa/Porto-Novo,FALSE,1204772566
Zounto,Zounto,Zounta,6.6333,2.5667,Benin,BJ,BEN,Ouémé,Oueme,BJ-OU,department,,300.6,,,3,Africa/Porto-Novo,FALSE,1204388855
Koubouré,Kouboure,,9.8465,2.9439,Benin,BJ,BEN,Borgou,Borgou,BJ-BO,department,,54.3,,,4,Africa/Porto-Novo,FALSE,1204234928
Sékanon,Sekanon,Sakannou,10.7123,1.0333,Benin,BJ,BEN,Atacora,Atacora,BJ-AK,department,,80.6,,,4,Africa/Porto-Novo,FALSE,1204195368
Koungarou,Koungarou,,10.5005,2.0416,Benin,BJ,BEN,Atacora,Atacora,BJ-AK,department,,46.7,,,4,Africa/Porto-Novo,FALSE,1204995071
Tennpobré,Tennpobre,Daro-Tempobré,10.5649,1.5564,Benin,BJ,BEN,Atacora,Atacora,BJ-AK,department,,121.2,,,4,Africa/Porto-Novo,FALSE,1204480456
Kankoué,Kankoue,Kankueye|Kankoueye|Kankouey|Bobéna,10.8638,3.5541,Benin,BJ,BEN,Alibori,Alibori,BJ-AL,department,,28.4,,,4,Africa/Porto-Novo,FALSE,1204647986
Kali,Kali,Kalé,10.0330,3.2134,Benin,BJ,BEN,Borgou,Borgou,BJ-BO,department,,60.0,,,4,Africa/Porto-Novo,FALSE,1204219085
Lougou-Ga,Lougou-Ga,,11.0987,3.3933,Benin,BJ,BEN,Atacora,Atacora,BJ-AK,department,,28.4,,,4,Africa/Porto-Novo,FALSE,1204181198
Condji,Condji,,6.5683,1.7667,Benin,BJ,BEN,Mono,Mono,BJ-MO,department,,340.5,,,3,Africa/Porto-Novo,FALSE,1204378803
Songo,Songo,,9.5817,1.4386,Benin,BJ,BEN,Donga,Donga,BJ-DO,department,,169.2,,,4,Africa/Porto-Novo,FALSE,1204340918
Tanfoungé,Tanfounge,,9.9599,1.7201,Benin,BJ,BEN,Donga,Donga,BJ-DO,department,,99.5,,,4,Africa/Porto-Novo,FALSE,1204690417
Boudaa,Boudaa,,9.7833,1.3833,Benin,BJ,BEN,Donga,Donga,BJ-DO,department,,169.2,,,4,Africa/Porto-Novo,FALSE,1204226481
Koyanga,Koyanga,,9.6747,1.8469,Benin,BJ,BEN,Donga,Donga,BJ-DO,department,,81.0,,,4,Africa/Porto-Novo,FALSE,1204645500
Gouelgoulgoula,Gouelgoulgoula,,10.3020,2.1311,Benin,BJ,BEN,Atacora,Atacora,BJ-AK,department,,46.7,,,4,Africa/Porto-Novo,FALSE,1204412858
Tiankongou,Tiankongou,,10.8472,0.9131,Benin,BJ,BEN,Atacora,Atacora,BJ-AK,department,,80.6,,,4,Africa/Porto-Novo,FALSE,1204224211
Assogbenou,Assogbenou,Assoghé|Asogbenou,6.3646,2.0274,Benin,BJ,BEN,Atlantique,Atlantique,BJ-AQ,department,,287.8,,,3,Africa/Porto-Novo,FALSE,1204255586
Mochirha,Mochirha,,9.7833,1.4252,Benin,BJ,BEN,Donga,Donga,BJ-DO,department,,99.5,,,4,Africa/Porto-Novo,FALSE,1204072648
Niamakouèkparé,Niamakouekpare,,10.4887,1.9916,Benin,BJ,BEN,Atacora,Atacora,BJ-AK,department,,46.7,,,4,Africa/Porto-Novo,FALSE,1204557521
Moumi,Moumi,,9.0833,2.8000,Benin,BJ,BEN,Borgou,Borgou,BJ-BO,department,,48.5,,,4,Africa/Porto-Novo,FALSE,1204618858
Konfouda,Konfouda,,8.0964,1.8805,Benin,BJ,BEN,Collines,Collines,BJ-CO,department,,47.8,,,4,Africa/Porto-Novo,FALSE,1204826122
Bérékouané,Berekouane,,10.4990,2.5293,Benin,BJ,BEN,Borgou,Borgou,BJ-BO,department,,54.4,,,4,Africa/Porto-Novo,FALSE,1204994615
Dadjo,Dadjo,Dajo,8.5648,2.2366,Benin,BJ,BEN,Collines,Collines,BJ-CO,department,,58.6,,,4,Africa/Porto-Novo,FALSE,1204036880
Niamsonga,Niamsonga,Niassonga,9.6608,1.9545,Benin,BJ,BEN,Donga,Donga,BJ-DO,department,,81.0,,,4,Africa/Porto-Novo,FALSE,1204971620
Birikirou,Birikirou,,11.1445,2.8448,Benin,BJ,BEN,Alibori,Alibori,BJ-AL,department,,75.1,,,4,Africa/Porto-Novo,FALSE,1204421906
Agasousigon,Agasousigon,,7.3500,1.8833,Benin,BJ,BEN,Zou,Zou,BJ-ZO,department,,73.8,,,4,Africa/Porto-Novo,FALSE,1204966005
Ataké,Atake,,8.3428,1.9343,Benin,BJ,BEN,Collines,Collines,BJ-CO,department,,47.8,,,4,Africa/Porto-Novo,FALSE,1204475847
Sékoboumparo,Sekoboumparo,,9.8505,3.3193,Benin,BJ,BEN,Borgou,Borgou,BJ-BO,department,,60.0,,,4,Africa/Porto-Novo,FALSE,1204629419
Sémalabokou,Semalabokou,,11.4033,2.6467,Benin,BJ,BEN,Alibori,Alibori,BJ-AL,department,,76.1,,,4,Africa/Porto-Novo,FALSE,1204566577
Rafaïtchikpa,Rafaitchikpa,,9.4500,1.4667,Benin,BJ,BEN,Donga,Donga,BJ-DO,department,,169.2,,,4,Africa/Porto-Novo,FALSE,1204816283
Bani Zoumbou,Bani Zoumbou,,11.0813,3.6722,Benin,BJ,BEN,Atacora,Atacora,BJ-AK,department,,28.4,,,4,Africa/Porto-Novo,FALSE,1204135186
Maga,Maga,,10.5976,0.9623,Benin,BJ,BEN,Atacora,Atacora,BJ-AK,department,,90.9,,,4,Africa/Porto-Novo,FALSE,1204982645
Maga,Maga,,10.8774,1.1208,Benin,BJ,BEN,Atacora,Atacora,BJ-AK,department,,80.6,,,4,Africa/Porto-Novo,TRUE,1204154728
Baningli,Baningli,,9.4167,1.7500,Benin,BJ,BEN,Donga,Donga,BJ-DO,department,,35.9,,,4,Africa/Porto-Novo,FALSE,1204209894
Konia,Konia,,11.6460,3.3254,Benin,BJ,BEN,Atacora,Atacora,BJ-AK,department,,70.0,,,4,Africa/Porto-Novo,FALSE,1204068797
Kédékou,Kedekou,Kébérou,10.6706,1.8866,Benin,BJ,BEN,Atacora,Atacora,BJ-AK,department,,42.2,,,4,Africa/Porto-Novo,FALSE,1204662439
Assaradè,Assarade,Assara,9.6749,1.3708,Benin,BJ,BEN,Donga,Donga,BJ-DO,department,,165.6,,,4,Africa/Porto-Novo,FALSE,1204318913
Boni-Korokou,Boni-Korokou,,9.4963,1.8773,Benin,BJ,BEN,Donga,Donga,BJ-DO,department,,81.0,,,4,Africa/Porto-Novo,FALSE,1204916129
Ataki,Ataki,,11.2965,2.9721,Benin,BJ,BEN,Alibori,Alibori,BJ-AL,department,,75.1,,,4,Africa/Porto-Novo,FALSE,1204601333
Touvou,Touvou,,7.0000,1.7167,Benin,BJ,BEN,Couffo,Couffo,BJ-KO,department,,224.6,,,3,Africa/Porto-Novo,FALSE,1204636782
Gbessé,Gbesse,Gbassé|Béssé|Gbassa,10.9857,3.2809,Benin,BJ,BEN,Alibori,Alibori,BJ-AL,department,,28.4,,,4,Africa/Porto-Novo,FALSE,1204694873
Gbéssé,Gbesse,Bessé,10.8867,3.5527,Benin,BJ,BEN,Alibori,Alibori,BJ-AL,department,,28.4,,,4,Africa/Porto-Novo,TRUE,1204573720
Aghozongo,Aghozongo,,7.8000,1.8500,Benin,BJ,BEN,Collines,Collines,BJ-CO,department,,66.2,,,4,Africa/Porto-Novo,FALSE,1204749872
Wé Wé,We We,,9.3846,2.1103,Benin,BJ,BEN,Donga,Donga,BJ-DO,department,,80.9,,,4,Africa/Porto-Novo,FALSE,1204307587
Tébuarou,Tebuarou,,10.8478,0.9873,Benin,BJ,BEN,Atacora,Atacora,BJ-AK,department,,80.6,,,4,Africa/Porto-Novo,FALSE,1204848227
Zinkamè,Zinkame,,7.3021,1.9469,Benin,BJ,BEN,Zou,Zou,BJ-ZO,department,,73.8,,,4,Africa/Porto-Novo,FALSE,1204298711
Gourou Wongouré,Gourou Wongoure,,11.1662,2.8140,Benin,BJ,BEN,Alibori,Alibori,BJ-AL,department,,75.1,,,4,Africa/Porto-Novo,FALSE,1204884226
Kantanga,Kantanga,,10.4832,1.2918,Benin,BJ,BEN,Atacora,Atacora,BJ-AK,department,,121.2,,,4,Africa/Porto-Novo,FALSE,1204794396
Bonipotoko,Bonipotoko,,10.8027,2.0961,Benin,BJ,BEN,Atacora,Atacora,BJ-AK,department,,34.8,,,4,Africa/Porto-Novo,FALSE,1204742165
Aïwadè,Aiwade,,9.5760,1.4933,Benin,BJ,BEN,Donga,Donga,BJ-DO,department,,169.2,,,4,Africa/Porto-Novo,FALSE,1204193701
Sokoubou,Sokoubou,,9.8195,3.2334,Benin,BJ,BEN,Borgou,Borgou,BJ-BO,department,,60.0,,,4,Africa/Porto-Novo,FALSE,1204864715
Bionoma,Bionoma,,10.6007,3.8119,Benin,BJ,BEN,Borgou,Borgou,BJ-BO,department,,66.1,,,4,Africa/Porto-Novo,FALSE,1204715464
Samérinéga,Samerinega,,9.2467,3.1422,Benin,BJ,BEN,Borgou,Borgou,BJ-BO,department,,29.6,,,4,Africa/Lagos,FALSE,1204425249
Léro,Lero,,8.3067,1.8254,Benin,BJ,BEN,Collines,Collines,BJ-CO,department,,47.8,,,4,Africa/Porto-Novo,FALSE,1204585107
Yékahou,Yekahou,,10.6599,0.9819,Benin,BJ,BEN,Atacora,Atacora,BJ-AK,department,,80.6,,,4,Africa/Porto-Novo,FALSE,1204828005
Bouhihakao,Bouhihakao,,9.0046,2.5286,Benin,BJ,BEN,Borgou,Borgou,BJ-BO,department,,48.5,,,4,Africa/Porto-Novo,FALSE,1204484700
Locohoui,Locohoui,,6.6167,1.8333,Benin,BJ,BEN,Mono,Mono,BJ-MO,department,,445.8,,,3,Africa/Porto-Novo,FALSE,1204879916
Agbatou,Agbatou,,7.8167,1.7000,Benin,BJ,BEN,Collines,Collines,BJ-CO,department,,66.2,,,4,Africa/Porto-Novo,FALSE,1204397606
Oudarou,Oudarou,,9.2596,2.5915,Benin,BJ,BEN,Borgou,Borgou,BJ-BO,department,,737.1,,,3,Africa/Porto-Novo,FALSE,1204999156
Tanka,Tanka,,9.7114,2.4117,Benin,BJ,BEN,Borgou,Borgou,BJ-BO,department,,40.5,,,4,Africa/Porto-Novo,FALSE,1204887428
Agondo,Agondo,,6.6000,2.5667,Benin,BJ,BEN,Ouémé,Oueme,BJ-OU,department,,1874.7,,,3,Africa/Porto-Novo,FALSE,1204303034
Adjagbo,Adjagbo,,6.5169,2.3427,Benin,BJ,BEN,Atlantique,Atlantique,BJ-AQ,department,,2120.5,,,2,Africa/Porto-Novo,FALSE,1204203370
Tindé,Tinde,,9.4779,3.1245,Benin,BJ,BEN,Borgou,Borgou,BJ-BO,department,,54.3,,,4,Africa/Porto-Novo,FALSE,1204513098
Sébé,Sebe,,9.8354,2.6100,Benin,BJ,BEN,Borgou,Borgou,BJ-BO,department,,40.5,,,4,Africa/Porto-Novo,FALSE,1204130532
Hodja,Hodja,,7.1481,1.9595,Benin,BJ,BEN,Zou,Zou,BJ-ZO,department,,674.7,,,3,Africa/Porto-Novo,FALSE,1204813433
Gogayémia,Gogayemia,,11.0019,2.9163,Benin,BJ,BEN,Alibori,Alibori,BJ-AL,department,,59.6,,,4,Africa/Porto-Novo,FALSE,1204009717
Zadan,Zadan,,7.3167,1.7667,Benin,BJ,BEN,Zou,Zou,BJ-ZO,department,,73.8,,,4,Africa/Porto-Novo,FALSE,1204339062
Kpassabia,Kpassabia,,9.9500,1.6167,Benin,BJ,BEN,Atacora,Atacora,BJ-AK,department,,99.5,,,4,Africa/Porto-Novo,FALSE,1204901089
Sobabingbérou,Sobabingberou,Sobabinkbérou,10.0394,3.1857,Benin,BJ,BEN,Borgou,Borgou,BJ-BO,department,,60.0,,,4,Africa/Porto-Novo,FALSE,1204891255
Koumpené,Koumpene,,9.5211,1.5073,Benin,BJ,BEN,Donga,Donga,BJ-DO,department,,169.2,,,4,Africa/Porto-Novo,FALSE,1204374405
Tioka,Tioka,,11.3579,3.0320,Benin,BJ,BEN,Atacora,Atacora,BJ-AK,department,,75.1,,,4,Africa/Porto-Novo,FALSE,1204791493
Bane,Bane,,11.3307,2.4937,Benin,BJ,BEN,Alibori,Alibori,BJ-AL,department,,76.1,,,4,Africa/Porto-Novo,FALSE,1204854341
Wamolrha,Wamolrha,Wamoréga,9.8418,1.7503,Benin,BJ,BEN,Donga,Donga,BJ-DO,department,,81.0,,,4,Africa/Porto-Novo,FALSE,1204941704
Tokamé,Tokame,,7.0608,1.8356,Benin,BJ,BEN,Couffo,Couffo,BJ-KO,department,,369.6,,,3,Africa/Porto-Novo,FALSE,1204693652
Yéré,Yere,,11.0850,2.9164,Benin,BJ,BEN,Alibori,Alibori,BJ-AL,department,,75.1,,,4,Africa/Porto-Novo,FALSE,1204360444
Koumasso,Koumasso,,10.2069,2.4997,Benin,BJ,BEN,Borgou,Borgou,BJ-BO,department,,48.1,,,4,Africa/Porto-Novo,FALSE,1204582603
Sahoué Zougbonou,Sahoue Zougbonou,,6.5581,1.8167,Benin,BJ,BEN,Mono,Mono,BJ-MO,department,,445.8,,,3,Africa/Porto-Novo,FALSE,1204882609
Oui,Oui,,7.1333,1.6667,Benin,BJ,BEN,Couffo,Couffo,BJ-KO,department,,224.6,,,3,Africa/Porto-Novo,FALSE,1204112408
Emayou,Emayou,,7.4000,1.9500,Benin,BJ,BEN,Zou,Zou,BJ-ZO,department,,73.8,,,4,Africa/Porto-Novo,FALSE,1204000008
Bourerou,Bourerou,,9.8786,3.0984,Benin,BJ,BEN,Borgou,Borgou,BJ-BO,department,,60.0,,,4,Africa/Porto-Novo,FALSE,1204732910
Kérarou,Kerarou,,8.8590,2.6373,Benin,BJ,BEN,Borgou,Borgou,BJ-BO,department,,48.5,,,4,Africa/Porto-Novo,FALSE,1204464775
Baoussigando,Baoussigando,,9.8880,3.1597,Benin,BJ,BEN,Borgou,Borgou,BJ-BO,department,,60.0,,,4,Africa/Porto-Novo,FALSE,1204921475
Kakeudoni,Kakeudoni,Kakandoni,9.5063,1.6281,Benin,BJ,BEN,Donga,Donga,BJ-DO,department,,81.0,,,4,Africa/Porto-Novo,FALSE,1204975112
Kouga,Kouga,,10.1203,1.3650,Benin,BJ,BEN,Atacora,Atacora,BJ-AK,department,,90.9,,,4,Africa/Porto-Novo,FALSE,1204393681
Sanagou,Sanagou,,10.3900,0.7828,Benin,BJ,BEN,Atacora,Atacora,BJ-AK,department,,90.7,,,4,Africa/Porto-Novo,FALSE,1204851222
Tounré,Tounre,,9.4827,2.5754,Benin,BJ,BEN,Borgou,Borgou,BJ-BO,department,,40.5,,,4,Africa/Porto-Novo,FALSE,1204999066
Fakouètifé,Fakouetife,Fokouatéfé,10.2433,1.4854,Benin,BJ,BEN,Atacora,Atacora,BJ-AK,department,,90.9,,,4,Africa/Porto-Novo,FALSE,1204372841
Bagazi,Bagazi,Bagassi,10.3230,3.3298,Benin,BJ,BEN,Borgou,Borgou,BJ-BO,department,,66.1,,,4,Africa/Porto-Novo,FALSE,1204751485
Mborko,Mborko,Borko,9.1833,1.7500,Benin,BJ,BEN,Donga,Donga,BJ-DO,department,,35.9,,,4,Africa/Porto-Novo,FALSE,1204900666
Nantiango,Nantiango,,10.3315,0.9708,Benin,BJ,BEN,Atacora,Atacora,BJ-AK,department,,84.2,,,4,Africa/Porto-Novo,FALSE,1204145293
Banigbé,Banigbe,Banibe,6.6333,2.7000,Benin,BJ,BEN,Plateau,Plateau,BJ-PL,department,,798.3,,,3,Africa/Porto-Novo,FALSE,1204697172
Takonta,Takonta,Takouenta,10.0629,1.3899,Benin,BJ,BEN,Atacora,Atacora,BJ-AK,department,,88.5,,,4,Africa/Porto-Novo,FALSE,1204532975
Akpéto,Akpeto,,7.0873,1.9840,Benin,BJ,BEN,Zou,Zou,BJ-ZO,department,,434.1,,,3,Africa/Porto-Novo,FALSE,1204337784
Tandji,Tandji,,7.3167,1.7833,Benin,BJ,BEN,Zou,Zou,BJ-ZO,department,,73.8,,,4,Africa/Porto-Novo,FALSE,1204982679
Diésson,Diesson,,11.2275,2.8678,Benin,BJ,BEN,Alibori,Alibori,BJ-AL,department,,75.1,,,4,Africa/Porto-Novo,FALSE,1204260177
Koukouogou,Koukouogou,,10.2375,1.1948,Benin,BJ,BEN,Atacora,Atacora,BJ-AK,department,,84.2,,,4,Africa/Porto-Novo,FALSE,1204500965
Koutiékongou,Koutiekongou,,10.5617,1.2127,Benin,BJ,BEN,Atacora,Atacora,BJ-AK,department,,16.8,,,4,Africa/Porto-Novo,FALSE,1204712102
Diboiri,Diboiri,,10.5404,1.0330,Benin,BJ,BEN,Atacora,Atacora,BJ-AK,department,,90.9,,,4,Africa/Porto-Novo,FALSE,1204987011
Bérékossou,Berekossou,,10.6965,2.0760,Benin,BJ,BEN,Atacora,Atacora,BJ-AK,department,,34.8,,,4,Africa/Porto-Novo,FALSE,1204182451
Bankoto,Bankoto,Bokoto,11.3585,2.4965,Benin,BJ,BEN,Alibori,Alibori,BJ-AL,department,,76.1,,,4,Africa/Porto-Novo,FALSE,1204738908
Carnotville,Carnotville,Carnoville,8.8000,2.3167,Benin,BJ,BEN,Borgou,Borgou,BJ-BO,department,,48.5,,,4,Africa/Porto-Novo,FALSE,1204103468
Angaradéourou,Angaradeourou,,10.2919,2.3301,Benin,BJ,BEN,Borgou,Borgou,BJ-BO,department,,54.4,,,4,Africa/Porto-Novo,FALSE,1204384315
Gnito,Gnito,,6.4599,1.7961,Benin,BJ,BEN,Mono,Mono,BJ-MO,department,,419.8,,,3,Africa/Porto-Novo,FALSE,1204430344
Sakonou,Sakonou,,10.7659,1.0147,Benin,BJ,BEN,Atacora,Atacora,BJ-AK,department,,80.6,,,4,Africa/Porto-Novo,FALSE,1204588886
Nalou,Nalou,,9.9314,2.8964,Benin,BJ,BEN,Borgou,Borgou,BJ-BO,department,,60.0,,,4,Africa/Porto-Novo,FALSE,1204886475
Atokou,Atokou,Atakou,8.3000,1.9000,Benin,BJ,BEN,Collines,Collines,BJ-CO,department,,47.8,,,4,Africa/Porto-Novo,FALSE,1204086078
Dikoin,Dikoin,,10.2929,1.2925,Benin,BJ,BEN,Atacora,Atacora,BJ-AK,department,,90.9,,,4,Africa/Porto-Novo,FALSE,1204690244
Yakpabé,Yakpabe,,9.0893,2.5853,Benin,BJ,BEN,Borgou,Borgou,BJ-BO,department,,48.5,,,4,Africa/Porto-Novo,FALSE,1204643590
Azokangoudo,Azokangoudo,,8.0149,1.9131,Benin,BJ,BEN,Collines,Collines,BJ-CO,department,,66.2,,,4,Africa/Porto-Novo,FALSE,1204934582
Laniangou,Laniangou,,10.4201,0.8221,Benin,BJ,BEN,Atacora,Atacora,BJ-AK,department,,90.9,,,4,Africa/Porto-Novo,FALSE,1204572335
Daboka,Daboka,,10.7147,1.0103,Benin,BJ,BEN,Atacora,Atacora,BJ-AK,department,,80.6,,,4,Africa/Porto-Novo,FALSE,1204868320
Bourassérou,Bourasserou,,10.1611,2.0409,Benin,BJ,BEN,Atacora,Atacora,BJ-AK,department,,46.7,,,4,Africa/Porto-Novo,FALSE,1204327166
Sékobounkpérou,Sekobounkperou,,9.6727,3.2619,Benin,BJ,BEN,Borgou,Borgou,BJ-BO,department,,60.0,,,4,Africa/Porto-Novo,FALSE,1204094889
Kiga,Kiga,,10.1705,2.1455,Benin,BJ,BEN,Atacora,Atacora,BJ-AK,department,,46.7,,,4,Africa/Porto-Novo,FALSE,1204259398
Kososa,Kososa,,7.3499,1.7769,Benin,BJ,BEN,Zou,Zou,BJ-ZO,department,,73.8,,,4,Africa/Porto-Novo,FALSE,1204645560
Obrabo,Obrabo,,9.5141,2.7312,Benin,BJ,BEN,Borgou,Borgou,BJ-BO,department,,40.5,,,4,Africa/Porto-Novo,FALSE,1204420162
Nangatiouri,Nangatiouri,Nangatchori,9.6456,1.7228,Benin,BJ,BEN,Donga,Donga,BJ-DO,department,,81.0,,,4,Africa/Porto-Novo,FALSE,1204330659
Yougourokparou,Yougourokparou,,10.2862,3.3848,Benin,BJ,BEN,Borgou,Borgou,BJ-BO,department,,66.1,,,4,Africa/Porto-Novo,FALSE,1204626584
Tomi,Tomi,,9.7986,1.4736,Benin,BJ,BEN,Donga,Donga,BJ-DO,department,,99.5,,,4,Africa/Porto-Novo,FALSE,1204895274
Kakaténé,Kakatene,Kakatané,10.1346,3.2434,Benin,BJ,BEN,Borgou,Borgou,BJ-BO,department,,63.6,,,4,Africa/Porto-Novo,FALSE,1204709945
Drouon Gourou,Drouon Gourou,,9.7515,2.3927,Benin,BJ,BEN,Borgou,Borgou,BJ-BO,department,,40.5,,,4,Africa/Porto-Novo,FALSE,1204776977
Monsalé,Monsale,,10.4195,0.8495,Benin,BJ,BEN,Atacora,Atacora,BJ-AK,department,,90.9,,,4,Africa/Porto-Novo,FALSE,1204871837
Tora,Tora,,9.3627,2.5766,Benin,BJ,BEN,Borgou,Borgou,BJ-BO,department,,757.7,,,3,Africa/Porto-Novo,FALSE,1204730214
Okouta-Boussa,Okouta-Boussa,,8.7167,1.7000,Benin,BJ,BEN,Donga,Donga,BJ-DO,department,,35.9,,,4,Africa/Porto-Novo,FALSE,1204614668
Alafia,Alafia,Halafia,8.2031,2.6302,Benin,BJ,BEN,Collines,Collines,BJ-CO,department,,43.9,,,4,Africa/Porto-Novo,FALSE,1204698565
Béria,Beria,,10.3725,1.9394,Benin,BJ,BEN,Atacora,Atacora,BJ-AK,department,,46.7,,,4,Africa/Porto-Novo,FALSE,1204233101
Djakpengou,Djakpengou,Diapengou,9.7931,1.6758,Benin,BJ,BEN,Donga,Donga,BJ-DO,department,,81.0,,,4,Africa/Porto-Novo,FALSE,1204617612
Djenkème,Djenkeme,,9.4633,1.4256,Benin,BJ,BEN,Donga,Donga,BJ-DO,department,,169.2,,,4,Africa/Porto-Novo,FALSE,1204769415
Niambara,Niambara,,11.1214,3.3820,Benin,BJ,BEN,Atacora,Atacora,BJ-AK,department,,28.4,,,4,Africa/Porto-Novo,FALSE,1204245300
Tokamé-Kpodji,Tokame-Kpodji,,7.0500,1.8333,Benin,BJ,BEN,Couffo,Couffo,BJ-KO,department,,369.6,,,3,Africa/Porto-Novo,FALSE,1204090890
Chalagoye,Chalagoye,,8.4033,2.5862,Benin,BJ,BEN,Collines,Collines,BJ-CO,department,,58.6,,,4,Africa/Porto-Novo,FALSE,1204831884
Corossa,Corossa,,6.7667,2.6167,Benin,BJ,BEN,Plateau,Plateau,BJ-PL,department,,350.7,,,3,Africa/Porto-Novo,FALSE,1204260203
Tobougué,Tobougue,,10.4312,0.8168,Benin,BJ,BEN,Atacora,Atacora,BJ-AK,department,,90.9,,,4,Africa/Porto-Novo,FALSE,1204593653
Ouessa,Ouessa,Ouassa,6.5167,1.9833,Benin,BJ,BEN,Mono,Mono,BJ-MO,department,,298.3,,,3,Africa/Porto-Novo,FALSE,1204646448
Zoundja,Zoundja,,6.5012,2.3082,Benin,BJ,BEN,Atlantique,Atlantique,BJ-AQ,department,,2120.5,,,2,Africa/Porto-Novo,FALSE,1204809929
Wédémé,Wedeme,,8.0152,2.1657,Benin,BJ,BEN,Collines,Collines,BJ-CO,department,,86.1,,,4,Africa/Porto-Novo,FALSE,1204659929
Pogou,Pogou,,11.3538,2.4671,Benin,BJ,BEN,Alibori,Alibori,BJ-AL,department,,76.1,,,4,Africa/Porto-Novo,FALSE,1204333104
Pogou,Pogou,,11.2247,2.2359,Benin,BJ,BEN,Alibori,Alibori,BJ-AL,department,,76.1,,,4,Africa/Porto-Novo,TRUE,1204584006
Pogou,Pogou,,11.2749,2.2836,Benin,BJ,BEN,Alibori,Alibori,BJ-AL,department,,76.1,,,4,Africa/Porto-Novo,TRUE,1204036628
Tiassi,Tiassi,,9.6597,1.4440,Benin,BJ,BEN,Donga,Donga,BJ-DO,department,,169.2,,,4,Africa/Porto-Novo,FALSE,1204713995
Saïbo Naguéné,Saibo Naguene,,10.7722,3.5823,Benin,BJ,BEN,Alibori,Alibori,BJ-AL,department,,28.4,,,4,Africa/Porto-Novo,FALSE,1204080572
Péroubouko,Peroubouko,,9.5572,3.0511,Benin,BJ,BEN,Borgou,Borgou,BJ-BO,department,,54.3,,,4,Africa/Porto-Novo,FALSE,1204559889
Danri,Danri,Danré,10.4269,1.6724,Benin,BJ,BEN,Atacora,Atacora,BJ-AK,department,,42.2,,,4,Africa/Porto-Novo,FALSE,1204721627
Batadji,Batadji,,7.4702,1.6598,Benin,BJ,BEN,Couffo,Couffo,BJ-KO,department,,224.6,,,3,Africa/Porto-Novo,FALSE,1204154879
Gbinérou,Gbinerou,,9.7053,3.0101,Benin,BJ,BEN,Borgou,Borgou,BJ-BO,department,,54.3,,,4,Africa/Porto-Novo,FALSE,1204853404
Sadatchi,Sadatchi,,7.0333,1.6500,Benin,BJ,BEN,Couffo,Couffo,BJ-KO,department,,224.6,,,3,Africa/Porto-Novo,FALSE,1204216649
Tian,Tian,,9.4167,2.5667,Benin,BJ,BEN,Borgou,Borgou,BJ-BO,department,,757.7,,,3,Africa/Porto-Novo,FALSE,1204336824
Sori,Sori,,9.6732,2.8997,Benin,BJ,BEN,Borgou,Borgou,BJ-BO,department,,54.3,,,4,Africa/Porto-Novo,FALSE,1204981760
Ario,Ario,,9.8571,2.9945,Benin,BJ,BEN,Borgou,Borgou,BJ-BO,department,,54.3,,,4,Africa/Porto-Novo,FALSE,1204487356
Ourokoiro,Ourokoiro,,10.3723,0.9845,Benin,BJ,BEN,Atacora,Atacora,BJ-AK,department,,84.8,,,4,Africa/Porto-Novo,FALSE,1204466506
Bangoun,Bangoun,,11.6333,3.1755,Benin,BJ,BEN,Atacora,Atacora,BJ-AK,department,,70.0,,,4,Africa/Porto-Novo,FALSE,1204374291
Batathoué,Batathoue,,6.9667,1.8333,Benin,BJ,BEN,Couffo,Couffo,BJ-KO,department,,369.6,,,3,Africa/Porto-Novo,FALSE,1204159755
Wangouhoun,Wangouhoun,,10.9115,0.9841,Benin,BJ,BEN,Atacora,Atacora,BJ-AK,department,,80.6,,,4,Africa/Porto-Novo,FALSE,1204153278
Sakaro,Sakaro,,10.1123,2.3747,Benin,BJ,BEN,Borgou,Borgou,BJ-BO,department,,54.4,,,4,Africa/Porto-Novo,FALSE,1204036955
Agonhohoun,Agonhohoun,,7.3212,1.8808,Benin,BJ,BEN,Zou,Zou,BJ-ZO,department,,73.8,,,4,Africa/Porto-Novo,FALSE,1204297848
Samokonarou,Samokonarou,,10.2655,2.8298,Benin,BJ,BEN,Borgou,Borgou,BJ-BO,department,,48.1,,,4,Africa/Porto-Novo,FALSE,1204000493
Ouroukouarébo,Ouroukouarebo,Ouroukouarbou,10.3169,1.4274,Benin,BJ,BEN,Atacora,Atacora,BJ-AK,department,,90.9,,,4,Africa/Porto-Novo,FALSE,1204459904
Dalrakparou-Satieukeu,Dalrakparou-Satieukeu,,9.9354,1.7232,Benin,BJ,BEN,Donga,Donga,BJ-DO,department,,99.5,,,4,Africa/Porto-Novo,FALSE,1204845078
Gbetito,Gbetito,,7.0182,1.7414,Benin,BJ,BEN,Couffo,Couffo,BJ-KO,department,,345.6,,,3,Africa/Porto-Novo,FALSE,1204547498
Arodoro,Arodoro,,10.2260,3.3058,Benin,BJ,BEN,Borgou,Borgou,BJ-BO,department,,66.1,,,4,Africa/Porto-Novo,FALSE,1204898751
Bola,Bola,,11.5442,3.0774,Benin,BJ,BEN,Atacora,Atacora,BJ-AK,department,,70.9,,,4,Africa/Porto-Novo,FALSE,1204222594
Sélikiti,Selikiti,,10.6222,3.8214,Benin,BJ,BEN,Borgou,Borgou,BJ-BO,department,,66.1,,,4,Africa/Porto-Novo,FALSE,1204844270
Boko,Boko,,9.4915,2.6165,Benin,BJ,BEN,Borgou,Borgou,BJ-BO,department,,40.5,,,4,Africa/Porto-Novo,FALSE,1204868299
Sinassénou,Sinassenou,,10.6800,2.7483,Benin,BJ,BEN,Alibori,Alibori,BJ-AL,department,,30.1,,,4,Africa/Porto-Novo,FALSE,1204407625
Pénéssoulou,Penessoulou,Penesulu|Pémessoulou|Penesolu|Pénésoulou,9.2500,1.5500,Benin,BJ,BEN,Donga,Donga,BJ-DO,department,,35.9,,,4,Africa/Porto-Novo,FALSE,1204168996
Foki,Foki,,7.3874,1.9157,Benin,BJ,BEN,Zou,Zou,BJ-ZO,department,,73.8,,,4,Africa/Porto-Novo,FALSE,1204469090
Fidougou,Fidougou,,11.3779,2.5420,Benin,BJ,BEN,Alibori,Alibori,BJ-AL,department,,76.1,,,4,Africa/Porto-Novo,FALSE,1204885816
Kilaborou,Kilaborou,,10.1013,2.7459,Benin,BJ,BEN,Borgou,Borgou,BJ-BO,department,,48.1,,,4,Africa/Porto-Novo,FALSE,1204351675
Goni,Goni,,10.2552,2.0480,Benin,BJ,BEN,Atacora,Atacora,BJ-AK,department,,46.7,,,4,Africa/Porto-Novo,FALSE,1204504590
Osubi,Osubi,,7.1346,2.7673,Benin,BJ,BEN,Plateau,Plateau,BJ-PL,department,,363.1,,,3,Africa/Porto-Novo,FALSE,1204000013
Karlroum-Malérhou,Karlroum-Malerhou,Marloum Maléro,9.8167,1.4500,Benin,BJ,BEN,Donga,Donga,BJ-DO,department,,99.5,,,4,Africa/Porto-Novo,FALSE,1204576809
Takourté,Takourte,,10.1857,1.3741,Benin,BJ,BEN,Atacora,Atacora,BJ-AK,department,,90.9,,,4,Africa/Porto-Novo,FALSE,1204105522
Marekpo,Marekpo,,10.8963,1.9892,Benin,BJ,BEN,Atacora,Atacora,BJ-AK,department,,34.8,,,4,Africa/Porto-Novo,FALSE,1204461350
Alfa Kwara,Alfa Kwara,Chéfou|Alfakouara|Chefu|Chefo,11.4441,3.0801,Benin,BJ,BEN,Atacora,Atacora,BJ-AK,department,,75.1,,,4,Africa/Porto-Novo,FALSE,1204475181
Djaho,Djaho,,7.2090,1.9014,Benin,BJ,BEN,Zou,Zou,BJ-ZO,department,,73.8,,,4,Africa/Porto-Novo,FALSE,1204072537
Dabonkou,Dabonkou,,9.9582,1.5881,Benin,BJ,BEN,Atacora,Atacora,BJ-AK,department,,99.5,,,4,Africa/Porto-Novo,FALSE,1204914127
Fana,Fana,,10.7548,2.9153,Benin,BJ,BEN,Alibori,Alibori,BJ-AL,department,,30.1,,,4,Africa/Porto-Novo,FALSE,1204556235
Yabossissinou,Yabossissinou,,11.3434,2.6004,Benin,BJ,BEN,Alibori,Alibori,BJ-AL,department,,76.1,,,4,Africa/Porto-Novo,FALSE,1204400064
Gamia,Gamia,,10.3987,2.7315,Benin,BJ,BEN,Borgou,Borgou,BJ-BO,department,,48.1,,,4,Africa/Porto-Novo,FALSE,1204641612
Kankalo,Kankalo,,9.5291,1.5247,Benin,BJ,BEN,Donga,Donga,BJ-DO,department,,124.0,,,4,Africa/Porto-Novo,FALSE,1204262100
Sohoué-Dovoté,Sohoue-Dovote,,7.1051,1.9512,Benin,BJ,BEN,Zou,Zou,BJ-ZO,department,,434.1,,,3,Africa/Porto-Novo,FALSE,1204424860
Soumarou Gando,Soumarou Gando,,9.8909,3.1195,Benin,BJ,BEN,Borgou,Borgou,BJ-BO,department,,60.0,,,4,Africa/Porto-Novo,FALSE,1204155441
Nouanouarga,Nouanouarga,,10.4977,1.3318,Benin,BJ,BEN,Atacora,Atacora,BJ-AK,department,,121.2,,,4,Africa/Porto-Novo,FALSE,1204376187
Karatialrho,Karatialrho,,9.5665,1.4994,Benin,BJ,BEN,Donga,Donga,BJ-DO,department,,169.2,,,4,Africa/Porto-Novo,FALSE,1204351045
Fooptèlrha,Fooptelrha,,9.9500,1.4667,Benin,BJ,BEN,Donga,Donga,BJ-DO,department,,99.5,,,4,Africa/Porto-Novo,FALSE,1204856385
Alafiakrou,Alafiakrou,Alafiarou,10.2832,1.9273,Benin,BJ,BEN,Atacora,Atacora,BJ-AK,department,,46.7,,,4,Africa/Porto-Novo,FALSE,1204281749
Palara,Palara,,9.8016,1.5485,Benin,BJ,BEN,Donga,Donga,BJ-DO,department,,99.5,,,4,Africa/Porto-Novo,FALSE,1204795577
Noudovagon,Noudovagon,,7.5167,1.8500,Benin,BJ,BEN,Zou,Zou,BJ-ZO,department,,73.8,,,4,Africa/Porto-Novo,FALSE,1204945208
Kankiakou,Kankiakou,,10.0266,1.4554,Benin,BJ,BEN,Atacora,Atacora,BJ-AK,department,,42.2,,,4,Africa/Porto-Novo,FALSE,1204422624
Waga,Waga,,9.5145,1.5588,Benin,BJ,BEN,Donga,Donga,BJ-DO,department,,81.0,,,4,Africa/Porto-Novo,FALSE,1204701215
Tassénégourou,Tassenegourou,,9.9841,2.8587,Benin,BJ,BEN,Borgou,Borgou,BJ-BO,department,,51.4,,,4,Africa/Porto-Novo,FALSE,1204118836
Katoulanga,Katoulanga,,9.4554,1.5814,Benin,BJ,BEN,Donga,Donga,BJ-DO,department,,81.0,,,4,Africa/Porto-Novo,FALSE,1204025961
Massangari,Massangari,,11.3515,3.2942,Benin,BJ,BEN,Atacora,Atacora,BJ-AK,department,,70.0,,,4,Africa/Porto-Novo,FALSE,1204937697
Yalou,Yalou,,9.5017,1.5209,Benin,BJ,BEN,Donga,Donga,BJ-DO,department,,147.3,,,4,Africa/Porto-Novo,FALSE,1204550910
Paoulakpa,Paoulakpa,,7.2667,1.9000,Benin,BJ,BEN,Zou,Zou,BJ-ZO,department,,73.8,,,4,Africa/Porto-Novo,FALSE,1204022250
Atobokpou,Atobokpou,,6.9833,1.7000,Benin,BJ,BEN,Couffo,Couffo,BJ-KO,department,,224.6,,,3,Africa/Porto-Novo,FALSE,1204357693
Bodom,Bodom,Ponndon,9.6306,1.4622,Benin,BJ,BEN,Donga,Donga,BJ-DO,department,,169.2,,,4,Africa/Porto-Novo,FALSE,1204308124
Korhou,Korhou,,10.5996,0.8400,Benin,BJ,BEN,Atacora,Atacora,BJ-AK,department,,90.9,,,4,Africa/Porto-Novo,FALSE,1204587882
Kokontouga,Kokontouga,,10.5374,0.8819,Benin,BJ,BEN,Atacora,Atacora,BJ-AK,department,,90.9,,,4,Africa/Porto-Novo,FALSE,1204113001
Oungblazo,Oungblazo,,7.1000,1.9333,Benin,BJ,BEN,Zou,Zou,BJ-ZO,department,,434.1,,,3,Africa/Porto-Novo,FALSE,1204840721
Koumérou,Koumerou,,9.3167,2.5833,Benin,BJ,BEN,Borgou,Borgou,BJ-BO,department,,757.7,,,3,Africa/Porto-Novo,FALSE,1204286207
Youé,Youe,,8.0320,2.5692,Benin,BJ,BEN,Collines,Collines,BJ-CO,department,,43.9,,,4,Africa/Porto-Novo,FALSE,1204991145
Biossossa,Biossossa,,9.7788,3.0941,Benin,BJ,BEN,Borgou,Borgou,BJ-BO,department,,54.3,,,4,Africa/Porto-Novo,FALSE,1204950401
Goutoungadoni,Goutoungadoni,,9.4500,1.5000,Benin,BJ,BEN,Donga,Donga,BJ-DO,department,,35.9,,,4,Africa/Porto-Novo,FALSE,1204726663
Kotowé,Kotowe,,12.1239,3.0005,Benin,BJ,BEN,Alibori,Alibori,BJ-AL,department,,15.5,,,4,Africa/Porto-Novo,FALSE,1204382272
Tandafa,Tandafa,,10.6919,1.6342,Benin,BJ,BEN,Atacora,Atacora,BJ-AK,department,,121.2,,,4,Africa/Porto-Novo,FALSE,1204199511
Koukouagou,Koukouagou,,10.2489,1.2660,Benin,BJ,BEN,Atacora,Atacora,BJ-AK,department,,90.9,,,4,Africa/Porto-Novo,FALSE,1204872681
Koukouagou,Koukouagou,,10.3551,1.0637,Benin,BJ,BEN,Atacora,Atacora,BJ-AK,department,,84.2,,,4,Africa/Porto-Novo,TRUE,1204959687
Kinkpandan,Kinkpandan,,7.1500,1.9167,Benin,BJ,BEN,Zou,Zou,BJ-ZO,department,,559.2,,,3,Africa/Porto-Novo,FALSE,1204274126
Kpatoro,Kpatoro,,10.0106,1.7774,Benin,BJ,BEN,Donga,Donga,BJ-DO,department,,81.0,,,4,Africa/Porto-Novo,FALSE,1204068594
Agohonhou,Agohonhou,,7.3333,1.8167,Benin,BJ,BEN,Zou,Zou,BJ-ZO,department,,73.8,,,4,Africa/Porto-Novo,FALSE,1204078338
Goumbékogou,Goumbekogou,,11.1095,2.7302,Benin,BJ,BEN,Alibori,Alibori,BJ-AL,department,,75.1,,,4,Africa/Porto-Novo,FALSE,1204471689
Gonoukoui,Gonoukoui,,7.4481,1.7842,Benin,BJ,BEN,Zou,Zou,BJ-ZO,department,,73.8,,,4,Africa/Porto-Novo,FALSE,1204441098
Niékéné,Niekene,,10.3048,1.6552,Benin,BJ,BEN,Atacora,Atacora,BJ-AK,department,,42.2,,,4,Africa/Porto-Novo,FALSE,1204071793
Hédéhoué,Hedehoue,,6.8333,1.6833,Benin,BJ,BEN,Couffo,Couffo,BJ-KO,department,,773.2,,,3,Africa/Porto-Novo,FALSE,1204001557
Gnonfihoué,Gnonfihoue,,6.9791,1.6872,Benin,BJ,BEN,Couffo,Couffo,BJ-KO,department,,224.6,,,3,Africa/Porto-Novo,FALSE,1204388129
Tiaéta,Tiaeta,,10.5713,1.2265,Benin,BJ,BEN,Atacora,Atacora,BJ-AK,department,,16.8,,,4,Africa/Porto-Novo,FALSE,1204358359
Sahé-Abigo,Sahe-Abigo,,7.0758,1.9476,Benin,BJ,BEN,Zou,Zou,BJ-ZO,department,,434.1,,,3,Africa/Porto-Novo,FALSE,1204114256
Tassoukouati,Tassoukouati,,10.4467,0.7835,Benin,BJ,BEN,Atacora,Atacora,BJ-AK,department,,90.9,,,4,Africa/Porto-Novo,FALSE,1204666007
Niandaté,Niandate,,10.3201,1.4617,Benin,BJ,BEN,Atacora,Atacora,BJ-AK,department,,90.9,,,4,Africa/Porto-Novo,FALSE,1204449917
Niirigou,Niirigou,,11.3432,2.5416,Benin,BJ,BEN,Alibori,Alibori,BJ-AL,department,,76.1,,,4,Africa/Porto-Novo,FALSE,1204056586
Kougbadji,Kougbadji,,7.3796,1.7629,Benin,BJ,BEN,Zou,Zou,BJ-ZO,department,,73.8,,,4,Africa/Porto-Novo,FALSE,1204685108
Kirao,Kirao,,10.2224,2.8797,Benin,BJ,BEN,Borgou,Borgou,BJ-BO,department,,48.1,,,4,Africa/Porto-Novo,FALSE,1204239958
Ladjou,Ladjou,,7.8333,1.7833,Benin,BJ,BEN,Collines,Collines,BJ-CO,department,,66.2,,,4,Africa/Porto-Novo,FALSE,1204878038
Tiankouéhoum,Tiankouehoum,,10.7754,0.9762,Benin,BJ,BEN,Atacora,Atacora,BJ-AK,department,,80.6,,,4,Africa/Porto-Novo,FALSE,1204927186
Kokobéga,Kokobega,,9.3319,2.8311,Benin,BJ,BEN,Borgou,Borgou,BJ-BO,department,,48.5,,,4,Africa/Porto-Novo,FALSE,1204930720
Moumoutioké,Moumoutioke,,8.1075,1.9663,Benin,BJ,BEN,Collines,Collines,BJ-CO,department,,47.8,,,4,Africa/Porto-Novo,FALSE,1204294034
Titongon,Titongon,,6.9333,1.7167,Benin,BJ,BEN,Couffo,Couffo,BJ-KO,department,,282.0,,,3,Africa/Porto-Novo,FALSE,1204865089
Okotoubou,Okotoubou,,9.7617,2.3326,Benin,BJ,BEN,Borgou,Borgou,BJ-BO,department,,40.5,,,4,Africa/Porto-Novo,FALSE,1204826127
Yarakéou,Yarakeou,Eratio|Yeratiao|Yerakyao,9.5404,1.5437,Benin,BJ,BEN,Donga,Donga,BJ-DO,department,,81.0,,,4,Africa/Porto-Novo,FALSE,1204121174
Touko,Touko,,11.0695,2.8318,Benin,BJ,BEN,Alibori,Alibori,BJ-AL,department,,75.1,,,4,Africa/Porto-Novo,FALSE,1204404349
Nienguéni,Niengueni,,11.4754,2.6678,Benin,BJ,BEN,Alibori,Alibori,BJ-AL,department,,76.1,,,4,Africa/Porto-Novo,FALSE,1204772615
Auduntini,Auduntini,Auduntun,6.9667,2.7167,Benin,BJ,BEN,Plateau,Plateau,BJ-PL,department,,227.4,,,3,Africa/Porto-Novo,FALSE,1204201163
Aboga,Aboga,Abogo,6.5436,2.5526,Benin,BJ,BEN,Ouémé,Oueme,BJ-OU,department,,836.6,,,3,Africa/Porto-Novo,FALSE,1204224315
Houin,Houin,,8.1322,2.2602,Benin,BJ,BEN,Collines,Collines,BJ-CO,department,,86.1,,,4,Africa/Porto-Novo,FALSE,1204688504
Kaouté,Kaoute,,9.4500,1.5333,Benin,BJ,BEN,Donga,Donga,BJ-DO,department,,50.7,,,4,Africa/Porto-Novo,FALSE,1204366867
Zoudji,Zoudji,,7.8724,1.8102,Benin,BJ,BEN,Collines,Collines,BJ-CO,department,,66.2,,,4,Africa/Porto-Novo,FALSE,1204888677
Fandara,Fandara,,12.4051,2.8278,Benin,BJ,BEN,Alibori,Alibori,BJ-AL,department,,15.5,,,4,Africa/Porto-Novo,FALSE,1204146477
Décamè,Decame,Dékamé,6.5627,1.9954,Benin,BJ,BEN,Atlantique,Atlantique,BJ-AQ,department,,288.1,,,3,Africa/Porto-Novo,FALSE,1204351211
Moundouro,Moundouro,,9.2833,2.6500,Benin,BJ,BEN,Borgou,Borgou,BJ-BO,department,,757.7,,,3,Africa/Porto-Novo,FALSE,1204559695
Moundouro,Moundouro,,9.5583,2.9868,Benin,BJ,BEN,Borgou,Borgou,BJ-BO,department,,54.3,,,4,Africa/Porto-Novo,TRUE,1204905552
Wavalrha,Wavalrha,,9.6404,1.7371,Benin,BJ,BEN,Donga,Donga,BJ-DO,department,,81.0,,,4,Africa/Porto-Novo,FALSE,1204252535
Doka,Doka,,11.7505,3.5277,Benin,BJ,BEN,Atacora,Atacora,BJ-AK,department,,70.0,,,4,Africa/Porto-Novo,FALSE,1204007676
Gbeme,Gbeme,,8.4944,2.4240,Benin,BJ,BEN,Collines,Collines,BJ-CO,department,,58.6,,,4,Africa/Porto-Novo,FALSE,1204765605
Okounfo,Okounfo,,8.3165,2.6260,Benin,BJ,BEN,Collines,Collines,BJ-CO,department,,43.9,,,4,Africa/Porto-Novo,FALSE,1204233167
Torozougou,Torozougou,,11.7669,3.1918,Benin,BJ,BEN,Atacora,Atacora,BJ-AK,department,,70.0,,,4,Africa/Porto-Novo,FALSE,1204709986
Koniérégou,Konieregou,,11.2490,2.3308,Benin,BJ,BEN,Alibori,Alibori,BJ-AL,department,,76.1,,,4,Africa/Porto-Novo,FALSE,1204047539
Kouyadaké,Kouyadake,,10.3492,0.9786,Benin,BJ,BEN,Atacora,Atacora,BJ-AK,department,,84.2,,,4,Africa/Porto-Novo,FALSE,1204585544
Wabou,Wabou,Ouabou,10.4833,1.4500,Benin,BJ,BEN,Atacora,Atacora,BJ-AK,department,,121.2,,,4,Africa/Porto-Novo,FALSE,1204085156
Dakou,Dakou,,10.5276,1.6935,Benin,BJ,BEN,Atacora,Atacora,BJ-AK,department,,42.2,,,4,Africa/Porto-Novo,FALSE,1204993859
Konfokpa,Konfokpa,,7.2833,1.7500,Benin,BJ,BEN,Couffo,Couffo,BJ-KO,department,,224.6,,,3,Africa/Porto-Novo,FALSE,1204709249
Yawi,Yawi,,8.4865,2.6119,Benin,BJ,BEN,Collines,Collines,BJ-CO,department,,58.6,,,4,Africa/Porto-Novo,FALSE,1204706414
Dakou,Dakou,,10.9816,3.7070,Benin,BJ,BEN,Alibori,Alibori,BJ-AL,department,,28.4,,,4,Africa/Porto-Novo,FALSE,1204264868
Bania Fari,Bania Fari,,11.8172,3.4316,Benin,BJ,BEN,Atacora,Atacora,BJ-AK,department,,70.0,,,4,Africa/Porto-Novo,FALSE,1204635028
Bamounin,Bamounin,,9.9128,2.3395,Benin,BJ,BEN,Borgou,Borgou,BJ-BO,department,,40.5,,,4,Africa/Porto-Novo,FALSE,1204742842
Bakounkparou,Bakounkparou,,9.4167,2.5833,Benin,BJ,BEN,Borgou,Borgou,BJ-BO,department,,757.7,,,3,Africa/Porto-Novo,FALSE,1204439605
Yakouenntchié,Yakouenntchie,,10.2990,1.0322,Benin,BJ,BEN,Atacora,Atacora,BJ-AK,department,,84.2,,,4,Africa/Porto-Novo,FALSE,1204479238
Konéhandri,Konehandri,,10.9294,0.9958,Benin,BJ,BEN,Atacora,Atacora,BJ-AK,department,,80.6,,,4,Africa/Porto-Novo,FALSE,1204929915
Ounbèkuido,Ounbekuido,,8.5044,2.4094,Benin,BJ,BEN,Collines,Collines,BJ-CO,department,,58.6,,,4,Africa/Porto-Novo,FALSE,1204659248
Ganikpérou,Ganikperou,Ganiperou,10.3249,1.6243,Benin,BJ,BEN,Atacora,Atacora,BJ-AK,department,,42.2,,,4,Africa/Porto-Novo,FALSE,1204539741
Ouroubérounga,Ourouberounga,,8.9272,2.6533,Benin,BJ,BEN,Borgou,Borgou,BJ-BO,department,,48.5,,,4,Africa/Porto-Novo,FALSE,1204984847
Anima,Anima,,10.0042,1.4008,Benin,BJ,BEN,Atacora,Atacora,BJ-AK,department,,99.5,,,4,Africa/Porto-Novo,FALSE,1204362904
Koutiéga,Koutiega,,10.6712,0.9835,Benin,BJ,BEN,Atacora,Atacora,BJ-AK,department,,80.6,,,4,Africa/Porto-Novo,FALSE,1204092233
Badjamé,Badjame,,7.1156,1.6654,Benin,BJ,BEN,Couffo,Couffo,BJ-KO,department,,224.6,,,3,Africa/Porto-Novo,FALSE,1204262425
Koungmolra,Koungmolra,,9.7880,1.5652,Benin,BJ,BEN,Donga,Donga,BJ-DO,department,,99.5,,,4,Africa/Porto-Novo,FALSE,1204748360
Manogayé,Manogaye,,10.8381,1.0520,Benin,BJ,BEN,Atacora,Atacora,BJ-AK,department,,80.6,,,4,Africa/Porto-Novo,FALSE,1204411074
Iyo,Iyo,,9.3667,1.5167,Benin,BJ,BEN,Donga,Donga,BJ-DO,department,,35.9,,,4,Africa/Porto-Novo,FALSE,1204869641
Gbassa,Gbassa,,11.0223,2.2583,Benin,BJ,BEN,Alibori,Alibori,BJ-AL,department,,76.1,,,4,Africa/Porto-Novo,FALSE,1204184300
Tiatiakou,Tiatiakou,,9.7381,1.4340,Benin,BJ,BEN,Donga,Donga,BJ-DO,department,,103.6,,,4,Africa/Porto-Novo,FALSE,1204703269
Idonanda,Idonanda,,11.2005,3.0344,Benin,BJ,BEN,Atacora,Atacora,BJ-AK,department,,75.1,,,4,Africa/Porto-Novo,FALSE,1204819942
Tchanga,Tchanga,,10.8969,1.0556,Benin,BJ,BEN,Atacora,Atacora,BJ-AK,department,,80.6,,,4,Africa/Porto-Novo,FALSE,1204066966
Yowaperoun,Yowaperoun,,9.9183,1.8053,Benin,BJ,BEN,Donga,Donga,BJ-DO,department,,81.0,,,4,Africa/Porto-Novo,FALSE,1204550802
Affon,Affon,,9.8962,1.8978,Benin,BJ,BEN,Donga,Donga,BJ-DO,department,,81.0,,,4,Africa/Porto-Novo,FALSE,1204551751
Affon,Affon,Afon,9.7489,2.0949,Benin,BJ,BEN,Donga,Donga,BJ-DO,department,,80.5,,,4,Africa/Porto-Novo,TRUE,1204344508
Oubou,Oubou,,9.1758,2.4560,Benin,BJ,BEN,Borgou,Borgou,BJ-BO,department,,48.5,,,4,Africa/Porto-Novo,FALSE,1204130788
Sansikagou,Sansikagou,,11.0958,2.7515,Benin,BJ,BEN,Alibori,Alibori,BJ-AL,department,,75.1,,,4,Africa/Porto-Novo,FALSE,1204016368
Tintémou,Tintemou,,11.2405,2.3427,Benin,BJ,BEN,Alibori,Alibori,BJ-AL,department,,76.1,,,4,Africa/Porto-Novo,FALSE,1204624057
Adiassagon,Adiassagon,,7.0032,1.9545,Benin,BJ,BEN,Couffo,Couffo,BJ-KO,department,,376.8,,,3,Africa/Porto-Novo,FALSE,1204535488
Iloni,Iloni,,10.2780,3.3913,Benin,BJ,BEN,Borgou,Borgou,BJ-BO,department,,66.1,,,4,Africa/Porto-Novo,FALSE,1204993343
Wan,Wan,,9.6958,2.9318,Benin,BJ,BEN,Borgou,Borgou,BJ-BO,department,,54.3,,,4,Africa/Porto-Novo,FALSE,1204896016
Béouroukparou,Beouroukparou,,10.3589,3.2563,Benin,BJ,BEN,Borgou,Borgou,BJ-BO,department,,66.1,,,4,Africa/Porto-Novo,FALSE,1204515200
Marhou,Marhou,,9.9605,1.4481,Benin,BJ,BEN,Donga,Donga,BJ-DO,department,,99.5,,,4,Africa/Porto-Novo,FALSE,1204038612
Sondo Yendé,Sondo Yende,,11.4214,3.1058,Benin,BJ,BEN,Atacora,Atacora,BJ-AK,department,,75.1,,,4,Africa/Porto-Novo,FALSE,1204729560
Koakoaliki,Koakoaliki,,9.0000,1.8167,Benin,BJ,BEN,Donga,Donga,BJ-DO,department,,35.9,,,4,Africa/Porto-Novo,FALSE,1204173785
Gonongouné,Gonongoune,,9.2757,2.6444,Benin,BJ,BEN,Borgou,Borgou,BJ-BO,department,,757.7,,,3,Africa/Porto-Novo,FALSE,1204698105
Takiékounta,Takiekounta,,10.2110,1.4019,Benin,BJ,BEN,Atacora,Atacora,BJ-AK,department,,90.9,,,4,Africa/Porto-Novo,FALSE,1204088376
Kindi,Kindi,,11.2449,3.1157,Benin,BJ,BEN,Atacora,Atacora,BJ-AK,department,,75.1,,,4,Africa/Porto-Novo,FALSE,1204029217
Dékourou,Dekourou,,9.4816,2.9286,Benin,BJ,BEN,Borgou,Borgou,BJ-BO,department,,54.3,,,4,Africa/Porto-Novo,FALSE,1204436039
Agonlin,Agonlin,,6.9974,2.0574,Benin,BJ,BEN,Zou,Zou,BJ-ZO,department,,132.6,,,4,Africa/Porto-Novo,FALSE,1204408668
Monkolé,Monkole,Mokolé,11.4315,3.1725,Benin,BJ,BEN,Atacora,Atacora,BJ-AK,department,,70.6,,,4,Africa/Porto-Novo,FALSE,1204719626
Toli,Toli,,6.4333,2.5833,Benin,BJ,BEN,Ouémé,Oueme,BJ-OU,department,,708.9,,,3,Africa/Porto-Novo,FALSE,1204729086
Kpalholé,Kpalhole,,9.7764,1.3805,Benin,BJ,BEN,Donga,Donga,BJ-DO,department,,169.2,,,4,Africa/Porto-Novo,FALSE,1204088390
Tantanga,Tantanga,,10.6734,1.4089,Benin,BJ,BEN,Atacora,Atacora,BJ-AK,department,,16.8,,,4,Africa/Porto-Novo,FALSE,1204054987
Hon,Hon,,6.9823,2.3008,Benin,BJ,BEN,Zou,Zou,BJ-ZO,department,,132.6,,,4,Africa/Porto-Novo,FALSE,1204788165
Tamarou,Tamarou,Tamaru,9.7359,2.6901,Benin,BJ,BEN,Borgou,Borgou,BJ-BO,department,,40.5,,,4,Africa/Porto-Novo,FALSE,1204445010
Douroubé,Douroube,,9.4097,2.6742,Benin,BJ,BEN,Borgou,Borgou,BJ-BO,department,,40.5,,,4,Africa/Porto-Novo,FALSE,1204718778
Okotorou,Okotorou,,9.1336,2.1523,Benin,BJ,BEN,Borgou,Borgou,BJ-BO,department,,48.5,,,4,Africa/Porto-Novo,FALSE,1204107019
Kassalia,Kassalia,,9.5248,1.4578,Benin,BJ,BEN,Donga,Donga,BJ-DO,department,,169.2,,,4,Africa/Porto-Novo,FALSE,1204030931
Sokouno,Sokouno,,9.3667,2.6667,Benin,BJ,BEN,Borgou,Borgou,BJ-BO,department,,757.7,,,3,Africa/Porto-Novo,FALSE,1204857774
Povidji,Povidji,Kpovidji,6.3437,1.8391,Benin,BJ,BEN,Mono,Mono,BJ-MO,department,,318.5,,,3,Africa/Porto-Novo,FALSE,1204936765
Glaouété,Glaouete,Gbaouété,7.0000,2.5833,Benin,BJ,BEN,Plateau,Plateau,BJ-PL,department,,328.2,,,3,Africa/Porto-Novo,FALSE,1204781424
Bobéna,Bobena,Bobené,10.7966,3.5337,Benin,BJ,BEN,Alibori,Alibori,BJ-AL,department,,28.4,,,4,Africa/Porto-Novo,FALSE,1204580639
Yakokparo,Yakokparo,Yakakparo,9.9798,3.2920,Benin,BJ,BEN,Borgou,Borgou,BJ-BO,department,,60.0,,,4,Africa/Porto-Novo,FALSE,1204529108
Agblopa,Agblopa,,7.3667,1.8667,Benin,BJ,BEN,Zou,Zou,BJ-ZO,department,,73.8,,,4,Africa/Porto-Novo,FALSE,1204955010
Babayakou,Babayakou,,9.7409,1.5672,Benin,BJ,BEN,Donga,Donga,BJ-DO,department,,81.0,,,4,Africa/Porto-Novo,FALSE,1204046379
Kékopo,Kekopo,,9.6477,3.0595,Benin,BJ,BEN,Borgou,Borgou,BJ-BO,department,,54.3,,,4,Africa/Porto-Novo,FALSE,1204321284
Zouto,Zouto,,7.2333,2.2333,Benin,BJ,BEN,Zou,Zou,BJ-ZO,department,,462.3,,,3,Africa/Porto-Novo,FALSE,1204581267
Moné,Mone,,9.7237,1.8402,Benin,BJ,BEN,Donga,Donga,BJ-DO,department,,81.0,,,4,Africa/Porto-Novo,FALSE,1204356553
Sodjagotoe,Sodjagotoe,,7.2000,1.7333,Benin,BJ,BEN,Couffo,Couffo,BJ-KO,department,,224.6,,,3,Africa/Porto-Novo,FALSE,1204749003
Banon,Banon,,8.4917,1.8955,Benin,BJ,BEN,Collines,Collines,BJ-CO,department,,47.8,,,4,Africa/Porto-Novo,FALSE,1204767287
Kotiari,Kotiari,,10.8998,0.9841,Benin,BJ,BEN,Atacora,Atacora,BJ-AK,department,,80.6,,,4,Africa/Porto-Novo,FALSE,1204018742
Dogbouan,Dogbouan,,11.3072,2.9733,Benin,BJ,BEN,Alibori,Alibori,BJ-AL,department,,75.1,,,4,Africa/Porto-Novo,FALSE,1204139380
Touoté,Touote,,9.5982,1.5654,Benin,BJ,BEN,Donga,Donga,BJ-DO,department,,82.7,,,4,Africa/Porto-Novo,FALSE,1204181754
Dolomè,Dolome,,7.1500,1.6667,Benin,BJ,BEN,Couffo,Couffo,BJ-KO,department,,224.6,,,3,Africa/Porto-Novo,FALSE,1204568162
Gorou Amouka,Gorou Amouka,,11.9735,3.1478,Benin,BJ,BEN,Alibori,Alibori,BJ-AL,department,,40.6,,,4,Africa/Porto-Novo,FALSE,1204651442
Fotiré,Fotire,Fotidé,10.4877,1.4121,Benin,BJ,BEN,Atacora,Atacora,BJ-AK,department,,121.2,,,4,Africa/Porto-Novo,FALSE,1204705025
Tchiatomè,Tchiatome,,6.8833,1.9667,Benin,BJ,BEN,Couffo,Couffo,BJ-KO,department,,339.6,,,3,Africa/Porto-Novo,FALSE,1204262975
Niégouno,Niegouno,,11.2222,2.8889,Benin,BJ,BEN,Alibori,Alibori,BJ-AL,department,,75.1,,,4,Africa/Porto-Novo,FALSE,1204545308
Afodiobo,Afodiobo,,9.1000,1.6167,Benin,BJ,BEN,Donga,Donga,BJ-DO,department,,35.9,,,4,Africa/Porto-Novo,FALSE,1204405665
Gatro,Gatro,,9.9278,3.0033,Benin,BJ,BEN,Borgou,Borgou,BJ-BO,department,,60.0,,,4,Africa/Porto-Novo,FALSE,1204346179
Booumoo,Booumoo,,9.7099,1.4162,Benin,BJ,BEN,Donga,Donga,BJ-DO,department,,169.2,,,4,Africa/Porto-Novo,FALSE,1204582979
Sokoumbérou,Sokoumberou,,10.7382,2.7912,Benin,BJ,BEN,Alibori,Alibori,BJ-AL,department,,30.1,,,4,Africa/Porto-Novo,FALSE,1204043742
Hédéta,Hedeta,,7.0167,1.9167,Benin,BJ,BEN,Couffo,Couffo,BJ-KO,department,,369.6,,,3,Africa/Porto-Novo,FALSE,1204699784
Agbamégon,Agbamegon,,7.4333,1.9667,Benin,BJ,BEN,Zou,Zou,BJ-ZO,department,,73.8,,,4,Africa/Porto-Novo,FALSE,1204715542
Cocotomey,Cocotomey,,6.3896,2.3123,Benin,BJ,BEN,Atlantique,Atlantique,BJ-AQ,department,,2120.5,,,2,Africa/Porto-Novo,FALSE,1204973039
Zandji,Zandji,,6.2833,1.8500,Benin,BJ,BEN,Mono,Mono,BJ-MO,department,,318.5,,,3,Africa/Porto-Novo,FALSE,1204708078
Bébiéourou,Bebieourou,,9.2356,2.6307,Benin,BJ,BEN,Borgou,Borgou,BJ-BO,department,,48.5,,,4,Africa/Porto-Novo,FALSE,1204979392
Serivèri,Seriveri,,9.7183,1.7307,Benin,BJ,BEN,Donga,Donga,BJ-DO,department,,81.0,,,4,Africa/Porto-Novo,FALSE,1204000866
Tembieléka,Tembieleka,,10.8180,1.0406,Benin,BJ,BEN,Atacora,Atacora,BJ-AK,department,,80.6,,,4,Africa/Porto-Novo,FALSE,1204183758
Gala,Gala,,11.2083,2.9735,Benin,BJ,BEN,Alibori,Alibori,BJ-AL,department,,75.1,,,4,Africa/Porto-Novo,FALSE,1204918461
Agbato,Agbato,,6.3864,2.4394,Benin,BJ,BEN,Littoral,Littoral,BJ-LI,department,,1937.0,,,3,Africa/Porto-Novo,FALSE,1204848845
Kouintchourougou,Kouintchourougou,,10.2016,1.1236,Benin,BJ,BEN,Atacora,Atacora,BJ-AK,department,,84.2,,,4,Africa/Porto-Novo,FALSE,1204615339
Boressinkou,Boressinkou,Borosincou,10.2858,1.7015,Benin,BJ,BEN,Atacora,Atacora,BJ-AK,department,,42.2,,,4,Africa/Porto-Novo,FALSE,1204641094
Sahouane-Gléta,Sahouane-Gleta,,7.0667,1.7833,Benin,BJ,BEN,Couffo,Couffo,BJ-KO,department,,369.6,,,3,Africa/Porto-Novo,FALSE,1204536132
Pachagon,Pachagon,,6.7000,2.2167,Benin,BJ,BEN,Atlantique,Atlantique,BJ-AQ,department,,251.3,,,3,Africa/Porto-Novo,FALSE,1204179857
Yakassou Ga,Yakassou Ga,,9.9970,2.6211,Benin,BJ,BEN,Borgou,Borgou,BJ-BO,department,,48.1,,,4,Africa/Porto-Novo,FALSE,1204695865
Gomarou,Gomarou,,11.0459,2.8064,Benin,BJ,BEN,Alibori,Alibori,BJ-AL,department,,75.1,,,4,Africa/Porto-Novo,FALSE,1204021792
Bessasi Gando,Bessasi Gando,Bessassigando,10.3587,3.5050,Benin,BJ,BEN,Borgou,Borgou,BJ-BO,department,,66.1,,,4,Africa/Porto-Novo,FALSE,1204578480
Adédéwo,Adedewo,,9.4311,1.4467,Benin,BJ,BEN,Donga,Donga,BJ-DO,department,,169.2,,,4,Africa/Porto-Novo,FALSE,1204895768
Blémi,Blemi,,10.2835,3.1291,Benin,BJ,BEN,Borgou,Borgou,BJ-BO,department,,66.1,,,4,Africa/Porto-Novo,FALSE,1204794392
Tekparou,Tekparou,Téparamaro|Tekpara,9.0066,2.5847,Benin,BJ,BEN,Borgou,Borgou,BJ-BO,department,,48.5,,,4,Africa/Porto-Novo,FALSE,1204044538
Adidévo,Adidevo,,6.7833,1.6563,Benin,BJ,BEN,Couffo,Couffo,BJ-KO,department,,773.2,,,3,Africa/Porto-Novo,FALSE,1204657027
Agbanou,Agbanou,,7.8470,1.8884,Benin,BJ,BEN,Collines,Collines,BJ-CO,department,,66.2,,,4,Africa/Porto-Novo,FALSE,1204114982
Boumbousso,Boumbousso,,11.0168,3.4149,Benin,BJ,BEN,Atacora,Atacora,BJ-AK,department,,28.4,,,4,Africa/Porto-Novo,FALSE,1204169774
Fô,Fo,Fo-Pébiou,10.4167,1.6833,Benin,BJ,BEN,Atacora,Atacora,BJ-AK,department,,42.2,,,4,Africa/Porto-Novo,FALSE,1204121155
Méavékou,Meavekou,,6.8667,1.8333,Benin,BJ,BEN,Couffo,Couffo,BJ-KO,department,,835.9,,,3,Africa/Porto-Novo,FALSE,1204478006
Donga,Donga,Ouémé|Dorgo|Dongo,9.7091,1.9503,Benin,BJ,BEN,Donga,Donga,BJ-DO,department,,81.0,,,4,Africa/Porto-Novo,FALSE,1204294664
Globoui,Globoui,,7.1333,1.7167,Benin,BJ,BEN,Couffo,Couffo,BJ-KO,department,,224.6,,,3,Africa/Porto-Novo,FALSE,1204994718
Kouloumizi,Kouloumizi,Kolimisi,9.3667,1.4333,Benin,BJ,BEN,Donga,Donga,BJ-DO,department,,35.9,,,4,Africa/Porto-Novo,FALSE,1204507901
Goussougon,Goussougon,,7.4500,1.9833,Benin,BJ,BEN,Zou,Zou,BJ-ZO,department,,73.8,,,4,Africa/Porto-Novo,FALSE,1204373475
Dotota,Dotota,,7.1500,1.8667,Benin,BJ,BEN,Couffo,Couffo,BJ-KO,department,,74.1,,,4,Africa/Porto-Novo,FALSE,1204325305
Ouékè-Zoumè,Oueke-Zoume,,6.4833,2.3333,Benin,BJ,BEN,Atlantique,Atlantique,BJ-AQ,department,,2120.5,,,2,Africa/Porto-Novo,FALSE,1204215057
Yéré,Yere,,9.8631,3.0000,Benin,BJ,BEN,Borgou,Borgou,BJ-BO,department,,58.7,,,4,Africa/Porto-Novo,FALSE,1204765084
Kousso,Kousso,,9.7654,3.0224,Benin,BJ,BEN,Borgou,Borgou,BJ-BO,department,,54.3,,,4,Africa/Porto-Novo,FALSE,1204267144
Dékpo,Dekpo,,6.9833,1.6667,Benin,BJ,BEN,Couffo,Couffo,BJ-KO,department,,224.6,,,3,Africa/Porto-Novo,FALSE,1204249042
Niégoussourou,Niegoussourou,,10.1872,2.4617,Benin,BJ,BEN,Borgou,Borgou,BJ-BO,department,,54.4,,,4,Africa/Porto-Novo,FALSE,1204326249
Adjazon,Adjazon,,7.4667,1.9167,Benin,BJ,BEN,Zou,Zou,BJ-ZO,department,,73.8,,,4,Africa/Porto-Novo,FALSE,1204586284
Sékaré,Sekare,,11.2273,2.8615,Benin,BJ,BEN,Alibori,Alibori,BJ-AL,department,,75.1,,,4,Africa/Porto-Novo,FALSE,1204085776
Kotodiera,Kotodiera,,9.5667,1.5667,Benin,BJ,BEN,Donga,Donga,BJ-DO,department,,81.0,,,4,Africa/Porto-Novo,FALSE,1204493037
Akleimé,Akleime,Aklémé|Aklamé,7.5938,1.6775,Benin,BJ,BEN,Zou,Zou,BJ-ZO,department,,73.8,,,4,Africa/Porto-Novo,FALSE,1204083551
Gbari,Gbari,,10.2050,2.1173,Benin,BJ,BEN,Atacora,Atacora,BJ-AK,department,,46.7,,,4,Africa/Porto-Novo,FALSE,1204579243
Gando Ganga,Gando Ganga,,11.1171,2.8358,Benin,BJ,BEN,Alibori,Alibori,BJ-AL,department,,75.1,,,4,Africa/Porto-Novo,FALSE,1204422774
Dogbo,Dogbo,,6.8167,1.7833,Benin,BJ,BEN,Couffo,Couffo,BJ-KO,department,admin,414.0,,,2,Africa/Porto-Novo,FALSE,1204497206
Avégodo,Avegodo,Avegado,6.9565,1.6564,Benin,BJ,BEN,Couffo,Couffo,BJ-KO,department,,224.6,,,3,Africa/Porto-Novo,FALSE,1204410907
Assoumanda,Assoumanda,,9.5323,1.4698,Benin,BJ,BEN,Donga,Donga,BJ-DO,department,,169.2,,,4,Africa/Porto-Novo,FALSE,1204764883
Bahô,Baho,,10.3640,2.0698,Benin,BJ,BEN,Atacora,Atacora,BJ-AK,department,,46.7,,,4,Africa/Porto-Novo,FALSE,1204867992
Kolomi,Kolomi,,10.8452,2.7242,Benin,BJ,BEN,Alibori,Alibori,BJ-AL,department,,30.1,,,4,Africa/Porto-Novo,FALSE,1204627430
Bolounézéra,Bolounezera,,9.8097,2.9120,Benin,BJ,BEN,Borgou,Borgou,BJ-BO,department,,54.3,,,4,Africa/Porto-Novo,FALSE,1204654452
Manoumou,Manoumou,Mamoumou,10.1931,1.3670,Benin,BJ,BEN,Atacora,Atacora,BJ-AK,department,,90.9,,,4,Africa/Porto-Novo,FALSE,1204172125
Sangou,Sangou,,10.8613,1.4614,Benin,BJ,BEN,Atacora,Atacora,BJ-AK,department,,16.8,,,4,Africa/Porto-Novo,FALSE,1204739611
Yénékassé,Yenekasse,,10.3909,3.2176,Benin,BJ,BEN,Borgou,Borgou,BJ-BO,department,,66.1,,,4,Africa/Porto-Novo,FALSE,1204295824
Goborou,Goborou,,9.7821,2.8588,Benin,BJ,BEN,Borgou,Borgou,BJ-BO,department,,54.3,,,4,Africa/Porto-Novo,FALSE,1204573605
Tadouata,Tadouata,,10.3770,1.1245,Benin,BJ,BEN,Atacora,Atacora,BJ-AK,department,,84.2,,,4,Africa/Porto-Novo,FALSE,1204128543
Inkolonié,Inkolonie,,9.2333,1.4833,Benin,BJ,BEN,Donga,Donga,BJ-DO,department,,71.4,,,4,Africa/Lome,FALSE,1204024660
Tourou,Tourou,,9.3500,2.5333,Benin,BJ,BEN,Borgou,Borgou,BJ-BO,department,,757.7,,,3,Africa/Porto-Novo,FALSE,1204055336
Tiori,Tiori,,10.3500,1.4500,Benin,BJ,BEN,Atacora,Atacora,BJ-AK,department,,90.9,,,4,Africa/Porto-Novo,FALSE,1204896218
Eglimé,Eglime,,7.0891,1.6918,Benin,BJ,BEN,Couffo,Couffo,BJ-KO,department,,224.6,,,3,Africa/Porto-Novo,FALSE,1204004552
Zona,Zona,,10.8074,3.6717,Benin,BJ,BEN,Alibori,Alibori,BJ-AL,department,,28.4,,,4,Africa/Porto-Novo,FALSE,1204765546
Tintagrou,Tintagrou,,10.9618,2.8124,Benin,BJ,BEN,Alibori,Alibori,BJ-AL,department,,75.1,,,4,Africa/Porto-Novo,FALSE,1204758732
Gbassara,Gbassara,,11.1741,2.2242,Benin,BJ,BEN,Alibori,Alibori,BJ-AL,department,,76.1,,,4,Africa/Porto-Novo,FALSE,1204382365
Tiékarou,Tiekarou,,10.1476,2.3488,Benin,BJ,BEN,Borgou,Borgou,BJ-BO,department,,54.4,,,4,Africa/Porto-Novo,FALSE,1204679168
Gounobiné,Gounobine,,10.4577,1.7916,Benin,BJ,BEN,Atacora,Atacora,BJ-AK,department,,42.2,,,4,Africa/Porto-Novo,FALSE,1204012206
Doussa,Doussa,,7.4360,1.6641,Benin,BJ,BEN,Couffo,Couffo,BJ-KO,department,,224.6,,,3,Africa/Porto-Novo,FALSE,1204397589
Namoutiaga,Namoutiaga,,10.4550,0.9433,Benin,BJ,BEN,Atacora,Atacora,BJ-AK,department,,90.9,,,4,Africa/Porto-Novo,FALSE,1204033882
Gorou Kambou,Gorou Kambou,Gorou-Kanbou,11.9910,3.1208,Benin,BJ,BEN,Alibori,Alibori,BJ-AL,department,,70.0,,,4,Africa/Porto-Novo,FALSE,1204292480
Monmongou,Monmongou,Momongou,9.5390,1.7734,Benin,BJ,BEN,Donga,Donga,BJ-DO,department,,81.0,,,4,Africa/Porto-Novo,FALSE,1204088539
Bédia,Bedia,,10.7337,3.7452,Benin,BJ,BEN,Alibori,Alibori,BJ-AL,department,,28.4,,,4,Africa/Porto-Novo,FALSE,1204609125
Patérou Ganda,Paterou Ganda,Patérou Gando,10.1740,3.1153,Benin,BJ,BEN,Borgou,Borgou,BJ-BO,department,,66.1,,,4,Africa/Porto-Novo,FALSE,1204054961
Arame,Arame,,6.8667,1.8333,Benin,BJ,BEN,Couffo,Couffo,BJ-KO,department,,835.9,,,3,Africa/Porto-Novo,FALSE,1204223083
Gbézé,Gbeze,,6.9725,1.6440,Benin,BJ,BEN,Couffo,Couffo,BJ-KO,department,,224.6,,,3,Africa/Porto-Novo,FALSE,1204753396
Gori,Gori,,10.8877,1.8651,Benin,BJ,BEN,Atacora,Atacora,BJ-AK,department,,34.8,,,4,Africa/Porto-Novo,FALSE,1204204904
Dando,Dando,,9.7424,2.9566,Benin,BJ,BEN,Borgou,Borgou,BJ-BO,department,,54.3,,,4,Africa/Porto-Novo,FALSE,1204163243
Tchouè,Tchoue,,7.0000,2.3833,Benin,BJ,BEN,Zou,Zou,BJ-ZO,department,,132.6,,,4,Africa/Porto-Novo,FALSE,1204425231
Wèkèdè,Wekede,Wakété,9.6642,1.3844,Benin,BJ,BEN,Donga,Donga,BJ-DO,department,,169.2,,,4,Africa/Porto-Novo,FALSE,1204224786
Bilkolrha,Bilkolrha,,9.9054,1.4185,Benin,BJ,BEN,Donga,Donga,BJ-DO,department,,99.5,,,4,Africa/Porto-Novo,FALSE,1204463600
Sakaouan Kwara Tégui,Sakaouan Kwara Tegui,Sakawa-Kouaratégui,11.8561,3.2107,Benin,BJ,BEN,Atacora,Atacora,BJ-AK,department,,70.0,,,4,Africa/Porto-Novo,FALSE,1204697828
Dièrhou,Dierhou,,9.6092,1.6037,Benin,BJ,BEN,Donga,Donga,BJ-DO,department,,81.0,,,4,Africa/Porto-Novo,FALSE,1204658131
Koualégou,Koualegou,,10.8846,1.4860,Benin,BJ,BEN,Atacora,Atacora,BJ-AK,department,,16.8,,,4,Africa/Porto-Novo,FALSE,1204918792
Dovokpa,Dovokpa,,7.2632,1.9598,Benin,BJ,BEN,Zou,Zou,BJ-ZO,department,,73.8,,,4,Africa/Porto-Novo,FALSE,1204595356
Yéyédi,Yeyedi,,10.5564,1.2169,Benin,BJ,BEN,Atacora,Atacora,BJ-AK,department,,16.8,,,4,Africa/Porto-Novo,FALSE,1204349727
Séko,Seko,Béko,6.6035,2.4452,Benin,BJ,BEN,Ouémé,Oueme,BJ-OU,department,,836.6,,,3,Africa/Porto-Novo,FALSE,1204012044
Wasae,Wasae,,11.1447,3.6439,Benin,BJ,BEN,Atacora,Atacora,BJ-AK,department,,28.4,,,4,Africa/Porto-Novo,FALSE,1204935113
Pinzi,Pinzi,,10.9854,3.5674,Benin,BJ,BEN,Alibori,Alibori,BJ-AL,department,,28.4,,,4,Africa/Porto-Novo,FALSE,1204568316
Koukouékamé,Koukouekame,,7.4960,1.7677,Benin,BJ,BEN,Zou,Zou,BJ-ZO,department,,73.8,,,4,Africa/Porto-Novo,FALSE,1204957730
Firihoum,Firihoum,Firohoun,10.8465,1.0509,Benin,BJ,BEN,Atacora,Atacora,BJ-AK,department,,80.6,,,4,Africa/Porto-Novo,FALSE,1204405301
Bounta,Bounta,,10.6168,1.3476,Benin,BJ,BEN,Atacora,Atacora,BJ-AK,department,,16.8,,,4,Africa/Porto-Novo,FALSE,1204988931
Touga,Touga,Tougo,10.5208,1.0364,Benin,BJ,BEN,Atacora,Atacora,BJ-AK,department,,90.9,,,4,Africa/Porto-Novo,FALSE,1204752875
Kouforou Pissiga,Kouforou Pissiga,,10.7248,0.9046,Benin,BJ,BEN,Atacora,Atacora,BJ-AK,department,,80.6,,,4,Africa/Porto-Novo,FALSE,1204997139
Farou,Farou,,9.4964,1.6228,Benin,BJ,BEN,Donga,Donga,BJ-DO,department,,81.0,,,4,Africa/Porto-Novo,FALSE,1204483027
Gbitébou,Gbitebou,,9.7821,2.4387,Benin,BJ,BEN,Borgou,Borgou,BJ-BO,department,,40.5,,,4,Africa/Porto-Novo,FALSE,1204121520
Moussouri,Moussouri,,10.0550,3.0394,Benin,BJ,BEN,Borgou,Borgou,BJ-BO,department,,60.0,,,4,Africa/Porto-Novo,FALSE,1204553570
Onkouéwata,Onkouewata,,10.5441,1.1264,Benin,BJ,BEN,Atacora,Atacora,BJ-AK,department,,16.8,,,4,Africa/Porto-Novo,FALSE,1204788892
Kossou,Kossou,Kossu,10.6267,2.0360,Benin,BJ,BEN,Atacora,Atacora,BJ-AK,department,,34.8,,,4,Africa/Porto-Novo,FALSE,1204664708
Donenga,Donenga,,9.9256,1.4224,Benin,BJ,BEN,Donga,Donga,BJ-DO,department,,99.5,,,4,Africa/Porto-Novo,FALSE,1204016480
Possèyèye,Posseyeye,,10.2821,1.3262,Benin,BJ,BEN,Atacora,Atacora,BJ-AK,department,,90.9,,,4,Africa/Porto-Novo,FALSE,1204598238
Goumourhou-Gpandolou,Goumourhou-Gpandolou,,9.9360,1.5874,Benin,BJ,BEN,Donga,Donga,BJ-DO,department,,99.5,,,4,Africa/Porto-Novo,FALSE,1204155705
Goussounokparou,Goussounokparou,,9.9738,2.3362,Benin,BJ,BEN,Borgou,Borgou,BJ-BO,department,,53.2,,,4,Africa/Porto-Novo,FALSE,1204157515
Ouahoué,Ouahoue,,7.1667,2.0167,Benin,BJ,BEN,Zou,Zou,BJ-ZO,department,,674.7,,,3,Africa/Porto-Novo,FALSE,1204061755
Aglaly,Aglaly,,7.0487,1.9048,Benin,BJ,BEN,Couffo,Couffo,BJ-KO,department,,369.6,,,3,Africa/Porto-Novo,FALSE,1204372393
Tohoueta,Tohoueta,,7.1441,1.9348,Benin,BJ,BEN,Zou,Zou,BJ-ZO,department,,529.4,,,3,Africa/Porto-Novo,FALSE,1204549015
Bégairé,Begaire,,9.5996,3.2000,Benin,BJ,BEN,Borgou,Borgou,BJ-BO,department,,54.3,,,4,Africa/Porto-Novo,FALSE,1204782413
Gounakparou,Gounakparou,,10.3047,3.1664,Benin,BJ,BEN,Borgou,Borgou,BJ-BO,department,,66.1,,,4,Africa/Porto-Novo,FALSE,1204331570
Kougabou,Kougabou,,10.1329,2.4910,Benin,BJ,BEN,Borgou,Borgou,BJ-BO,department,,54.4,,,4,Africa/Porto-Novo,FALSE,1204527270
Tampèroun,Tamperoun,,9.8667,1.6000,Benin,BJ,BEN,Donga,Donga,BJ-DO,department,,99.5,,,4,Africa/Porto-Novo,FALSE,1204883000
Zoumbomé,Zoumbome,Adjadji-Zoungbomé,6.6426,2.0371,Benin,BJ,BEN,Atlantique,Atlantique,BJ-AQ,department,,428.7,,,3,Africa/Porto-Novo,FALSE,1204463479
Illikimon,Illikimon,,7.4500,2.7500,Benin,BJ,BEN,Plateau,Plateau,BJ-PL,department,,120.9,,,4,Africa/Porto-Novo,FALSE,1204194516
Sokouméno,Sokoumeno,,9.2833,2.6167,Benin,BJ,BEN,Borgou,Borgou,BJ-BO,department,,757.7,,,3,Africa/Porto-Novo,FALSE,1204063159
Sérékibé,Serekibe,,10.8299,3.4699,Benin,BJ,BEN,Alibori,Alibori,BJ-AL,department,,28.4,,,4,Africa/Porto-Novo,FALSE,1204235835
Sonviroukpéré,Sonviroukpere,,11.0837,2.8813,Benin,BJ,BEN,Alibori,Alibori,BJ-AL,department,,75.1,,,4,Africa/Porto-Novo,FALSE,1204542366
Tamoussia,Tamoussia,,9.7682,2.7165,Benin,BJ,BEN,Borgou,Borgou,BJ-BO,department,,40.5,,,4,Africa/Porto-Novo,FALSE,1204176169
Koumouna,Koumouna,,10.5809,1.2810,Benin,BJ,BEN,Atacora,Atacora,BJ-AK,department,,16.8,,,4,Africa/Porto-Novo,FALSE,1204653405
Karokoubou,Karokoubou,,9.2610,2.4682,Benin,BJ,BEN,Borgou,Borgou,BJ-BO,department,,48.5,,,4,Africa/Porto-Novo,FALSE,1204578679
Zibo,Zibo,,10.7670,3.6476,Benin,BJ,BEN,Alibori,Alibori,BJ-AL,department,,28.4,,,4,Africa/Porto-Novo,FALSE,1204526221
Nassoukou,Nassoukou,Nassugu|Nansugu|Nansougou-Sinapakoussou|Nansougou|Nassougou,10.7724,1.8238,Benin,BJ,BEN,Atacora,Atacora,BJ-AK,department,,42.2,,,4,Africa/Porto-Novo,FALSE,1204028015
Yaodarou,Yaodarou,,11.0467,2.7253,Benin,BJ,BEN,Alibori,Alibori,BJ-AL,department,,75.1,,,4,Africa/Porto-Novo,FALSE,1204240693
Tinaro,Tinaro,,9.7030,2.8795,Benin,BJ,BEN,Borgou,Borgou,BJ-BO,department,,54.3,,,4,Africa/Porto-Novo,FALSE,1204954751
Dato,Dato,,7.9667,1.7167,Benin,BJ,BEN,Collines,Collines,BJ-CO,department,,66.2,,,4,Africa/Porto-Novo,FALSE,1204872283
Ouékè-Gbo,Oueke-Gbo,,6.4869,2.3665,Benin,BJ,BEN,Atlantique,Atlantique,BJ-AQ,department,,2120.5,,,2,Africa/Porto-Novo,FALSE,1204180027
Tometi,Tometi,,7.4167,1.7333,Benin,BJ,BEN,Zou,Zou,BJ-ZO,department,,73.8,,,4,Africa/Porto-Novo,FALSE,1204244662
Talamgou,Talamgou,,9.8740,1.6307,Benin,BJ,BEN,Donga,Donga,BJ-DO,department,,99.5,,,4,Africa/Porto-Novo,FALSE,1204704684
Danmossi,Danmossi,,9.8802,3.0458,Benin,BJ,BEN,Borgou,Borgou,BJ-BO,department,,60.0,,,4,Africa/Porto-Novo,FALSE,1204632806
Lo,Lo,,7.4888,1.7789,Benin,BJ,BEN,Zou,Zou,BJ-ZO,department,,73.8,,,4,Africa/Porto-Novo,FALSE,1204415236
Pourari,Pourari,,9.2718,2.3834,Benin,BJ,BEN,Borgou,Borgou,BJ-BO,department,,48.5,,,4,Africa/Porto-Novo,FALSE,1204101236
Soa,Soa,,10.3833,1.6333,Benin,BJ,BEN,Atacora,Atacora,BJ-AK,department,,42.2,,,4,Africa/Porto-Novo,FALSE,1204121574
Dapiendi,Dapiendi,Pabégou,9.7647,1.6251,Benin,BJ,BEN,Donga,Donga,BJ-DO,department,,81.0,,,4,Africa/Porto-Novo,FALSE,1204056693
Diengou,Diengou,Demou|Demgo|Deingou|Dangu|Dangou|Dengu,9.3333,1.7500,Benin,BJ,BEN,Donga,Donga,BJ-DO,department,,35.9,,,4,Africa/Porto-Novo,FALSE,1204964593
Foungou,Foungou,,9.9928,1.3611,Benin,BJ,BEN,Atacora,Atacora,BJ-AK,department,,86.3,,,4,Africa/Porto-Novo,FALSE,1204075646
Tiafoouri,Tiafoouri,,9.7500,1.6833,Benin,BJ,BEN,Donga,Donga,BJ-DO,department,,81.0,,,4,Africa/Porto-Novo,FALSE,1204935235
Houtchatagon,Houtchatagon,,7.3500,1.7833,Benin,BJ,BEN,Zou,Zou,BJ-ZO,department,,73.8,,,4,Africa/Porto-Novo,FALSE,1204002707
Bata Bourou,Bata Bourou,,11.7415,3.1063,Benin,BJ,BEN,Atacora,Atacora,BJ-AK,department,,70.0,,,4,Africa/Porto-Novo,FALSE,1204002132
Coli,Coli,,6.8000,2.1333,Benin,BJ,BEN,Atlantique,Atlantique,BJ-AQ,department,,125.0,,,4,Africa/Porto-Novo,FALSE,1204445532
Kakou,Kakou,,10.0210,1.3921,Benin,BJ,BEN,Atacora,Atacora,BJ-AK,department,,42.2,,,4,Africa/Porto-Novo,FALSE,1204511598
Kondo,Kondo,,10.7926,0.8935,Benin,BJ,BEN,Atacora,Atacora,BJ-AK,department,,80.6,,,4,Africa/Porto-Novo,FALSE,1204563185
Péhon,Pehon,,10.6124,1.0416,Benin,BJ,BEN,Atacora,Atacora,BJ-AK,department,,80.6,,,4,Africa/Porto-Novo,FALSE,1204622714
Bada,Bada,,11.1534,3.1753,Benin,BJ,BEN,Atacora,Atacora,BJ-AK,department,,75.1,,,4,Africa/Porto-Novo,FALSE,1204377908
Dokparou,Dokparou,,9.3833,2.6500,Benin,BJ,BEN,Borgou,Borgou,BJ-BO,department,,757.7,,,3,Africa/Porto-Novo,FALSE,1204726222
Sékéré,Sekere,,10.4482,2.4503,Benin,BJ,BEN,Borgou,Borgou,BJ-BO,department,,54.4,,,4,Africa/Porto-Novo,FALSE,1204466624
Dangaré,Dangare,,10.3354,1.5461,Benin,BJ,BEN,Atacora,Atacora,BJ-AK,department,,90.9,,,4,Africa/Porto-Novo,FALSE,1204394632
Agbanzin,Agbanzin,Agbanzinkpota,6.3510,2.2077,Benin,BJ,BEN,Atlantique,Atlantique,BJ-AQ,department,,1140.1,,,3,Africa/Porto-Novo,FALSE,1204348506
Akapli,Akapli,,7.5434,1.7686,Benin,BJ,BEN,Zou,Zou,BJ-ZO,department,,73.8,,,4,Africa/Porto-Novo,FALSE,1204070107
Siètarha,Sietarha,Séterra,9.8894,1.3755,Benin,BJ,BEN,Donga,Donga,BJ-DO,department,,99.5,,,4,Africa/Porto-Novo,FALSE,1204222066
Dondji-Zouin,Dondji-Zouin,Djondjizoumé,6.7045,1.6461,Benin,BJ,BEN,Couffo,Couffo,BJ-KO,department,,414.0,,,3,Africa/Porto-Novo,FALSE,1204392406
Ahihomé,Ahihome,,7.2500,1.9333,Benin,BJ,BEN,Zou,Zou,BJ-ZO,department,,73.8,,,4,Africa/Porto-Novo,FALSE,1204703901
Wanou,Wanou,,9.0291,2.0530,Benin,BJ,BEN,Borgou,Borgou,BJ-BO,department,,48.5,,,4,Africa/Porto-Novo,FALSE,1204179572
Adjozoumé,Adjozoume,,7.3531,2.5532,Benin,BJ,BEN,Plateau,Plateau,BJ-PL,department,,120.9,,,4,Africa/Porto-Novo,FALSE,1204628561
Tanta,Tanta,,7.0822,1.9889,Benin,BJ,BEN,Zou,Zou,BJ-ZO,department,,434.1,,,3,Africa/Porto-Novo,FALSE,1204861150
Sonboa,Sonboa,,10.5322,2.6091,Benin,BJ,BEN,Alibori,Alibori,BJ-AL,department,,48.1,,,4,Africa/Porto-Novo,FALSE,1204870624
Koutagou,Koutagou,,10.1500,1.1500,Benin,BJ,BEN,Atacora,Atacora,BJ-AK,department,,84.2,,,4,Africa/Porto-Novo,FALSE,1204119491
Meundostiouri,Meundostiouri,,9.7167,1.6500,Benin,BJ,BEN,Donga,Donga,BJ-DO,department,,81.0,,,4,Africa/Porto-Novo,FALSE,1204884231
Sissinou,Sissinou,,10.2928,2.4557,Benin,BJ,BEN,Borgou,Borgou,BJ-BO,department,,54.4,,,4,Africa/Porto-Novo,FALSE,1204581308
Darékpoto,Darekpoto,,11.6515,3.1498,Benin,BJ,BEN,Atacora,Atacora,BJ-AK,department,,70.0,,,4,Africa/Porto-Novo,FALSE,1204768916
Gawonka,Gawonka,,9.6158,3.2286,Benin,BJ,BEN,Borgou,Borgou,BJ-BO,department,,54.3,,,4,Africa/Porto-Novo,FALSE,1204687966
Téri,Teri,,11.0042,2.6858,Benin,BJ,BEN,Alibori,Alibori,BJ-AL,department,,75.1,,,4,Africa/Porto-Novo,FALSE,1204030198
Sésséra,Sessera,,9.7700,2.9920,Benin,BJ,BEN,Borgou,Borgou,BJ-BO,department,,54.3,,,4,Africa/Porto-Novo,FALSE,1204753549
Aïouégon,Aiouegon,,7.3333,1.7833,Benin,BJ,BEN,Zou,Zou,BJ-ZO,department,,73.8,,,4,Africa/Porto-Novo,FALSE,1204344944
Dasso-Nialli,Dasso-Nialli,,7.0500,2.5000,Benin,BJ,BEN,Zou,Zou,BJ-ZO,department,,264.7,,,3,Africa/Porto-Novo,FALSE,1204186204
Keyassié,Keyassie,,11.3322,2.5886,Benin,BJ,BEN,Alibori,Alibori,BJ-AL,department,,76.1,,,4,Africa/Porto-Novo,FALSE,1204116510
Ougoubiga,Ougoubiga,,11.6437,2.4820,Benin,BJ,BEN,Alibori,Alibori,BJ-AL,department,,76.1,,,4,Africa/Porto-Novo,FALSE,1204463374
Akoko,Akoko,,11.2029,3.0266,Benin,BJ,BEN,Atacora,Atacora,BJ-AK,department,,75.1,,,4,Africa/Porto-Novo,FALSE,1204259876
Kpatoourh,Kpatoourh,,9.8839,1.6466,Benin,BJ,BEN,Donga,Donga,BJ-DO,department,,99.5,,,4,Africa/Porto-Novo,FALSE,1204278973
Pémovou,Pemovou,,10.6123,1.4353,Benin,BJ,BEN,Atacora,Atacora,BJ-AK,department,,121.2,,,4,Africa/Porto-Novo,FALSE,1204383369
Bobosso-Gata,Bobosso-Gata,,11.6330,3.3231,Benin,BJ,BEN,Atacora,Atacora,BJ-AK,department,,70.0,,,4,Africa/Porto-Novo,FALSE,1204165684
Donkaraouy,Donkaraouy,Donkaraouye,10.0602,3.3572,Benin,BJ,BEN,Borgou,Borgou,BJ-BO,department,,60.0,,,4,Africa/Porto-Novo,FALSE,1204048762
Sohové,Sohove,Sohoué,7.3333,2.3167,Benin,BJ,BEN,Zou,Zou,BJ-ZO,department,,126.1,,,4,Africa/Porto-Novo,FALSE,1204602370
Zondji,Zondji,,11.0123,3.2939,Benin,BJ,BEN,Atacora,Atacora,BJ-AK,department,,28.4,,,4,Africa/Porto-Novo,FALSE,1204057906
Modia Bangou,Modia Bangou,,11.6584,3.4174,Benin,BJ,BEN,Atacora,Atacora,BJ-AK,department,,70.0,,,4,Africa/Porto-Novo,FALSE,1204652237
Gbitorou,Gbitorou,,11.0260,2.7695,Benin,BJ,BEN,Alibori,Alibori,BJ-AL,department,,75.1,,,4,Africa/Porto-Novo,FALSE,1204040800
Dogué,Dogue,,9.1000,1.9333,Benin,BJ,BEN,Donga,Donga,BJ-DO,department,,35.9,,,4,Africa/Porto-Novo,FALSE,1204544235
Manigri,Manigri,Kani,8.9667,1.7167,Benin,BJ,BEN,Donga,Donga,BJ-DO,department,,35.9,,,4,Africa/Porto-Novo,FALSE,1204289042
Banda,Banda,,12.3151,2.9017,Benin,BJ,BEN,Alibori,Alibori,BJ-AL,department,,15.5,,,4,Africa/Porto-Novo,FALSE,1204495026
Malomi,Malomi,,8.1715,1.9033,Benin,BJ,BEN,Collines,Collines,BJ-CO,department,,47.8,,,4,Africa/Porto-Novo,FALSE,1204392446
Yoularou,Yoularou,,9.9062,3.0204,Benin,BJ,BEN,Borgou,Borgou,BJ-BO,department,,60.0,,,4,Africa/Porto-Novo,FALSE,1204152485
Sinhoué,Sinhoue,,7.0333,1.9833,Benin,BJ,BEN,Zou,Zou,BJ-ZO,department,,434.1,,,3,Africa/Porto-Novo,FALSE,1204118030
Aboloumé,Aboloume,,7.0938,1.6621,Benin,BJ,BEN,Couffo,Couffo,BJ-KO,department,,224.6,,,3,Africa/Porto-Novo,FALSE,1204018076
Santiahon,Santiahon,,10.7516,1.0896,Benin,BJ,BEN,Atacora,Atacora,BJ-AK,department,,80.6,,,4,Africa/Porto-Novo,FALSE,1204035771
Lodji,Lodji,,8.0597,1.9581,Benin,BJ,BEN,Collines,Collines,BJ-CO,department,,61.8,,,4,Africa/Porto-Novo,FALSE,1204942979
Barou,Barou,,11.9411,3.1903,Benin,BJ,BEN,Alibori,Alibori,BJ-AL,department,,70.0,,,4,Africa/Porto-Novo,FALSE,1204391468
Doumassi Kondji,Doumassi Kondji,,6.6333,1.6167,Benin,BJ,BEN,Mono,Mono,BJ-MO,department,,305.2,,,3,Africa/Porto-Novo,FALSE,1204799194
Yarama,Yarama,,10.1234,2.7908,Benin,BJ,BEN,Borgou,Borgou,BJ-BO,department,,48.1,,,4,Africa/Porto-Novo,FALSE,1204851840
Chatéhoué,Chatehoue,,6.9667,1.8333,Benin,BJ,BEN,Couffo,Couffo,BJ-KO,department,,369.6,,,3,Africa/Porto-Novo,FALSE,1204906152
Soglocodji,Soglocodji,Sogolocodji,6.3724,2.2351,Benin,BJ,BEN,Atlantique,Atlantique,BJ-AQ,department,,2120.5,,,2,Africa/Porto-Novo,FALSE,1204918541
Tawanmpouta,Tawanmpouta,Taouampouta,10.1562,1.4883,Benin,BJ,BEN,Atacora,Atacora,BJ-AK,department,,90.9,,,4,Africa/Porto-Novo,FALSE,1204860707
Guéro,Guero,,9.7281,2.9741,Benin,BJ,BEN,Borgou,Borgou,BJ-BO,department,,54.3,,,4,Africa/Porto-Novo,FALSE,1204413711
Baniguiri,Baniguiri,,9.1495,2.3209,Benin,BJ,BEN,Borgou,Borgou,BJ-BO,department,,48.5,,,4,Africa/Porto-Novo,FALSE,1204774343
Kokobé,Kokobe,,9.3234,2.8427,Benin,BJ,BEN,Borgou,Borgou,BJ-BO,department,,48.5,,,4,Africa/Porto-Novo,FALSE,1204349989
Dangoussar,Dangoussar,,9.6794,1.5491,Benin,BJ,BEN,Donga,Donga,BJ-DO,department,,81.0,,,4,Africa/Porto-Novo,FALSE,1204777086
Atchérigbé,Atcherigbe,Tcherigbé|Atchérigté|Atchéribé|Atchengbe,7.5657,2.1302,Benin,BJ,BEN,Collines,Collines,BJ-CO,department,,66.7,,,4,Africa/Porto-Novo,FALSE,1204743728
Adomougon,Adomougon,,7.1209,1.9070,Benin,BJ,BEN,Zou,Zou,BJ-ZO,department,,434.1,,,3,Africa/Porto-Novo,FALSE,1204857275
Sandala,Sandala,,10.5866,0.9531,Benin,BJ,BEN,Atacora,Atacora,BJ-AK,department,,90.9,,,4,Africa/Porto-Novo,FALSE,1204413639
Darouwirou,Darouwirou,,11.3183,2.3612,Benin,BJ,BEN,Alibori,Alibori,BJ-AL,department,,76.1,,,4,Africa/Porto-Novo,FALSE,1204629969
Manfouka,Manfouka,,9.8441,1.8245,Benin,BJ,BEN,Donga,Donga,BJ-DO,department,,81.0,,,4,Africa/Porto-Novo,FALSE,1204488777
Niabanmga,Niabanmga,,9.8417,1.6797,Benin,BJ,BEN,Donga,Donga,BJ-DO,department,,99.5,,,4,Africa/Porto-Novo,FALSE,1204846458
Lazaret,Lazaret,Lazare,9.8667,1.5000,Benin,BJ,BEN,Donga,Donga,BJ-DO,department,,99.5,,,4,Africa/Porto-Novo,FALSE,1204432700
Pélé,Pele,,8.3181,1.8234,Benin,BJ,BEN,Collines,Collines,BJ-CO,department,,47.8,,,4,Africa/Porto-Novo,FALSE,1204330977
Ouignan,Ouignan,,7.0742,2.6291,Benin,BJ,BEN,Plateau,Plateau,BJ-PL,department,,363.1,,,3,Africa/Porto-Novo,FALSE,1204001935
Débou,Debou,,9.8657,2.8897,Benin,BJ,BEN,Borgou,Borgou,BJ-BO,department,,60.0,,,4,Africa/Porto-Novo,FALSE,1204764866
Goussonbouya,Goussonbouya,,10.0394,1.6333,Benin,BJ,BEN,Atacora,Atacora,BJ-AK,department,,42.2,,,4,Africa/Porto-Novo,FALSE,1204306905
Derhirha,Derhirha,,9.6459,1.4996,Benin,BJ,BEN,Donga,Donga,BJ-DO,department,,81.0,,,4,Africa/Porto-Novo,FALSE,1204013349
Négansi,Negansi,Neganzi|Naganzi|Néganzi,10.5928,3.8096,Benin,BJ,BEN,Borgou,Borgou,BJ-BO,department,,66.1,,,4,Africa/Porto-Novo,FALSE,1204445338
Midotokpa,Midotokpa,Modo-Tokpa,6.5611,2.5491,Benin,BJ,BEN,Ouémé,Oueme,BJ-OU,department,,836.6,,,3,Africa/Porto-Novo,FALSE,1204444512
Azagounogon,Azagounogon,,7.3333,1.8000,Benin,BJ,BEN,Zou,Zou,BJ-ZO,department,,73.8,,,4,Africa/Porto-Novo,FALSE,1204144449
Aouakamé,Aouakame,,7.0167,1.9833,Benin,BJ,BEN,Zou,Zou,BJ-ZO,department,,434.1,,,3,Africa/Porto-Novo,FALSE,1204867854
Kpéssanrou,Kpessanrou,,11.3371,2.4881,Benin,BJ,BEN,Alibori,Alibori,BJ-AL,department,,76.1,,,4,Africa/Porto-Novo,FALSE,1204030877
Doroubou,Doroubou,,10.9683,2.9249,Benin,BJ,BEN,Alibori,Alibori,BJ-AL,department,,30.1,,,4,Africa/Porto-Novo,FALSE,1204841091
Agbasson,Agbasson,,9.9486,1.7669,Benin,BJ,BEN,Donga,Donga,BJ-DO,department,,81.0,,,4,Africa/Porto-Novo,FALSE,1204186428
Korobani,Korobani,,9.4771,2.0055,Benin,BJ,BEN,Donga,Donga,BJ-DO,department,,81.0,,,4,Africa/Porto-Novo,FALSE,1204685283
Sapandé,Sapande,Sapantandi,10.5600,0.8079,Benin,BJ,BEN,Atacora,Atacora,BJ-AK,department,,86.4,,,4,Africa/Porto-Novo,FALSE,1204162947
Lokokanmé,Lokokanme,,7.1667,2.0000,Benin,BJ,BEN,Zou,Zou,BJ-ZO,department,,674.7,,,3,Africa/Porto-Novo,FALSE,1204579466
Sovlégni,Sovlegni,,7.3276,1.8370,Benin,BJ,BEN,Zou,Zou,BJ-ZO,department,,73.8,,,4,Africa/Porto-Novo,FALSE,1204904343
Sissikourou,Sissikourou,,10.2437,2.8660,Benin,BJ,BEN,Borgou,Borgou,BJ-BO,department,,48.1,,,4,Africa/Porto-Novo,FALSE,1204601464
Boubou,Boubou,,8.0131,2.2299,Benin,BJ,BEN,Collines,Collines,BJ-CO,department,,86.1,,,4,Africa/Porto-Novo,FALSE,1204668124
Kanbourfa,Kanbourfa,,10.2843,1.5407,Benin,BJ,BEN,Atacora,Atacora,BJ-AK,department,,90.9,,,4,Africa/Porto-Novo,FALSE,1204281253
Akalokoupodji,Akalokoupodji,,7.3833,1.7667,Benin,BJ,BEN,Zou,Zou,BJ-ZO,department,,73.8,,,4,Africa/Porto-Novo,FALSE,1204617648
Sotone,Sotone,,7.4167,1.7667,Benin,BJ,BEN,Zou,Zou,BJ-ZO,department,,73.8,,,4,Africa/Porto-Novo,FALSE,1204089985
Kika,Kika,Nika,10.1264,2.1058,Benin,BJ,BEN,Atacora,Atacora,BJ-AK,department,,46.7,,,4,Africa/Porto-Novo,FALSE,1204344645
Boïffo,Boiffo,,11.6957,3.1727,Benin,BJ,BEN,Atacora,Atacora,BJ-AK,department,,70.0,,,4,Africa/Porto-Novo,FALSE,1204101587
Fagigarhoé,Fagigarhoe,,7.1667,1.8167,Benin,BJ,BEN,Couffo,Couffo,BJ-KO,department,,299.2,,,3,Africa/Porto-Novo,FALSE,1204204559
Lougounzi,Lougounzi,,10.8428,3.6057,Benin,BJ,BEN,Alibori,Alibori,BJ-AL,department,,28.4,,,4,Africa/Porto-Novo,FALSE,1204698600
Avlékété-Plage,Avlekete-Plage,Amer blanchi|Avrékété-Plage|Avrekete Beach,6.3333,2.2167,Benin,BJ,BEN,Atlantique,Atlantique,BJ-AQ,department,,1140.1,,,3,Africa/Porto-Novo,FALSE,1204653639
Tanmbogolé,Tanmbogole,Tambogoré,10.6826,1.3393,Benin,BJ,BEN,Atacora,Atacora,BJ-AK,department,,16.8,,,4,Africa/Porto-Novo,FALSE,1204976308
Sanssandowéro,Sanssandowero,,9.8612,3.1654,Benin,BJ,BEN,Borgou,Borgou,BJ-BO,department,,60.0,,,4,Africa/Porto-Novo,FALSE,1204219196
Monoum,Monoum,,11.0828,2.2687,Benin,BJ,BEN,Alibori,Alibori,BJ-AL,department,,76.1,,,4,Africa/Porto-Novo,FALSE,1204124328
Bouloum,Bouloum,Bulum,9.6683,1.6839,Benin,BJ,BEN,Donga,Donga,BJ-DO,department,,81.0,,,4,Africa/Porto-Novo,FALSE,1204579927
Koundjio,Koundjio,,10.0000,1.7000,Benin,BJ,BEN,Atacora,Atacora,BJ-AK,department,,99.5,,,4,Africa/Porto-Novo,FALSE,1204657724
Kané,Kane,,10.6391,0.8564,Benin,BJ,BEN,Atacora,Atacora,BJ-AK,department,,90.9,,,4,Africa/Porto-Novo,FALSE,1204575055
Houtézoumè,Houtezoume,,6.4667,2.5333,Benin,BJ,BEN,Ouémé,Oueme,BJ-OU,department,,708.9,,,3,Africa/Porto-Novo,FALSE,1204196442
Agbidimé,Agbidime,,7.0667,1.9833,Benin,BJ,BEN,Zou,Zou,BJ-ZO,department,,434.1,,,3,Africa/Porto-Novo,FALSE,1204791734
Bosou-Akidigba,Bosou-Akidigba,,7.4167,1.7500,Benin,BJ,BEN,Zou,Zou,BJ-ZO,department,,73.8,,,4,Africa/Porto-Novo,FALSE,1204566877
Bongourou,Bongourou,,10.0522,2.0491,Benin,BJ,BEN,Atacora,Atacora,BJ-AK,department,,48.3,,,4,Africa/Porto-Novo,FALSE,1204504682
Yayaro,Yayaro,,11.1527,2.8522,Benin,BJ,BEN,Alibori,Alibori,BJ-AL,department,,75.1,,,4,Africa/Porto-Novo,FALSE,1204934003
Doh,Doh,Dô,10.3445,1.9312,Benin,BJ,BEN,Atacora,Atacora,BJ-AK,department,,46.7,,,4,Africa/Porto-Novo,FALSE,1204313556
Azohoué-Hiho,Azohoue-Hiho,Azohouè-Ahiho,6.5835,2.1277,Benin,BJ,BEN,Atlantique,Atlantique,BJ-AQ,department,,141.3,,,4,Africa/Porto-Novo,FALSE,1204558017
Batin,Batin,,10.4522,2.9673,Benin,BJ,BEN,Borgou,Borgou,BJ-BO,department,,48.1,,,4,Africa/Porto-Novo,FALSE,1204559443
Yalrhou,Yalrhou,Yalrou,9.8173,1.4352,Benin,BJ,BEN,Donga,Donga,BJ-DO,department,,99.5,,,4,Africa/Porto-Novo,FALSE,1204949132
Azoumé,Azoume,,6.8500,1.7333,Benin,BJ,BEN,Couffo,Couffo,BJ-KO,department,,773.2,,,3,Africa/Porto-Novo,FALSE,1204668584
Biangbébou,Biangbebou,,10.3831,1.9888,Benin,BJ,BEN,Atacora,Atacora,BJ-AK,department,,46.7,,,4,Africa/Porto-Novo,FALSE,1204932588
Tébou,Tebou,Tebu,9.9172,1.8081,Benin,BJ,BEN,Donga,Donga,BJ-DO,department,,81.0,,,4,Africa/Porto-Novo,FALSE,1204031844
Goumboussar,Goumboussar,Goumboussa,9.6679,1.6944,Benin,BJ,BEN,Donga,Donga,BJ-DO,department,,81.0,,,4,Africa/Porto-Novo,FALSE,1204734015
Béroubassi,Beroubassi,,10.2763,3.1557,Benin,BJ,BEN,Borgou,Borgou,BJ-BO,department,,66.1,,,4,Africa/Porto-Novo,FALSE,1204964326
Tébo,Tebo,,9.9833,2.8333,Benin,BJ,BEN,Borgou,Borgou,BJ-BO,department,,48.1,,,4,Africa/Porto-Novo,FALSE,1204821998
Sinabanou,Sinabanou,,10.6178,2.6614,Benin,BJ,BEN,Alibori,Alibori,BJ-AL,department,,30.1,,,4,Africa/Porto-Novo,FALSE,1204062930
Bouyankoulou,Bouyankoulou,,11.0820,2.2827,Benin,BJ,BEN,Alibori,Alibori,BJ-AL,department,,76.1,,,4,Africa/Porto-Novo,FALSE,1204627910
Kanpouya,Kanpouya,Campouya,10.4107,1.6102,Benin,BJ,BEN,Atacora,Atacora,BJ-AK,department,,81.9,,,4,Africa/Porto-Novo,FALSE,1204150240
Oukétérou,Ouketerou,,8.9066,2.5625,Benin,BJ,BEN,Borgou,Borgou,BJ-BO,department,,48.5,,,4,Africa/Porto-Novo,FALSE,1204048316
Madjédé,Madjede,,6.8167,1.8667,Benin,BJ,BEN,Couffo,Couffo,BJ-KO,department,,393.8,,,3,Africa/Porto-Novo,FALSE,1204705651
Parou,Parou,,10.4879,2.5009,Benin,BJ,BEN,Borgou,Borgou,BJ-BO,department,,54.4,,,4,Africa/Porto-Novo,FALSE,1204629978
Bédo,Bedo,,11.5244,3.0751,Benin,BJ,BEN,Atacora,Atacora,BJ-AK,department,,75.1,,,4,Africa/Porto-Novo,FALSE,1204643116
Danko,Danko,,6.6189,2.4515,Benin,BJ,BEN,Ouémé,Oueme,BJ-OU,department,,297.2,,,3,Africa/Porto-Novo,FALSE,1204985725
Féniagoubouté,Feniagouboute,,10.5091,1.4750,Benin,BJ,BEN,Atacora,Atacora,BJ-AK,department,,121.2,,,4,Africa/Porto-Novo,FALSE,1204053115
Téméré,Temere,,11.1682,2.1979,Benin,BJ,BEN,Alibori,Alibori,BJ-AL,department,,76.1,,,4,Africa/Porto-Novo,FALSE,1204138892
Gbanavé,Gbanave,,6.7830,1.7423,Benin,BJ,BEN,Couffo,Couffo,BJ-KO,department,,414.0,,,3,Africa/Porto-Novo,FALSE,1204692059
Guinrou,Guinrou,,9.2942,2.4955,Benin,BJ,BEN,Borgou,Borgou,BJ-BO,department,,48.5,,,4,Africa/Porto-Novo,FALSE,1204884954
Lapopolron,Lapopolron,,10.7230,0.9956,Benin,BJ,BEN,Atacora,Atacora,BJ-AK,department,,80.6,,,4,Africa/Porto-Novo,FALSE,1204558648
Sinmpérérou,Sinmpererou,,10.1921,1.9227,Benin,BJ,BEN,Atacora,Atacora,BJ-AK,department,,46.7,,,4,Africa/Porto-Novo,FALSE,1204547050
Bérokpané,Berokpane,,9.9301,3.2595,Benin,BJ,BEN,Borgou,Borgou,BJ-BO,department,,60.0,,,4,Africa/Porto-Novo,FALSE,1204829358
Bérokpané,Berokpane,,9.8588,2.9615,Benin,BJ,BEN,Borgou,Borgou,BJ-BO,department,,54.3,,,4,Africa/Porto-Novo,TRUE,1204261262
Gouniénou,Gounienou,,10.7842,2.0959,Benin,BJ,BEN,Atacora,Atacora,BJ-AK,department,,34.8,,,4,Africa/Porto-Novo,FALSE,1204766488
Adjovicodji,Adjovicodji,Avicondji|Aouicodji|Aviconji,6.3667,2.1333,Benin,BJ,BEN,Atlantique,Atlantique,BJ-AQ,department,,1140.1,,,3,Africa/Porto-Novo,FALSE,1204997147
Tannda,Tannda,,10.2196,1.5727,Benin,BJ,BEN,Atacora,Atacora,BJ-AK,department,,42.2,,,4,Africa/Porto-Novo,FALSE,1204931445
Outounteya,Outounteya,Ouroutountaya,10.6062,1.5680,Benin,BJ,BEN,Atacora,Atacora,BJ-AK,department,,121.2,,,4,Africa/Porto-Novo,FALSE,1204249900
Idokofo,Idokofo,,11.2410,2.9934,Benin,BJ,BEN,Alibori,Alibori,BJ-AL,department,,75.1,,,4,Africa/Porto-Novo,FALSE,1204927995
Gonndeïzar,Gonndeizar,,9.7263,1.5099,Benin,BJ,BEN,Donga,Donga,BJ-DO,department,,81.0,,,4,Africa/Porto-Novo,FALSE,1204052438
Ourarou,Ourarou,,9.8826,2.8067,Benin,BJ,BEN,Borgou,Borgou,BJ-BO,department,,42.6,,,4,Africa/Porto-Novo,FALSE,1204861238
Nékuéma,Nekuema,,10.4458,1.2507,Benin,BJ,BEN,Atacora,Atacora,BJ-AK,department,,121.2,,,4,Africa/Porto-Novo,FALSE,1204274612
Gorobani,Gorobani,,9.3500,2.5667,Benin,BJ,BEN,Borgou,Borgou,BJ-BO,department,,757.7,,,3,Africa/Porto-Novo,FALSE,1204331131
Gorobani,Gorobani,,10.2197,2.3033,Benin,BJ,BEN,Borgou,Borgou,BJ-BO,department,,54.4,,,4,Africa/Porto-Novo,TRUE,1204579337
Gorobani,Gorobani,,9.2250,2.5617,Benin,BJ,BEN,Borgou,Borgou,BJ-BO,department,,48.5,,,4,Africa/Porto-Novo,TRUE,1204482430
Gigogon,Gigogon,,7.3333,1.8667,Benin,BJ,BEN,Zou,Zou,BJ-ZO,department,,73.8,,,4,Africa/Porto-Novo,FALSE,1204109122
Semalrhou,Semalrhou,,9.6026,1.7289,Benin,BJ,BEN,Donga,Donga,BJ-DO,department,,81.0,,,4,Africa/Porto-Novo,FALSE,1204270460
Gbéssara,Gbessara,,10.8658,3.3787,Benin,BJ,BEN,Alibori,Alibori,BJ-AL,department,,28.4,,,4,Africa/Porto-Novo,FALSE,1204901594
Kodji,Kodji,,7.2110,1.9430,Benin,BJ,BEN,Zou,Zou,BJ-ZO,department,,674.7,,,3,Africa/Porto-Novo,FALSE,1204158709
Sabikono,Sabikono,,9.4958,3.1232,Benin,BJ,BEN,Borgou,Borgou,BJ-BO,department,,54.3,,,4,Africa/Porto-Novo,FALSE,1204291130
Kouporgou,Kouporgou,,10.2637,1.1280,Benin,BJ,BEN,Atacora,Atacora,BJ-AK,department,,84.2,,,4,Africa/Porto-Novo,FALSE,1204879955
Pessaurou,Pessaurou,Pessourou,10.2806,3.2667,Benin,BJ,BEN,Borgou,Borgou,BJ-BO,department,,66.1,,,4,Africa/Porto-Novo,FALSE,1204651766
Barérou,Barerou,,9.3522,2.3898,Benin,BJ,BEN,Borgou,Borgou,BJ-BO,department,,48.5,,,4,Africa/Porto-Novo,FALSE,1204652246
Agblomé-Lévi,Agblome-Levi,,7.1833,1.9667,Benin,BJ,BEN,Zou,Zou,BJ-ZO,department,,674.7,,,3,Africa/Porto-Novo,FALSE,1204386012
Gando Pénérou,Gando Penerou,,11.0826,2.7524,Benin,BJ,BEN,Alibori,Alibori,BJ-AL,department,,75.1,,,4,Africa/Porto-Novo,FALSE,1204488592
Worou,Worou,,10.4260,1.9545,Benin,BJ,BEN,Atacora,Atacora,BJ-AK,department,,46.7,,,4,Africa/Porto-Novo,FALSE,1204181221
Kouabili,Kouabili,,10.4414,1.0371,Benin,BJ,BEN,Atacora,Atacora,BJ-AK,department,,84.2,,,4,Africa/Porto-Novo,FALSE,1204810208
Kounadou,Kounadou,,10.4203,1.0917,Benin,BJ,BEN,Atacora,Atacora,BJ-AK,department,,84.2,,,4,Africa/Porto-Novo,FALSE,1204770388
Niékoubanta,Niekoubanta,,11.3779,2.4950,Benin,BJ,BEN,Alibori,Alibori,BJ-AL,department,,76.1,,,4,Africa/Porto-Novo,FALSE,1204244848
Nicouécodji,Nicouecodji,Nikoué Condji,6.2667,1.7667,Benin,BJ,BEN,Mono,Mono,BJ-MO,department,,325.8,,,3,Africa/Porto-Novo,FALSE,1204189345
Danguimapiga,Danguimapiga,,10.5232,1.3195,Benin,BJ,BEN,Atacora,Atacora,BJ-AK,department,,121.2,,,4,Africa/Porto-Novo,FALSE,1204083798
Wansirou,Wansirou,,9.3667,2.6167,Benin,BJ,BEN,Borgou,Borgou,BJ-BO,department,,757.7,,,3,Africa/Porto-Novo,FALSE,1204144289
Doounglé,Dooungle,,9.6225,1.4547,Benin,BJ,BEN,Donga,Donga,BJ-DO,department,,169.2,,,4,Africa/Porto-Novo,FALSE,1204214586
Yarra,Yarra,,10.5131,2.4719,Benin,BJ,BEN,Borgou,Borgou,BJ-BO,department,,54.4,,,4,Africa/Porto-Novo,FALSE,1204679866
Adiamadiang,Adiamadiang,,9.6000,1.5667,Benin,BJ,BEN,Donga,Donga,BJ-DO,department,,81.0,,,4,Africa/Porto-Novo,FALSE,1204220343
Tiakalatou,Tiakalatou,Tchakalakou,10.5463,1.3392,Benin,BJ,BEN,Atacora,Atacora,BJ-AK,department,,121.2,,,4,Africa/Porto-Novo,FALSE,1204332255
Ikékonkou,Ikekonkou,,11.1806,3.0592,Benin,BJ,BEN,Atacora,Atacora,BJ-AK,department,,75.1,,,4,Africa/Porto-Novo,FALSE,1204454565
Sakarou,Sakarou,,9.8796,2.7764,Benin,BJ,BEN,Borgou,Borgou,BJ-BO,department,,40.5,,,4,Africa/Porto-Novo,FALSE,1204403856
Sakarou,Sakarou,,9.5203,2.5176,Benin,BJ,BEN,Borgou,Borgou,BJ-BO,department,,40.5,,,4,Africa/Porto-Novo,TRUE,1204252950
Yerissakou,Yerissakou,,9.9890,1.7172,Benin,BJ,BEN,Donga,Donga,BJ-DO,department,,99.5,,,4,Africa/Porto-Novo,FALSE,1204888701
Todji,Todji,,6.4833,2.5333,Benin,BJ,BEN,Ouémé,Oueme,BJ-OU,department,,708.9,,,3,Africa/Porto-Novo,FALSE,1204301654
Kolobandé,Kolobande,,9.6151,1.5009,Benin,BJ,BEN,Donga,Donga,BJ-DO,department,,168.2,,,4,Africa/Porto-Novo,FALSE,1204626823
Poungafaga,Poungafaga,,10.6525,1.3814,Benin,BJ,BEN,Atacora,Atacora,BJ-AK,department,,16.8,,,4,Africa/Porto-Novo,FALSE,1204390220
Sogorou,Sogorou,,11.1099,2.2984,Benin,BJ,BEN,Alibori,Alibori,BJ-AL,department,,76.1,,,4,Africa/Porto-Novo,FALSE,1204334339
Likéré,Likere,,10.5283,0.9181,Benin,BJ,BEN,Atacora,Atacora,BJ-AK,department,,90.9,,,4,Africa/Porto-Novo,FALSE,1204778114
Kabitiéni,Kabitieni,,10.3004,0.8893,Benin,BJ,BEN,Atacora,Atacora,BJ-AK,department,,87.9,,,4,Africa/Porto-Novo,FALSE,1204132774
Kankoulrha-Beussènnrha,Kankoulrha-Beussennrha,Koubénébéné,9.9832,1.4540,Benin,BJ,BEN,Atacora,Atacora,BJ-AK,department,,99.5,,,4,Africa/Porto-Novo,FALSE,1204667664
Gonmbékoga,Gonmbekoga,,11.3343,2.5619,Benin,BJ,BEN,Alibori,Alibori,BJ-AL,department,,76.1,,,4,Africa/Porto-Novo,FALSE,1204444113
Sakpéta,Sakpeta,,7.2833,1.6667,Benin,BJ,BEN,Couffo,Couffo,BJ-KO,department,,224.6,,,3,Africa/Porto-Novo,FALSE,1204951891
Bodjo,Bodjo,,6.4667,2.3667,Benin,BJ,BEN,Atlantique,Atlantique,BJ-AQ,department,,2120.5,,,2,Africa/Porto-Novo,FALSE,1204212086
Bagalipété,Bagalipete,,10.3060,3.2583,Benin,BJ,BEN,Borgou,Borgou,BJ-BO,department,,66.1,,,4,Africa/Porto-Novo,FALSE,1204839279
Kokoourhou,Kokoourhou,Kokourou,9.5094,1.5866,Benin,BJ,BEN,Donga,Donga,BJ-DO,department,,81.0,,,4,Africa/Porto-Novo,FALSE,1204981896
Pétéki,Peteki,Adjadohondégon,7.4167,1.8333,Benin,BJ,BEN,Zou,Zou,BJ-ZO,department,,73.8,,,4,Africa/Porto-Novo,FALSE,1204602795
Hovenou,Hovenou,,7.0066,1.8742,Benin,BJ,BEN,Couffo,Couffo,BJ-KO,department,,369.6,,,3,Africa/Porto-Novo,FALSE,1204131232
Soumou,Soumou,,9.1000,2.4795,Benin,BJ,BEN,Borgou,Borgou,BJ-BO,department,,48.5,,,4,Africa/Porto-Novo,FALSE,1204207425
Tokoli,Tokoli,,6.4576,2.1885,Benin,BJ,BEN,Atlantique,Atlantique,BJ-AQ,department,,141.3,,,4,Africa/Porto-Novo,FALSE,1204687223
Gogorofiyenga,Gogorofiyenga,,9.6799,1.9320,Benin,BJ,BEN,Donga,Donga,BJ-DO,department,,81.0,,,4,Africa/Porto-Novo,FALSE,1204753366
Oukpa,Oukpa,,7.2781,1.9762,Benin,BJ,BEN,Zou,Zou,BJ-ZO,department,,73.8,,,4,Africa/Porto-Novo,FALSE,1204459457
Lèkpé,Lekpe,,7.6064,1.7927,Benin,BJ,BEN,Zou,Zou,BJ-ZO,department,,73.8,,,4,Africa/Porto-Novo,FALSE,1204738843
Mendenkan,Mendenkan,,6.8333,1.8667,Benin,BJ,BEN,Couffo,Couffo,BJ-KO,department,,340.6,,,3,Africa/Porto-Novo,FALSE,1204735120
Samou,Samou,,11.2435,2.2472,Benin,BJ,BEN,Alibori,Alibori,BJ-AL,department,,76.1,,,4,Africa/Porto-Novo,FALSE,1204658232
Yadia,Yadia,,9.3833,1.4833,Benin,BJ,BEN,Donga,Donga,BJ-DO,department,,35.9,,,4,Africa/Porto-Novo,FALSE,1204310064
Koupokondo,Koupokondo,,10.7968,0.9008,Benin,BJ,BEN,Atacora,Atacora,BJ-AK,department,,80.6,,,4,Africa/Porto-Novo,FALSE,1204754605
Agousotodji,Agousotodji,,7.4667,1.9167,Benin,BJ,BEN,Zou,Zou,BJ-ZO,department,,73.8,,,4,Africa/Porto-Novo,FALSE,1204409498
Kokobré,Kokobre,,10.4863,1.3960,Benin,BJ,BEN,Atacora,Atacora,BJ-AK,department,,121.2,,,4,Africa/Porto-Novo,FALSE,1204764875
Hizan Kogédé,Hizan Kogede,Kogédé,7.2083,2.1676,Benin,BJ,BEN,Zou,Zou,BJ-ZO,department,,462.3,,,3,Africa/Porto-Novo,FALSE,1204172234
Méteton,Meteton,Médétogbo,6.6942,1.9848,Benin,BJ,BEN,Mono,Mono,BJ-MO,department,,319.0,,,3,Africa/Porto-Novo,FALSE,1204662749
Tansé,Tanse,Tencé,10.4297,1.6934,Benin,BJ,BEN,Atacora,Atacora,BJ-AK,department,,42.2,,,4,Africa/Porto-Novo,FALSE,1204063104
Gbèdjehoun,Gbedjehoun,,6.5829,2.6300,Benin,BJ,BEN,Ouémé,Oueme,BJ-OU,department,,1933.1,,,3,Africa/Porto-Novo,FALSE,1204691839
Timmboïrou,Timmboirou,,9.9257,2.7790,Benin,BJ,BEN,Borgou,Borgou,BJ-BO,department,,40.6,,,4,Africa/Porto-Novo,FALSE,1204049919
Sanimé,Sanime,,9.6329,3.1481,Benin,BJ,BEN,Borgou,Borgou,BJ-BO,department,,54.3,,,4,Africa/Porto-Novo,FALSE,1204979134
Podji,Podji,Pogi,6.3934,2.5927,Benin,BJ,BEN,Ouémé,Oueme,BJ-OU,department,,2416.6,,,2,Africa/Porto-Novo,FALSE,1204921946
Gabo Guindé,Gabo Guinde,,11.7478,3.3948,Benin,BJ,BEN,Atacora,Atacora,BJ-AK,department,,70.0,,,4,Africa/Porto-Novo,FALSE,1204366059
Bédo,Bedo,,6.7000,2.7333,Benin,BJ,BEN,Plateau,Plateau,BJ-PL,department,,798.3,,,3,Africa/Porto-Novo,FALSE,1204892160
Bourfa-Bourfa,Bourfa-Bourfa,,10.7039,1.7488,Benin,BJ,BEN,Atacora,Atacora,BJ-AK,department,,42.2,,,4,Africa/Porto-Novo,FALSE,1204032993
Ouokon,Ouokon,,7.0979,2.4599,Benin,BJ,BEN,Zou,Zou,BJ-ZO,department,,264.7,,,3,Africa/Porto-Novo,FALSE,1204828815
Ayékolélo,Ayekolelo,,8.4823,1.7854,Benin,BJ,BEN,Collines,Collines,BJ-CO,department,,47.8,,,4,Africa/Porto-Novo,FALSE,1204496329
Kpérérou,Kpererou,Pérérou,9.4078,2.3148,Benin,BJ,BEN,Borgou,Borgou,BJ-BO,department,,48.5,,,4,Africa/Porto-Novo,FALSE,1204279712
Ouedjologon,Ouedjologon,,7.3500,1.9667,Benin,BJ,BEN,Zou,Zou,BJ-ZO,department,,73.8,,,4,Africa/Porto-Novo,FALSE,1204705388
Agofissi,Agofissi,,7.0500,1.8667,Benin,BJ,BEN,Couffo,Couffo,BJ-KO,department,,369.6,,,3,Africa/Porto-Novo,FALSE,1204057445
Doubo,Doubo,,9.8253,2.5558,Benin,BJ,BEN,Borgou,Borgou,BJ-BO,department,,40.5,,,4,Africa/Porto-Novo,FALSE,1204472170
Pélékégon,Pelekegon,,7.3833,1.7500,Benin,BJ,BEN,Zou,Zou,BJ-ZO,department,,73.8,,,4,Africa/Porto-Novo,FALSE,1204477222
Ouroumossi,Ouroumossi,,9.8896,3.3177,Benin,BJ,BEN,Borgou,Borgou,BJ-BO,department,,60.0,,,4,Africa/Porto-Novo,FALSE,1204935183
Degladono,Degladono,,7.8500,1.7667,Benin,BJ,BEN,Collines,Collines,BJ-CO,department,,66.2,,,4,Africa/Porto-Novo,FALSE,1204116862
Kialékounga,Kialekounga,,10.7086,0.8214,Benin,BJ,BEN,Atacora,Atacora,BJ-AK,department,,80.6,,,4,Africa/Porto-Novo,FALSE,1204751736
Mindossi,Mindossi,,9.5296,1.7229,Benin,BJ,BEN,Donga,Donga,BJ-DO,department,,81.0,,,4,Africa/Porto-Novo,FALSE,1204792859
Dalaboiga,Dalaboiga,,10.9096,1.0129,Benin,BJ,BEN,Atacora,Atacora,BJ-AK,department,,80.6,,,4,Africa/Porto-Novo,FALSE,1204541687
Doukouongon,Doukouongon,,7.3500,1.8833,Benin,BJ,BEN,Zou,Zou,BJ-ZO,department,,73.8,,,4,Africa/Porto-Novo,FALSE,1204408212
Hondo,Hondo,,7.5167,1.9167,Benin,BJ,BEN,Zou,Zou,BJ-ZO,department,,73.8,,,4,Africa/Porto-Novo,FALSE,1204297141
Kpessilaka,Kpessilaka,,10.4500,1.3000,Benin,BJ,BEN,Atacora,Atacora,BJ-AK,department,,121.2,,,4,Africa/Porto-Novo,FALSE,1204797018
Wakoukouka,Wakoukouka,,10.1966,1.6732,Benin,BJ,BEN,Atacora,Atacora,BJ-AK,department,,42.2,,,4,Africa/Porto-Novo,FALSE,1204911454
Agbanboulou,Agbanboulou,,9.5667,1.4833,Benin,BJ,BEN,Donga,Donga,BJ-DO,department,,169.2,,,4,Africa/Porto-Novo,FALSE,1204001729
Dikiatipouri,Dikiatipouri,,10.1651,1.4162,Benin,BJ,BEN,Atacora,Atacora,BJ-AK,department,,90.9,,,4,Africa/Porto-Novo,FALSE,1204452876
Koukouantongou,Koukouantongou,,10.2786,1.1254,Benin,BJ,BEN,Atacora,Atacora,BJ-AK,department,,84.2,,,4,Africa/Porto-Novo,FALSE,1204078255
Boroné,Borone,,8.8919,2.5789,Benin,BJ,BEN,Borgou,Borgou,BJ-BO,department,,48.5,,,4,Africa/Porto-Novo,FALSE,1204831269
Niangou,Niangou,,10.7197,1.4168,Benin,BJ,BEN,Atacora,Atacora,BJ-AK,department,,16.8,,,4,Africa/Porto-Novo,FALSE,1204991895
Poludji,Poludji,,7.1503,1.7435,Benin,BJ,BEN,Couffo,Couffo,BJ-KO,department,,224.6,,,3,Africa/Porto-Novo,FALSE,1204811120
Songoura,Songoura,,10.1808,2.8956,Benin,BJ,BEN,Borgou,Borgou,BJ-BO,department,,48.4,,,4,Africa/Porto-Novo,FALSE,1204692102
Walrou,Walrou,Oulaougou,9.5833,1.8000,Benin,BJ,BEN,Donga,Donga,BJ-DO,department,,81.0,,,4,Africa/Porto-Novo,FALSE,1204301793
Baboulounparou,Baboulounparou,,9.5146,2.9785,Benin,BJ,BEN,Borgou,Borgou,BJ-BO,department,,54.3,,,4,Africa/Porto-Novo,FALSE,1204965530
Yarka,Yarka,,10.3578,1.3588,Benin,BJ,BEN,Atacora,Atacora,BJ-AK,department,,90.9,,,4,Africa/Porto-Novo,FALSE,1204239152
Berhou,Berhou,,9.5909,1.5196,Benin,BJ,BEN,Donga,Donga,BJ-DO,department,,169.2,,,4,Africa/Porto-Novo,FALSE,1204054244
Béyassou,Beyassou,,9.4157,3.1205,Benin,BJ,BEN,Borgou,Borgou,BJ-BO,department,,54.3,,,4,Africa/Porto-Novo,FALSE,1204972189
Gbessi,Gbessi,,10.1835,2.9635,Benin,BJ,BEN,Borgou,Borgou,BJ-BO,department,,60.0,,,4,Africa/Porto-Novo,FALSE,1204472081
Issèné,Issene,,11.7389,3.1876,Benin,BJ,BEN,Atacora,Atacora,BJ-AK,department,,70.0,,,4,Africa/Porto-Novo,FALSE,1204988361
Agbétogagon,Agbetogagon,,7.4333,1.9667,Benin,BJ,BEN,Zou,Zou,BJ-ZO,department,,73.8,,,4,Africa/Porto-Novo,FALSE,1204521330
Kboba,Kboba,,8.0264,2.1746,Benin,BJ,BEN,Collines,Collines,BJ-CO,department,,86.1,,,4,Africa/Porto-Novo,FALSE,1204009615
Goromossorou,Goromossorou,,9.2655,2.3473,Benin,BJ,BEN,Borgou,Borgou,BJ-BO,department,,48.5,,,4,Africa/Porto-Novo,FALSE,1204738248
Gaouenzi,Gaouenzi,Gawinzi,10.3984,3.5741,Benin,BJ,BEN,Borgou,Borgou,BJ-BO,department,,66.1,,,4,Africa/Porto-Novo,FALSE,1204048822
Bourakou,Bourakou,,10.0820,2.5775,Benin,BJ,BEN,Borgou,Borgou,BJ-BO,department,,48.1,,,4,Africa/Porto-Novo,FALSE,1204732681
Guéguézogon,Gueguezogon,,7.1720,1.9446,Benin,BJ,BEN,Zou,Zou,BJ-ZO,department,,674.7,,,3,Africa/Porto-Novo,FALSE,1204505388
Ekpi,Ekpi,,7.4500,1.6833,Benin,BJ,BEN,Couffo,Couffo,BJ-KO,department,,224.6,,,3,Africa/Porto-Novo,FALSE,1204387718
Houndjokoué,Houndjokoue,,7.2333,1.9500,Benin,BJ,BEN,Zou,Zou,BJ-ZO,department,,73.8,,,4,Africa/Porto-Novo,FALSE,1204956329
Toungué,Toungue,,6.6000,2.5333,Benin,BJ,BEN,Ouémé,Oueme,BJ-OU,department,,676.2,,,3,Africa/Porto-Novo,FALSE,1204994642
Bemrha Gonanga,Bemrha Gonanga,,9.8145,1.7506,Benin,BJ,BEN,Donga,Donga,BJ-DO,department,,81.0,,,4,Africa/Porto-Novo,FALSE,1204289417
Acadjamé,Acadjame,Acadjama,6.4743,2.1963,Benin,BJ,BEN,Atlantique,Atlantique,BJ-AQ,department,,141.3,,,4,Africa/Porto-Novo,FALSE,1204762969
Boulanki,Boulanki,,10.6772,3.8032,Benin,BJ,BEN,Alibori,Alibori,BJ-AL,department,,28.4,,,4,Africa/Porto-Novo,FALSE,1204219191
Dada,Dada,,10.4402,3.2016,Benin,BJ,BEN,Borgou,Borgou,BJ-BO,department,,66.1,,,4,Africa/Porto-Novo,FALSE,1204125640
Yanpouiga,Yanpouiga,,10.8164,0.9727,Benin,BJ,BEN,Atacora,Atacora,BJ-AK,department,,80.6,,,4,Africa/Porto-Novo,FALSE,1204098044
Soubignoubé,Soubignoube,,7.5500,1.9833,Benin,BJ,BEN,Zou,Zou,BJ-ZO,department,,73.8,,,4,Africa/Porto-Novo,FALSE,1204227843
Assankanmé,Assankanme,,7.2667,1.9000,Benin,BJ,BEN,Zou,Zou,BJ-ZO,department,,73.8,,,4,Africa/Porto-Novo,FALSE,1204691509
Borosson,Borosson,,9.8666,2.5099,Benin,BJ,BEN,Borgou,Borgou,BJ-BO,department,,40.5,,,4,Africa/Porto-Novo,FALSE,1204305031
Igolo,Igolo,,6.6487,2.7342,Benin,BJ,BEN,Plateau,Plateau,BJ-PL,department,,748.8,,,3,Africa/Porto-Novo,FALSE,1204861656
Gangouro,Gangouro,,9.8612,3.3085,Benin,BJ,BEN,Borgou,Borgou,BJ-BO,department,,60.0,,,4,Africa/Porto-Novo,FALSE,1204682340
Lagborché,Lagborche,,7.2000,1.8333,Benin,BJ,BEN,Couffo,Couffo,BJ-KO,department,,224.6,,,3,Africa/Porto-Novo,FALSE,1204093274
Sawo,Sawo,,7.8333,1.8000,Benin,BJ,BEN,Collines,Collines,BJ-CO,department,,66.2,,,4,Africa/Porto-Novo,FALSE,1204925338
Nazoumé,Nazoume,Nazeme,6.3669,1.9597,Benin,BJ,BEN,Mono,Mono,BJ-MO,department,,408.3,,,3,Africa/Porto-Novo,FALSE,1204055892
Arérou,Arerou,,9.4450,2.5919,Benin,BJ,BEN,Borgou,Borgou,BJ-BO,department,,87.9,,,4,Africa/Porto-Novo,FALSE,1204078368
Doulou,Doulou,,11.1426,2.3345,Benin,BJ,BEN,Alibori,Alibori,BJ-AL,department,,76.1,,,4,Africa/Porto-Novo,FALSE,1204341736
Guiguizo,Guiguizo,Guiguiso,9.0500,1.6833,Benin,BJ,BEN,Donga,Donga,BJ-DO,department,,35.9,,,4,Africa/Porto-Novo,FALSE,1204293434
Ouéougon,Oueougon,,7.4167,1.8000,Benin,BJ,BEN,Zou,Zou,BJ-ZO,department,,73.8,,,4,Africa/Porto-Novo,FALSE,1204434470
Koutatiégou,Koutatiegou,,10.1560,1.1267,Benin,BJ,BEN,Atacora,Atacora,BJ-AK,department,,84.2,,,4,Africa/Porto-Novo,FALSE,1204831043
Dagoudikoé,Dagoudikoe,,7.1167,1.8167,Benin,BJ,BEN,Couffo,Couffo,BJ-KO,department,,369.6,,,3,Africa/Porto-Novo,FALSE,1204000066
Gogué Kpara,Gogue Kpara,,11.4423,3.4760,Benin,BJ,BEN,Atacora,Atacora,BJ-AK,department,,70.0,,,4,Africa/Porto-Novo,FALSE,1204000003
Bouro,Bouro,,10.3621,2.4527,Benin,BJ,BEN,Borgou,Borgou,BJ-BO,department,,54.4,,,4,Africa/Porto-Novo,FALSE,1204430545
Kpéré,Kpere,,9.9977,1.8938,Benin,BJ,BEN,Donga,Donga,BJ-DO,department,,81.0,,,4,Africa/Porto-Novo,FALSE,1204912519
Nikikpérou,Nikikperou,,9.4000,2.5833,Benin,BJ,BEN,Borgou,Borgou,BJ-BO,department,,757.7,,,3,Africa/Porto-Novo,FALSE,1204043219
Benntanko,Benntanko,,10.4124,1.0747,Benin,BJ,BEN,Atacora,Atacora,BJ-AK,department,,84.2,,,4,Africa/Porto-Novo,FALSE,1204437808
Toukamé,Toukame,,6.7833,1.7667,Benin,BJ,BEN,Couffo,Couffo,BJ-KO,department,,414.0,,,3,Africa/Porto-Novo,FALSE,1204817838
Eouihéra,Eouihera,,7.7500,1.6667,Benin,BJ,BEN,Collines,Collines,BJ-CO,department,,66.2,,,4,Africa/Porto-Novo,FALSE,1204374881
Katabam,Katabam,,9.9058,1.5234,Benin,BJ,BEN,Donga,Donga,BJ-DO,department,,99.5,,,4,Africa/Porto-Novo,FALSE,1204380203
Adjahakpa,Adjahakpa,,7.1373,1.9293,Benin,BJ,BEN,Zou,Zou,BJ-ZO,department,,434.1,,,3,Africa/Porto-Novo,FALSE,1204134976
Dé,De,,9.8626,3.2645,Benin,BJ,BEN,Borgou,Borgou,BJ-BO,department,,60.0,,,4,Africa/Porto-Novo,FALSE,1204940689
Kounounko,Kounounko,,10.0516,1.4869,Benin,BJ,BEN,Atacora,Atacora,BJ-AK,department,,42.2,,,4,Africa/Porto-Novo,FALSE,1204961914
Fannouhoué,Fannouhoue,Facinahoué,6.5000,2.1000,Benin,BJ,BEN,Atlantique,Atlantique,BJ-AQ,department,,141.3,,,4,Africa/Porto-Novo,FALSE,1204168778
Doningri,Doningri,,9.9217,1.4247,Benin,BJ,BEN,Donga,Donga,BJ-DO,department,,99.5,,,4,Africa/Porto-Novo,FALSE,1204851249
Bassoussou,Bassoussou,,9.7824,3.0364,Benin,BJ,BEN,Borgou,Borgou,BJ-BO,department,,54.3,,,4,Africa/Porto-Novo,FALSE,1204987891
Tchoué,Tchoue,Djoué,9.6167,1.4667,Benin,BJ,BEN,Donga,Donga,BJ-DO,department,,169.2,,,4,Africa/Porto-Novo,FALSE,1204706190
Afatalanga,Afatalanga,Ajetalanga,9.6888,1.7573,Benin,BJ,BEN,Donga,Donga,BJ-DO,department,,81.0,,,4,Africa/Porto-Novo,FALSE,1204847010
Gbéssaka,Gbessaka,Bessaka,10.9626,3.3937,Benin,BJ,BEN,Alibori,Alibori,BJ-AL,department,,28.4,,,4,Africa/Porto-Novo,FALSE,1204433010
Bouérou-Gourou,Bouerou-Gourou,,10.1657,1.9539,Benin,BJ,BEN,Atacora,Atacora,BJ-AK,department,,46.7,,,4,Africa/Porto-Novo,FALSE,1204823862
Soukarou,Soukarou,,10.6915,2.6947,Benin,BJ,BEN,Alibori,Alibori,BJ-AL,department,,30.1,,,4,Africa/Porto-Novo,FALSE,1204999584
Sonparérou,Sonparerou,,10.1861,2.0652,Benin,BJ,BEN,Atacora,Atacora,BJ-AK,department,,46.7,,,4,Africa/Porto-Novo,FALSE,1204521538
Gnansi,Gnansi,,9.6119,3.0526,Benin,BJ,BEN,Borgou,Borgou,BJ-BO,department,,54.3,,,4,Africa/Porto-Novo,FALSE,1204551933
Kabogourou,Kabogourou,Kako|Kabo,9.1900,3.0535,Benin,BJ,BEN,Borgou,Borgou,BJ-BO,department,,48.5,,,4,Africa/Porto-Novo,FALSE,1204213898
Kondéga-Déréporga,Kondega-Dereporga,,10.7603,0.9234,Benin,BJ,BEN,Atacora,Atacora,BJ-AK,department,,80.6,,,4,Africa/Porto-Novo,FALSE,1204725189
Mounountanzemou,Mounountanzemou,,10.0825,1.4788,Benin,BJ,BEN,Atacora,Atacora,BJ-AK,department,,90.9,,,4,Africa/Porto-Novo,FALSE,1204266711
Beumbè,Beumbe,,9.6078,1.4165,Benin,BJ,BEN,Donga,Donga,BJ-DO,department,,169.2,,,4,Africa/Porto-Novo,FALSE,1204426321
Adakparo,Adakparo,,9.2623,2.6481,Benin,BJ,BEN,Borgou,Borgou,BJ-BO,department,,48.6,,,4,Africa/Porto-Novo,FALSE,1204981167
Adamé,Adame,,6.6932,1.6195,Benin,BJ,BEN,Mono,Mono,BJ-MO,department,,499.3,,,3,Africa/Porto-Novo,FALSE,1204566991
Fayèlro,Fayelro,,9.9739,1.6213,Benin,BJ,BEN,Atacora,Atacora,BJ-AK,department,,42.2,,,4,Africa/Porto-Novo,FALSE,1204054643
Mayzégou Kwara,Mayzegou Kwara,Mayzégoukoara,12.3248,2.8989,Benin,BJ,BEN,Alibori,Alibori,BJ-AL,department,,15.5,,,4,Africa/Porto-Novo,FALSE,1204415001
Tondi Bouka,Tondi Bouka,,11.9559,3.1806,Benin,BJ,BEN,Atacora,Atacora,BJ-AK,department,,70.0,,,4,Africa/Porto-Novo,FALSE,1204090293
Sabalagban,Sabalagban,,8.0133,2.1983,Benin,BJ,BEN,Collines,Collines,BJ-CO,department,,86.1,,,4,Africa/Porto-Novo,FALSE,1204049415
Tiessikourbou,Tiessikourbou,,10.4133,1.3922,Benin,BJ,BEN,Atacora,Atacora,BJ-AK,department,,90.9,,,4,Africa/Porto-Novo,FALSE,1204434915
Okpédié,Okpedie,,8.2167,1.8667,Benin,BJ,BEN,Collines,Collines,BJ-CO,department,,47.8,,,4,Africa/Porto-Novo,FALSE,1204616471
Konanbougou,Konanbougou,,10.3851,0.8825,Benin,BJ,BEN,Atacora,Atacora,BJ-AK,department,,90.9,,,4,Africa/Porto-Novo,FALSE,1204587958
Kouabi,Kouabi,,10.3133,2.3754,Benin,BJ,BEN,Borgou,Borgou,BJ-BO,department,,54.4,,,4,Africa/Porto-Novo,FALSE,1204673149
Tamissari,Tamissari,,10.7363,0.8643,Benin,BJ,BEN,Atacora,Atacora,BJ-AK,department,,80.6,,,4,Africa/Porto-Novo,FALSE,1204407690
Olo,Olo,,11.8697,3.3750,Benin,BJ,BEN,Atacora,Atacora,BJ-AK,department,,70.0,,,4,Africa/Porto-Novo,FALSE,1204228252
Djéga,Djega,,10.3033,3.2159,Benin,BJ,BEN,Borgou,Borgou,BJ-BO,department,,66.1,,,4,Africa/Porto-Novo,FALSE,1204449358
Ouali,Ouali,,6.7057,2.2487,Benin,BJ,BEN,Atlantique,Atlantique,BJ-AQ,department,,215.7,,,3,Africa/Porto-Novo,FALSE,1204072610
Sèkolrho,Sekolrho,,9.6335,1.7218,Benin,BJ,BEN,Donga,Donga,BJ-DO,department,,81.0,,,4,Africa/Porto-Novo,FALSE,1204506591
Bouloutéké,Boulouteke,,10.7010,0.9148,Benin,BJ,BEN,Atacora,Atacora,BJ-AK,department,,80.6,,,4,Africa/Porto-Novo,FALSE,1204826158
Bohoué,Bohoue,,7.5167,1.9000,Benin,BJ,BEN,Zou,Zou,BJ-ZO,department,,73.8,,,4,Africa/Porto-Novo,FALSE,1204508414
Pingou,Pingou,Kpingou|Kpingo,10.6909,1.1082,Benin,BJ,BEN,Atacora,Atacora,BJ-AK,department,,80.6,,,4,Africa/Porto-Novo,FALSE,1204509053
Kpéro Pogoro,Kpero Pogoro,,11.5592,2.7547,Benin,BJ,BEN,Alibori,Alibori,BJ-AL,department,,15.5,,,4,Africa/Porto-Novo,FALSE,1204098488
Béssassi,Bessassi,Gbessassi,10.3840,3.4693,Benin,BJ,BEN,Borgou,Borgou,BJ-BO,department,,66.1,,,4,Africa/Porto-Novo,FALSE,1204716535
Okélakba,Okelakba,,8.8999,2.6018,Benin,BJ,BEN,Borgou,Borgou,BJ-BO,department,,48.5,,,4,Africa/Porto-Novo,FALSE,1204537945
Pékinga,Pekinga,,12.3492,2.8518,Benin,BJ,BEN,Alibori,Alibori,BJ-AL,department,,15.5,,,4,Africa/Porto-Novo,FALSE,1204497710
Kpamalangou,Kpamalangou,Pambalao,9.7512,1.7031,Benin,BJ,BEN,Donga,Donga,BJ-DO,department,,81.0,,,4,Africa/Porto-Novo,FALSE,1204247263
Tikou,Tikou,,10.3874,1.4886,Benin,BJ,BEN,Atacora,Atacora,BJ-AK,department,,91.8,,,4,Africa/Porto-Novo,FALSE,1204086536
Tikou,Tikou,Ticou,10.4054,1.6444,Benin,BJ,BEN,Atacora,Atacora,BJ-AK,department,,42.2,,,4,Africa/Porto-Novo,TRUE,1204389557
Fakouatimanfa,Fakouatimanfa,,10.3192,1.2846,Benin,BJ,BEN,Atacora,Atacora,BJ-AK,department,,90.9,,,4,Africa/Porto-Novo,FALSE,1204020237
Biakou,Biakou,,10.5891,1.2367,Benin,BJ,BEN,Atacora,Atacora,BJ-AK,department,,16.8,,,4,Africa/Porto-Novo,FALSE,1204803275
Binon-Intiéga,Binon-Intiega,,10.5792,1.0006,Benin,BJ,BEN,Atacora,Atacora,BJ-AK,department,,90.9,,,4,Africa/Porto-Novo,FALSE,1204202682
Afanai,Afanai,,7.1167,1.8167,Benin,BJ,BEN,Couffo,Couffo,BJ-KO,department,,369.6,,,3,Africa/Porto-Novo,FALSE,1204152430
Pinhora,Pinhora,,9.7340,3.1282,Benin,BJ,BEN,Borgou,Borgou,BJ-BO,department,,54.3,,,4,Africa/Porto-Novo,FALSE,1204025853