city,city_ascii,city_alt,lat,lng,country,iso2,iso3,admin_name,admin_name_ascii,admin_code,admin_type,capital,density,population,population_proper,ranking,timezone,same_name,id
Thindaw,Thindaw,,22.6369,94.1090,Burma,MM,MMR,Magway,Magway,MM-03,region,,48.1,,,4,Asia/Yangon,FALSE,1104521775
Nyaungbin,Nyaungbin,,25.2590,96.3536,Burma,MM,MMR,Kachin State,Kachin State,MM-11,state,,32.1,,,4,Asia/Yangon,FALSE,1104550016
Nyaungbin,Nyaungbin,,17.1134,97.6962,Burma,MM,MMR,Kayin State,Kayin State,MM-13,state,,111.2,,,4,Asia/Yangon,FALSE,1104943690
Twetwa,Twetwa,,24.8166,94.8219,Burma,MM,MMR,Sagaing,Sagaing,MM-01,region,,23.7,,,4,Asia/Yangon,FALSE,1104358095
Twetwa,Twetwa,,25.3532,95.2774,Burma,MM,MMR,Sagaing,Sagaing,MM-01,region,,23.7,,,4,Asia/Yangon,TRUE,1104416696
Thaiktaw,Thaiktaw,,17.0442,97.6060,Burma,MM,MMR,Kayin State,Kayin State,MM-13,state,,144.4,,,4,Asia/Yangon,FALSE,1104288041
Nyaungbin,Nyaungbin,,20.2420,96.8103,Burma,MM,MMR,Shan State,Shan State,MM-17,state,,50.9,,,4,Asia/Yangon,FALSE,1104629005
Pay Pin Kone,Pay Pin Kone,,20.8625,95.6760,Burma,MM,MMR,Mandalay,Mandalay,MM-04,region,,235.1,,,3,Asia/Yangon,FALSE,1104003524
Kyauktangale,Kyauktangale,,16.2254,94.6743,Burma,MM,MMR,Ayeyarwady,Ayeyarwady,MM-07,region,,142.4,,,4,Asia/Yangon,FALSE,1104303021
Shuikaw Chai,Shuikaw Chai,,23.9069,98.6498,Burma,MM,MMR,Shan State,Shan State,MM-17,state,,83.1,,,4,Asia/Yangon,FALSE,1104274390
Buanlung,Buanlung,,22.5000,93.5500,Burma,MM,MMR,Chin State,Chin State,MM-14,state,,11.1,,,4,Asia/Yangon,FALSE,1104367024
Mandala,Mandala,,22.2196,95.0790,Burma,MM,MMR,Sagaing,Sagaing,MM-01,region,,562.1,,,3,Asia/Yangon,FALSE,1104097490
Set Set Yo,Set Set Yo,Setsetyo,21.0527,95.1331,Burma,MM,MMR,Mandalay,Mandalay,MM-04,region,,109.8,,,4,Asia/Yangon,FALSE,1104584564
Tungzang,Tungzang,Tunzan,23.5167,93.6000,Burma,MM,MMR,Chin State,Chin State,MM-14,state,,35.9,,,4,Asia/Yangon,FALSE,1104687109
Yeyaungma,Yeyaungma,,20.6999,96.5204,Burma,MM,MMR,Shan State,Shan State,MM-17,state,,138.0,,,4,Asia/Yangon,FALSE,1104123890
Hngetkyat,Hngetkyat,,16.4938,96.1703,Burma,MM,MMR,Yangon,Yangon,MM-06,region,,210.4,,,3,Asia/Yangon,FALSE,1104859807
Maihpet,Maihpet,,20.0906,97.2321,Burma,MM,MMR,Shan State,Shan State,MM-17,state,,77.7,,,4,Asia/Yangon,FALSE,1104504251
Maihpet,Maihpet,,19.9387,96.9721,Burma,MM,MMR,Shan State,Shan State,MM-17,state,,54.4,,,4,Asia/Yangon,TRUE,1104322748
Tôkchaung,Tokchaung,,19.9669,93.6476,Burma,MM,MMR,Rakhine State,Rakhine State,MM-16,state,,59.2,,,4,Asia/Yangon,FALSE,1104157259
Tungyang Ga,Tungyang Ga,,26.6077,96.5022,Burma,MM,MMR,Kachin State,Kachin State,MM-11,state,,2.7,,,5,Asia/Yangon,FALSE,1104897998
Mān Hpa,Man Hpa,,24.2593,96.0321,Burma,MM,MMR,Sagaing,Sagaing,MM-01,region,,62.1,,,4,Asia/Yangon,FALSE,1104235493
Apaing,Apaing,,17.2076,96.5603,Burma,MM,MMR,Bago,Bago,MM-02,region,,154.3,,,4,Asia/Yangon,FALSE,1104156504
Yone Pin,Yone Pin,,22.2636,96.2417,Burma,MM,MMR,Mandalay,Mandalay,MM-04,region,,231.4,,,3,Asia/Yangon,FALSE,1104005674
Wān Ngai,Wan Ngai,,21.2376,97.3089,Burma,MM,MMR,Shan State,Shan State,MM-17,state,,41.5,,,4,Asia/Yangon,FALSE,1104455972
Wān Ngai,Wan Ngai,,21.5554,98.4401,Burma,MM,MMR,Shan State,Shan State,MM-17,state,,24.1,,,4,Asia/Yangon,TRUE,1104721294
Onhne,Onhne,,17.1036,96.5752,Burma,MM,MMR,Bago,Bago,MM-02,region,,179.5,,,4,Asia/Yangon,FALSE,1104147367
Nawngsawn,Nawngsawn,,23.8530,97.6189,Burma,MM,MMR,Kachin State,Kachin State,MM-11,state,,17.4,,,4,Asia/Yangon,FALSE,1104847894
Prilawdo,Prilawdo,,18.0869,97.2787,Burma,MM,MMR,Kayin State,Kayin State,MM-13,state,,2.6,,,5,Asia/Yangon,FALSE,1104368465
Myatle,Myatle,,17.4278,97.5132,Burma,MM,MMR,Kayin State,Kayin State,MM-13,state,,144.4,,,4,Asia/Yangon,FALSE,1104484549
Myatle,Myatle,,17.3246,97.6615,Burma,MM,MMR,Kayin State,Kayin State,MM-13,state,,111.2,,,4,Asia/Yangon,TRUE,1104188097
Aung Zay Ya,Aung Zay Ya,,12.6295,98.7140,Burma,MM,MMR,Tanintharyi,Tanintharyi,MM-05,region,,231.3,,,3,Asia/Yangon,FALSE,1104002588
Kawt Ma Ree,Kawt Ma Ree,,16.7183,97.8125,Burma,MM,MMR,Kayin State,Kayin State,MM-13,state,,144.4,,,4,Asia/Yangon,FALSE,1104007898
Pānghseng,Panghseng,,22.9533,98.2588,Burma,MM,MMR,Shan State,Shan State,MM-17,state,,38.2,,,4,Asia/Yangon,FALSE,1104188693
Panghseng,Panghseng,,22.4189,98.8360,Burma,MM,MMR,Shan State,Shan State,MM-17,state,,18.6,,,4,Asia/Yangon,TRUE,1104132529
Tone Byaw Nge,Tone Byaw Nge,,12.2826,98.8906,Burma,MM,MMR,Tanintharyi,Tanintharyi,MM-05,region,,231.3,,,3,Asia/Yangon,FALSE,1104004089
Namhset,Namhset,,21.9950,98.2065,Burma,MM,MMR,Shan State,Shan State,MM-17,state,,40.2,,,4,Asia/Yangon,FALSE,1104295221
Lāna-gahtawng,Lana-gahtawng,,24.0447,97.6094,Burma,MM,MMR,Kachin State,Kachin State,MM-11,state,,17.4,,,4,Asia/Yangon,FALSE,1104236849
Kyuno,Kyuno,,21.3891,95.1850,Burma,MM,MMR,Magway,Magway,MM-03,region,,214.8,,,3,Asia/Yangon,FALSE,1104520181
Swa Ywama,Swa Ywama,,19.2915,96.3309,Burma,MM,MMR,Bago,Bago,MM-02,region,,78.0,,,4,Asia/Yangon,FALSE,1104337416
Nankatha,Nankatha,,22.4668,96.3679,Burma,MM,MMR,Shan State,Shan State,MM-17,state,,49.1,,,4,Asia/Yangon,FALSE,1104970542
Zay Paing,Zay Paing,,16.4577,96.0288,Burma,MM,MMR,Yangon,Yangon,MM-06,region,,199.4,,,4,Asia/Yangon,FALSE,1104008205
Lawn-en,Lawn-en,,24.0501,98.0063,Burma,MM,MMR,Shan State,Shan State,MM-17,state,,63.8,,,4,Asia/Yangon,FALSE,1104316437
Alingkang,Alingkang,,27.7667,98.0000,Burma,MM,MMR,Kachin State,Kachin State,MM-11,state,,0.4,,,5,Asia/Yangon,FALSE,1104835603
Kawngmu-lem,Kawngmu-lem,,23.4619,98.4377,Burma,MM,MMR,Shan State,Shan State,MM-17,state,,34.3,,,4,Asia/Yangon,FALSE,1104075956
Wān Kè-inta,Wan Ke-inta,,21.9012,99.4092,Burma,MM,MMR,Shan State,Shan State,MM-17,state,,44.2,,,4,Asia/Yangon,FALSE,1104547062
Min Zar,Min Zar,,27.3029,98.6059,Burma,MM,MMR,Kachin State,Kachin State,MM-11,state,,2.4,,,5,Asia/Yangon,FALSE,1104009313
Onzon,Onzon,,22.8145,96.0952,Burma,MM,MMR,Mandalay,Mandalay,MM-04,region,,64.9,,,4,Asia/Yangon,FALSE,1104736539
Kyun-u,Kyun-u,,17.7426,95.3825,Burma,MM,MMR,Ayeyarwady,Ayeyarwady,MM-07,region,,326.8,,,3,Asia/Yangon,FALSE,1104271905
Kyee Pin La Har South,Kyee Pin La Har South,,17.4545,95.8651,Burma,MM,MMR,Yangon,Yangon,MM-06,region,,177.9,,,4,Asia/Yangon,FALSE,1104008812
Letpwezaing,Letpwezaing,,20.7349,94.2488,Burma,MM,MMR,Magway,Magway,MM-03,region,,15.1,,,4,Asia/Yangon,FALSE,1104375487
Kyun-u,Kyun-u,,18.7462,95.1976,Burma,MM,MMR,Bago,Bago,MM-02,region,,56.3,,,4,Asia/Yangon,FALSE,1104297944
Kyun-u,Kyun-u,,24.7857,94.8953,Burma,MM,MMR,Sagaing,Sagaing,MM-01,region,,23.7,,,4,Asia/Yangon,FALSE,1104428870
Londaw,Londaw,,21.4353,95.5452,Burma,MM,MMR,Mandalay,Mandalay,MM-04,region,,130.1,,,4,Asia/Yangon,FALSE,1104360963
Yedaing,Yedaing,,21.5678,95.3878,Burma,MM,MMR,Mandalay,Mandalay,MM-04,region,,268.2,,,3,Asia/Yangon,FALSE,1104791493
Londaw,Londaw,,22.4913,95.6368,Burma,MM,MMR,Sagaing,Sagaing,MM-01,region,,300.8,,,3,Asia/Yangon,FALSE,1104368440
Tharanbu,Tharanbu,,20.4229,96.7548,Burma,MM,MMR,Shan State,Shan State,MM-17,state,,85.6,,,4,Asia/Yangon,FALSE,1104882875
Shanywagyaw,Shanywagyaw,,19.3637,95.0158,Burma,MM,MMR,Magway,Magway,MM-03,region,,79.4,,,4,Asia/Yangon,FALSE,1104169794
Kawt Thein Khi,Kawt Thein Khi,,16.7346,97.7416,Burma,MM,MMR,Kayin State,Kayin State,MM-13,state,,144.4,,,4,Asia/Yangon,FALSE,1104008588
Nat Sin Chaung,Nat Sin Chaung,,16.7572,95.9087,Burma,MM,MMR,Yangon,Yangon,MM-06,region,,350.6,,,3,Asia/Yangon,FALSE,1104009377
Möng Wa,Mong Wa,Maingwa,21.4043,100.3767,Burma,MM,MMR,Shan State,Shan State,MM-17,state,,16.9,,,4,Asia/Yangon,FALSE,1104063407
Kyat Chaung,Kyat Chaung,Kyatchaung Ywa|Kyatchaung,11.7283,98.3158,Burma,MM,MMR,Tanintharyi,Tanintharyi,MM-05,region,,42.2,,,4,Asia/Yangon,FALSE,1104166714
Kyat Chaung,Kyat Chaung,,13.2034,98.5078,Burma,MM,MMR,Tanintharyi,Tanintharyi,MM-05,region,,37.7,,,4,Asia/Yangon,TRUE,1104003749
Shit-eindan,Shit-eindan,,16.5032,94.7929,Burma,MM,MMR,Ayeyarwady,Ayeyarwady,MM-07,region,,246.0,,,3,Asia/Yangon,FALSE,1104725017
Aungchanbha,Aungchanbha,Aunggyantha|Aungchantha,23.0080,95.3696,Burma,MM,MMR,Sagaing,Sagaing,MM-01,region,,87.2,,,4,Asia/Yangon,FALSE,1104848518
Wān Kē-noi,Wan Ke-noi,,20.5526,99.8480,Burma,MM,MMR,Shan State,Shan State,MM-17,state,,66.3,,,4,Asia/Yangon,FALSE,1104625301
Wān Kē-noi,Wan Ke-noi,,20.3578,99.7075,Burma,MM,MMR,Shan State,Shan State,MM-17,state,,66.3,,,4,Asia/Yangon,TRUE,1104826100
Wān Kē-noi,Wan Ke-noi,,20.3975,99.8369,Burma,MM,MMR,Shan State,Shan State,MM-17,state,,66.3,,,4,Asia/Yangon,TRUE,1104573004
Yemyogan,Yemyogan,,18.3956,96.9203,Burma,MM,MMR,Bago,Bago,MM-02,region,,53.5,,,4,Asia/Yangon,FALSE,1104104095
Penghtawn,Penghtawn,,22.2975,97.1634,Burma,MM,MMR,Shan State,Shan State,MM-17,state,,61.0,,,4,Asia/Yangon,FALSE,1104308339
Hpar Ka Laung Si,Hpar Ka Laung Si,,15.9789,98.4213,Burma,MM,MMR,Kayin State,Kayin State,MM-13,state,,22.9,,,4,Asia/Yangon,FALSE,1104008773
Wān Möng Han,Wan Mong Han,Möng Han,21.0487,100.2542,Burma,MM,MMR,Shan State,Shan State,MM-17,state,,16.9,,,4,Asia/Yangon,FALSE,1104228543
Kyaikpa,Kyaikpa,,17.2709,95.2968,Burma,MM,MMR,Ayeyarwady,Ayeyarwady,MM-07,region,,267.9,,,3,Asia/Yangon,FALSE,1104788824
Kyaikpa,Kyaikpa,,17.2029,95.6904,Burma,MM,MMR,Ayeyarwady,Ayeyarwady,MM-07,region,,231.2,,,3,Asia/Yangon,TRUE,1104448626
Nyaungbingyin,Nyaungbingyin,,19.2017,95.7220,Burma,MM,MMR,Magway,Magway,MM-03,region,,80.2,,,4,Asia/Yangon,FALSE,1104414279
Nyaungbingyin,Nyaungbingyin,,20.8484,94.1769,Burma,MM,MMR,Magway,Magway,MM-03,region,,15.1,,,4,Asia/Yangon,TRUE,1104066183
Thar Yu,Thar Yu,,19.9772,97.1947,Burma,MM,MMR,Kayah State,Kayah State,MM-12,state,,82.3,,,4,Asia/Yangon,FALSE,1104001663
Lāmong,Lamong,,25.6265,96.2517,Burma,MM,MMR,Kachin State,Kachin State,MM-11,state,,74.0,,,4,Asia/Yangon,FALSE,1104015658
Lāmong,Lamong,,27.1597,98.2767,Burma,MM,MMR,Kachin State,Kachin State,MM-11,state,,2.4,,,5,Asia/Yangon,TRUE,1104503283
Hat-yao,Hat-yao,,22.1829,97.9830,Burma,MM,MMR,Shan State,Shan State,MM-17,state,,35.8,,,4,Asia/Yangon,FALSE,1104666179
Thadugyaung Taung,Thadugyaung Taung,,17.5980,95.5894,Burma,MM,MMR,Ayeyarwady,Ayeyarwady,MM-07,region,,287.0,,,3,Asia/Yangon,FALSE,1104878614
Byaing Inn,Byaing Inn,,21.1791,95.4420,Burma,MM,MMR,Mandalay,Mandalay,MM-04,region,,150.0,,,4,Asia/Yangon,FALSE,1104005697
Konwat,Konwat,,22.9768,96.8782,Burma,MM,MMR,Shan State,Shan State,MM-17,state,,25.0,,,4,Asia/Yangon,FALSE,1104772025
Win Hpone,Win Hpone,Winpon,17.0436,97.4578,Burma,MM,MMR,Mon State,Mon State,MM-15,state,,169.9,,,4,Asia/Yangon,FALSE,1104490918
Wān Nā-on,Wan Na-on,,20.7609,98.2957,Burma,MM,MMR,Shan State,Shan State,MM-17,state,,11.1,,,4,Asia/Yangon,FALSE,1104212092
Monzale,Monzale,,20.3599,94.6259,Burma,MM,MMR,Magway,Magway,MM-03,region,,124.0,,,4,Asia/Yangon,FALSE,1104075775
Seik Hpu,Seik Hpu,,10.4082,98.7651,Burma,MM,MMR,Tanintharyi,Tanintharyi,MM-05,region,,23.9,,,4,Asia/Yangon,FALSE,1104002184
Ndaung Ga,Ndaung Ga,,27.1323,97.5498,Burma,MM,MMR,Kachin State,Kachin State,MM-11,state,,10.9,,,4,Asia/Yangon,FALSE,1104921208
Zibyugôn,Zibyugon,,18.4462,94.3163,Burma,MM,MMR,Rakhine State,Rakhine State,MM-16,state,,32.3,,,4,Asia/Yangon,FALSE,1104873051
Zibyugon,Zibyugon,,20.9760,96.9023,Burma,MM,MMR,Shan State,Shan State,MM-17,state,,339.9,,,3,Asia/Yangon,FALSE,1104062944
Oe Toke Tan,Oe Toke Tan,,21.8578,95.9888,Burma,MM,MMR,Mandalay,Mandalay,MM-04,region,,548.5,,,3,Asia/Yangon,FALSE,1104005133
Nyaungbinlegyin,Nyaungbinlegyin,,20.6818,94.6111,Burma,MM,MMR,Magway,Magway,MM-03,region,,94.2,,,4,Asia/Yangon,FALSE,1104830738
Zar Ka Dun,Zar Ka Dun,,16.5377,97.5933,Burma,MM,MMR,Mon State,Mon State,MM-15,state,,195.7,,,4,Asia/Yangon,FALSE,1104003998
Kodri,Kodri,,16.8807,97.7341,Burma,MM,MMR,Kayin State,Kayin State,MM-13,state,,144.4,,,4,Asia/Yangon,FALSE,1104763380
Kayin Su,Kayin Su,,16.8912,96.6235,Burma,MM,MMR,Yangon,Yangon,MM-06,region,,296.9,,,3,Asia/Yangon,FALSE,1104007701
Kayin Su,Kayin Su,,16.7637,96.5469,Burma,MM,MMR,Yangon,Yangon,MM-06,region,,246.9,,,3,Asia/Yangon,TRUE,1104007702
Kayin Su,Kayin Su,,16.5765,95.9257,Burma,MM,MMR,Yangon,Yangon,MM-06,region,,210.4,,,3,Asia/Yangon,TRUE,1104007700
Kayin Su,Kayin Su,,17.3670,95.9138,Burma,MM,MMR,Yangon,Yangon,MM-06,region,,177.9,,,4,Asia/Yangon,TRUE,1104007703
Tingsa,Tingsa,,25.0608,96.7911,Burma,MM,MMR,Kachin State,Kachin State,MM-11,state,,44.0,,,4,Asia/Yangon,FALSE,1104365924
Tingsa,Tingsa,,25.5262,97.6566,Burma,MM,MMR,Kachin State,Kachin State,MM-11,state,,31.0,,,4,Asia/Yangon,TRUE,1104568599
Tingsa,Tingsa,,24.8266,97.6206,Burma,MM,MMR,Kachin State,Kachin State,MM-11,state,,31.0,,,4,Asia/Yangon,TRUE,1104988289
Tingsa,Tingsa,,24.0202,97.5495,Burma,MM,MMR,Kachin State,Kachin State,MM-11,state,,17.4,,,4,Asia/Yangon,TRUE,1104041981
Bawtha,Bawtha,,20.3869,93.5400,Burma,MM,MMR,Rakhine State,Rakhine State,MM-16,state,,41.8,,,4,Asia/Yangon,FALSE,1104899366
Yae Lel Kwayt,Yae Lel Kwayt,,21.3333,95.9892,Burma,MM,MMR,Mandalay,Mandalay,MM-04,region,,151.8,,,4,Asia/Yangon,FALSE,1104005681
Yae Lel Kwayt,Yae Lel Kwayt,Yelegwe,20.7186,96.0169,Burma,MM,MMR,Mandalay,Mandalay,MM-04,region,,91.9,,,4,Asia/Yangon,TRUE,1104169423
Hmuntha,Hmuntha,,23.0807,93.4490,Burma,MM,MMR,Chin State,Chin State,MM-14,state,,16.7,,,4,Asia/Yangon,FALSE,1104003195
Taingen,Taingen,,23.2117,93.8086,Burma,MM,MMR,Chin State,Chin State,MM-14,state,,35.9,,,4,Asia/Yangon,FALSE,1104001946
Lato,Lato,,20.0375,97.0112,Burma,MM,MMR,Shan State,Shan State,MM-17,state,,146.3,,,4,Asia/Yangon,FALSE,1104372580
Nang-u,Nang-u,,25.8244,98.0867,Burma,MM,MMR,Kachin State,Kachin State,MM-11,state,,6.0,,,5,Asia/Yangon,FALSE,1104132498
Thakuttaw,Thakuttaw,,22.3970,95.7779,Burma,MM,MMR,Sagaing,Sagaing,MM-01,region,,146.0,,,4,Asia/Yangon,FALSE,1104495399
Jangdau,Jangdau,,24.1189,97.6139,Burma,MM,MMR,Kachin State,Kachin State,MM-11,state,,17.4,,,4,Asia/Yangon,FALSE,1104551775
Möng Yawng,Mong Yawng,Meng-yang|Maingyaung|Mong Yong|Möng Yaung,21.1833,100.3667,Burma,MM,MMR,Shan State,Shan State,MM-17,state,,16.9,,,4,Asia/Yangon,FALSE,1104039759
Lan-thaw-in,Lan-thaw-in,,14.1538,98.1739,Burma,MM,MMR,Tanintharyi,Tanintharyi,MM-05,region,,143.9,,,4,Asia/Yangon,FALSE,1104604255
Ta Öngmu,Ta Ongmu,,19.9194,97.8386,Burma,MM,MMR,Shan State,Shan State,MM-17,state,,13.7,,,4,Asia/Yangon,FALSE,1104820509
Kyon Ka Ni,Kyon Ka Ni,,14.6454,97.9323,Burma,MM,MMR,Tanintharyi,Tanintharyi,MM-05,region,,42.0,,,4,Asia/Yangon,FALSE,1104003552
Ywadin,Ywadin,,21.8932,94.8792,Burma,MM,MMR,Sagaing,Sagaing,MM-01,region,,87.8,,,4,Asia/Yangon,FALSE,1104912463
Panghka Mān Mao,Panghka Man Mao,,23.1590,98.5634,Burma,MM,MMR,Shan State,Shan State,MM-17,state,,15.1,,,4,Asia/Yangon,FALSE,1104295763
Thabutkon,Thabutkon,,23.0224,95.4886,Burma,MM,MMR,Sagaing,Sagaing,MM-01,region,,70.9,,,4,Asia/Yangon,FALSE,1104111476
Thabutkon,Thabutkon,,20.7555,94.9914,Burma,MM,MMR,Magway,Magway,MM-03,region,,175.7,,,4,Asia/Yangon,FALSE,1104475972
Thabutkon,Thabutkon,,20.3219,95.0663,Burma,MM,MMR,Magway,Magway,MM-03,region,,152.4,,,4,Asia/Yangon,TRUE,1104835239
Thabutkon,Thabutkon,,19.9334,95.1350,Burma,MM,MMR,Magway,Magway,MM-03,region,,152.4,,,4,Asia/Yangon,TRUE,1104522734
Sozang,Sozang,,23.3063,93.7500,Burma,MM,MMR,Chin State,Chin State,MM-14,state,,35.9,,,4,Asia/Yangon,FALSE,1104001103
Ton Pay,Ton Pay,,25.1765,96.1224,Burma,MM,MMR,Kachin State,Kachin State,MM-11,state,,32.1,,,4,Asia/Yangon,FALSE,1104006395
Padatsakon,Padatsakon,,21.2311,95.3772,Burma,MM,MMR,Mandalay,Mandalay,MM-04,region,,150.0,,,4,Asia/Yangon,FALSE,1104932116
Gaung Baung Ni Tē,Gaung Baung Ni Te,,18.5167,96.1333,Burma,MM,MMR,Bago,Bago,MM-02,region,,106.3,,,4,Asia/Yangon,FALSE,1104671569
Hwe-luk,Hwe-luk,,23.7461,97.7932,Burma,MM,MMR,Shan State,Shan State,MM-17,state,,84.4,,,4,Asia/Yangon,FALSE,1104348135
Chaung Kan Gyi,Chaung Kan Gyi,,20.6336,95.9922,Burma,MM,MMR,Mandalay,Mandalay,MM-04,region,,146.4,,,4,Asia/Yangon,FALSE,1104000861
Lel War Doe,Lel War Doe,,18.1587,97.2983,Burma,MM,MMR,Kayin State,Kayin State,MM-13,state,,2.6,,,5,Asia/Yangon,FALSE,1104007063
Mleng,Mleng,,21.2787,93.8614,Burma,MM,MMR,Chin State,Chin State,MM-14,state,,12.8,,,4,Asia/Yangon,FALSE,1104369797
’Niam Ga,'Niam Ga,,26.1698,97.0582,Burma,MM,MMR,Kachin State,Kachin State,MM-11,state,,7.0,,,5,Asia/Yangon,FALSE,1104775242
Gonmingyaung,Gonmingyaung,,17.3454,96.4612,Burma,MM,MMR,Bago,Bago,MM-02,region,,162.5,,,4,Asia/Yangon,FALSE,1104886654
Gônmingyaung,Gonmingyaung,,16.2726,95.5152,Burma,MM,MMR,Ayeyarwady,Ayeyarwady,MM-07,region,,159.0,,,4,Asia/Yangon,FALSE,1104306005
Kianglam,Kianglam,,23.6833,93.7333,Burma,MM,MMR,Chin State,Chin State,MM-14,state,,7.9,,,5,Asia/Yangon,FALSE,1104532591
Nawng-hi,Nawng-hi,,22.0505,97.7076,Burma,MM,MMR,Shan State,Shan State,MM-17,state,,35.8,,,4,Asia/Yangon,FALSE,1104965139
Mönghwè,Monghwe,,22.9406,97.3892,Burma,MM,MMR,Shan State,Shan State,MM-17,state,,32.5,,,4,Asia/Yangon,FALSE,1104974913
Pangsamhkam,Pangsamhkam,Pang samkkam,21.8357,97.5866,Burma,MM,MMR,Shan State,Shan State,MM-17,state,,21.0,,,4,Asia/Yangon,FALSE,1104504216
Sao-myenhsan,Sao-myenhsan,Sao-myanhsan,23.9081,98.4971,Burma,MM,MMR,Shan State,Shan State,MM-17,state,,83.1,,,4,Asia/Yangon,FALSE,1104505607
Luk-eng,Luk-eng,,22.3207,96.9691,Burma,MM,MMR,Shan State,Shan State,MM-17,state,,61.0,,,4,Asia/Yangon,FALSE,1104938221
Thadur,Thadur,,21.7543,95.4092,Burma,MM,MMR,Sagaing,Sagaing,MM-01,region,,262.8,,,3,Asia/Yangon,FALSE,1104229916
Taung Bi Ywar Thit,Taung Bi Ywar Thit,,20.9200,94.9601,Burma,MM,MMR,Mandalay,Mandalay,MM-04,region,,174.5,,,4,Asia/Yangon,FALSE,1104003289
Alangdunhku,Alangdunhku,,27.2783,97.7005,Burma,MM,MMR,Kachin State,Kachin State,MM-11,state,,3.0,,,5,Asia/Yangon,FALSE,1104288597
Kyauk Taung,Kyauk Taung,,13.2669,98.5597,Burma,MM,MMR,Tanintharyi,Tanintharyi,MM-05,region,,37.7,,,4,Asia/Yangon,FALSE,1104004115
Kyauk Taung,Kyauk Taung,Kyauktaung,12.3142,99.0202,Burma,MM,MMR,Tanintharyi,Tanintharyi,MM-05,region,,9.2,,,5,Asia/Yangon,TRUE,1104505263
Banbwebin,Banbwebin,,19.3786,96.0981,Burma,MM,MMR,Bago,Bago,MM-02,region,,78.0,,,4,Asia/Yangon,FALSE,1104898729
Mánkáng,Mankang,,22.8025,96.8946,Burma,MM,MMR,Shan State,Shan State,MM-17,state,,41.2,,,4,Asia/Yangon,FALSE,1104000878
Pinthet,Pinthet,,24.1461,97.0880,Burma,MM,MMR,Kachin State,Kachin State,MM-11,state,,89.5,,,4,Asia/Yangon,FALSE,1104075847
Myet Khar Taw,Myet Khar Taw,,21.0218,95.1262,Burma,MM,MMR,Mandalay,Mandalay,MM-04,region,,109.8,,,4,Asia/Yangon,FALSE,1104003063
Thawinchaung,Thawinchaung,,20.1633,93.0165,Burma,MM,MMR,Rakhine State,Rakhine State,MM-16,state,,134.9,,,4,Asia/Yangon,FALSE,1104936160
Thawinchaung,Thawinchaung,,20.4762,92.6140,Burma,MM,MMR,Rakhine State,Rakhine State,MM-16,state,,24.2,,,4,Asia/Yangon,TRUE,1104751238
Kaingdaw,Kaingdaw,,18.0632,94.4848,Burma,MM,MMR,Rakhine State,Rakhine State,MM-16,state,,33.3,,,4,Asia/Yangon,FALSE,1104358658
Thazin,Thazin,,22.1564,95.7258,Burma,MM,MMR,Sagaing,Sagaing,MM-01,region,,246.4,,,3,Asia/Yangon,FALSE,1104292969
Kaingdaw,Kaingdaw,,16.2000,98.3000,Burma,MM,MMR,Kayin State,Kayin State,MM-13,state,,22.9,,,4,Asia/Yangon,FALSE,1104241381
Dawlaw-klè,Dawlaw-kle,,19.8834,97.3120,Burma,MM,MMR,Shan State,Shan State,MM-17,state,,82.3,,,4,Asia/Yangon,FALSE,1104564815
Kahngen,Kahngen,Kahgeh,23.4285,93.7710,Burma,MM,MMR,Chin State,Chin State,MM-14,state,,35.9,,,4,Asia/Yangon,FALSE,1104801200
Lomuko,Lomuko,,18.9833,97.1167,Burma,MM,MMR,Kayah State,Kayah State,MM-12,state,,17.7,,,4,Asia/Yangon,FALSE,1104077740
Onbingon,Onbingon,,22.6122,95.6866,Burma,MM,MMR,Sagaing,Sagaing,MM-01,region,,300.8,,,3,Asia/Yangon,FALSE,1104850333
Onbingon,Onbingon,,22.8584,95.8033,Burma,MM,MMR,Sagaing,Sagaing,MM-01,region,,137.1,,,4,Asia/Yangon,TRUE,1104877530
Thet Kei Deik,Thet Kei Deik,,20.9238,96.2785,Burma,MM,MMR,Mandalay,Mandalay,MM-04,region,,91.9,,,4,Asia/Yangon,FALSE,1104003016
Mādon,Madon,,25.3918,97.0246,Burma,MM,MMR,Kachin State,Kachin State,MM-11,state,,44.0,,,4,Asia/Yangon,FALSE,1104546529
Makhpai,Makhpai,,22.8513,98.1146,Burma,MM,MMR,Shan State,Shan State,MM-17,state,,38.2,,,4,Asia/Yangon,FALSE,1104479557
Taklyet Nö,Taklyet No,,23.2923,98.9213,Burma,MM,MMR,Shan State,Shan State,MM-17,state,,57.7,,,4,Asia/Yangon,FALSE,1104032345
Myay Thant Taung,Myay Thant Taung,,21.0106,94.8605,Burma,MM,MMR,Mandalay,Mandalay,MM-04,region,,174.5,,,4,Asia/Yangon,FALSE,1104001619
Ma Kyauk Ahr,Ma Kyauk Ahr,,21.2026,94.0107,Burma,MM,MMR,Chin State,Chin State,MM-14,state,,8.4,,,5,Asia/Yangon,FALSE,1104001057
Padagyaw,Padagyaw,,19.5175,94.0316,Burma,MM,MMR,Rakhine State,Rakhine State,MM-16,state,,16.2,,,4,Asia/Yangon,FALSE,1104000725
Tiahdai,Tiahdai,Tiadai,22.9081,93.4682,Burma,MM,MMR,Chin State,Chin State,MM-14,state,,16.7,,,4,Asia/Yangon,FALSE,1104507161
Nyaung Pin,Nyaung Pin,,16.4883,98.2463,Burma,MM,MMR,Kayin State,Kayin State,MM-13,state,,89.3,,,4,Asia/Yangon,FALSE,1104008904
Nyaung Pin,Nyaung Pin,,25.2623,96.3516,Burma,MM,MMR,Kachin State,Kachin State,MM-11,state,,32.1,,,4,Asia/Yangon,FALSE,1104006887
Sa Khan Thit,Sa Khan Thit,Sakanthit,12.0893,98.4296,Burma,MM,MMR,Tanintharyi,Tanintharyi,MM-05,region,,42.2,,,4,Asia/Yangon,FALSE,1104542830
Ngahlauk,Ngahlauk,,19.3504,95.6824,Burma,MM,MMR,Magway,Magway,MM-03,region,,80.2,,,4,Asia/Yangon,FALSE,1104720916
Gyungan,Gyungan,Kywekan,21.6863,95.7629,Burma,MM,MMR,Mandalay,Mandalay,MM-04,region,,126.5,,,4,Asia/Yangon,FALSE,1104002847
Shabingon,Shabingon,,18.3641,95.2406,Burma,MM,MMR,Ayeyarwady,Ayeyarwady,MM-07,region,,79.1,,,4,Asia/Yangon,FALSE,1104237629
Ma-ugon,Ma-ugon,,23.8857,96.2772,Burma,MM,MMR,Sagaing,Sagaing,MM-01,region,,71.8,,,4,Asia/Yangon,FALSE,1104027874
Hlèzeik,Hlezeik,,17.8263,96.8096,Burma,MM,MMR,Bago,Bago,MM-02,region,,263.2,,,3,Asia/Yangon,FALSE,1104859391
Hlezeik,Hlezeik,,24.0933,94.3316,Burma,MM,MMR,Sagaing,Sagaing,MM-01,region,,54.9,,,4,Asia/Yangon,FALSE,1104694841
Hlezeik,Hlezeik,,24.4045,94.4579,Burma,MM,MMR,Sagaing,Sagaing,MM-01,region,,34.1,,,4,Asia/Yangon,TRUE,1104828888
Hlezeik,Hlezeik,,16.4152,95.4824,Burma,MM,MMR,Ayeyarwady,Ayeyarwady,MM-07,region,,246.9,,,3,Asia/Yangon,FALSE,1104635215
Hlezeik,Hlezeik,,16.7463,95.1833,Burma,MM,MMR,Ayeyarwady,Ayeyarwady,MM-07,region,,241.6,,,3,Asia/Yangon,TRUE,1104558968
Hlezeik,Hlezeik,,16.3285,95.9510,Burma,MM,MMR,Ayeyarwady,Ayeyarwady,MM-07,region,,206.4,,,3,Asia/Yangon,TRUE,1104962766
Hlezeik,Hlezeik,,16.7109,96.1028,Burma,MM,MMR,Yangon,Yangon,MM-06,region,,854.6,,,3,Asia/Yangon,FALSE,1104891564
Hlezeik,Hlezeik,,16.5943,96.1495,Burma,MM,MMR,Yangon,Yangon,MM-06,region,,210.4,,,3,Asia/Yangon,TRUE,1104347944
Hlezeik,Hlezeik,,17.2435,95.8809,Burma,MM,MMR,Yangon,Yangon,MM-06,region,,199.7,,,4,Asia/Yangon,TRUE,1104040241
Thitpinzu,Thitpinzu,,21.9029,95.0118,Burma,MM,MMR,Sagaing,Sagaing,MM-01,region,,175.0,,,4,Asia/Yangon,FALSE,1104000198
Pwebyat,Pwebyat,,20.8806,96.5933,Burma,MM,MMR,Shan State,Shan State,MM-17,state,,29.8,,,4,Asia/Yangon,FALSE,1104218651
Ta Ohn West,Ta Ohn West,,21.8077,96.1199,Burma,MM,MMR,Mandalay,Mandalay,MM-04,region,,309.9,,,3,Asia/Yangon,FALSE,1104005645
Tazinhla,Tazinhla,Tanzinhla,17.1102,94.9346,Burma,MM,MMR,Ayeyarwady,Ayeyarwady,MM-07,region,,80.6,,,4,Asia/Yangon,FALSE,1104755014
Sihaung Taung,Sihaung Taung,,22.8560,94.0475,Burma,MM,MMR,Sagaing,Sagaing,MM-01,region,,145.2,,,4,Asia/Yangon,FALSE,1104370289
Wān Toknawng,Wan Toknawng,,20.2923,98.3348,Burma,MM,MMR,Shan State,Shan State,MM-17,state,,11.1,,,4,Asia/Yangon,FALSE,1104130876
Wān Yangngün,Wan Yangngun,Yangngün,21.8520,99.8836,Burma,MM,MMR,Shan State,Shan State,MM-17,state,,39.3,,,4,Asia/Yangon,FALSE,1104526508
Ying-nāng,Ying-nang,,21.5122,97.5887,Burma,MM,MMR,Shan State,Shan State,MM-17,state,,21.0,,,4,Asia/Yangon,FALSE,1104757954
Myauk Taw,Myauk Taw,Myauktaw,20.9668,95.2434,Burma,MM,MMR,Mandalay,Mandalay,MM-04,region,,123.4,,,4,Asia/Yangon,FALSE,1104152528
Pe Khin Kyaw,Pe Khin Kyaw,Pegingyaw,21.0375,95.9688,Burma,MM,MMR,Mandalay,Mandalay,MM-04,region,,151.8,,,4,Asia/Yangon,FALSE,1104208607
Hsa-pye-ye,Hsa-pye-ye,,22.4911,96.4425,Burma,MM,MMR,Shan State,Shan State,MM-17,state,,49.1,,,4,Asia/Yangon,FALSE,1104456349
Singyat,Singyat,,19.9502,93.4129,Burma,MM,MMR,Rakhine State,Rakhine State,MM-16,state,,59.2,,,4,Asia/Yangon,FALSE,1104946998
Singyat,Singyat,,18.5250,94.2490,Burma,MM,MMR,Rakhine State,Rakhine State,MM-16,state,,32.3,,,4,Asia/Yangon,TRUE,1104930096
Sapo,Sapo,,22.7692,96.7787,Burma,MM,MMR,Shan State,Shan State,MM-17,state,,22.9,,,4,Asia/Yangon,FALSE,1104969708
’Ngawma,'Ngawma,,26.6636,97.5940,Burma,MM,MMR,Kachin State,Kachin State,MM-11,state,,0.6,,,5,Asia/Yangon,FALSE,1104383179
Htonbong,Htonbong,,20.9646,97.2102,Burma,MM,MMR,Shan State,Shan State,MM-17,state,,41.5,,,4,Asia/Yangon,FALSE,1104883260
Poba,Poba,,16.5758,96.5163,Burma,MM,MMR,Yangon,Yangon,MM-06,region,,254.3,,,3,Asia/Yangon,FALSE,1104287241
Kyawtha,Kyawtha,,18.9841,95.3172,Burma,MM,MMR,Bago,Bago,MM-02,region,,306.2,,,3,Asia/Yangon,FALSE,1104269683
Kyigantaung,Kyigantaung,,19.7873,93.9908,Burma,MM,MMR,Rakhine State,Rakhine State,MM-16,state,,16.2,,,4,Asia/Yangon,FALSE,1104616871
Kawgo,Kawgo,,16.6024,97.9269,Burma,MM,MMR,Kayin State,Kayin State,MM-13,state,,111.1,,,4,Asia/Yangon,FALSE,1104996199
Sinhtin,Sinhtin,,20.5498,93.6158,Burma,MM,MMR,Rakhine State,Rakhine State,MM-16,state,,41.8,,,4,Asia/Yangon,FALSE,1104750483
Hnget Soe Kwin Ywar Ma,Hnget Soe Kwin Ywar Ma,,17.4860,95.8900,Burma,MM,MMR,Yangon,Yangon,MM-06,region,,177.9,,,4,Asia/Yangon,FALSE,1104009391
Natma,Natma,,22.6389,94.5300,Burma,MM,MMR,Sagaing,Sagaing,MM-01,region,,39.2,,,4,Asia/Yangon,FALSE,1104976182
Shwe San Chaung,Shwe San Chaung,,21.2457,95.5416,Burma,MM,MMR,Mandalay,Mandalay,MM-04,region,,150.0,,,4,Asia/Yangon,FALSE,1104005311
Shābo,Shabo,,22.8107,94.0562,Burma,MM,MMR,Sagaing,Sagaing,MM-01,region,,145.2,,,4,Asia/Yangon,FALSE,1104640920
Hpanglat Nö,Hpanglat No,,22.8415,98.8296,Burma,MM,MMR,Shan State,Shan State,MM-17,state,,44.9,,,4,Asia/Yangon,FALSE,1104129460
Seinpatle,Seinpatle,,18.1408,95.8446,Burma,MM,MMR,Bago,Bago,MM-02,region,,114.8,,,4,Asia/Yangon,FALSE,1104904491
Pan Da Le,Pan Da Le,,14.0331,98.1614,Burma,MM,MMR,Tanintharyi,Tanintharyi,MM-05,region,,143.9,,,4,Asia/Yangon,FALSE,1104001448
Shaukkyin,Shaukkyin,,19.9754,94.3755,Burma,MM,MMR,Magway,Magway,MM-03,region,,35.5,,,4,Asia/Yangon,FALSE,1104297911
Son See Myaing,Son See Myaing,,16.3246,98.6641,Burma,MM,MMR,Kayin State,Kayin State,MM-13,state,,11.5,,,4,Asia/Yangon,FALSE,1104007508
Bakye,Bakye,,17.3874,97.3547,Burma,MM,MMR,Mon State,Mon State,MM-15,state,,76.6,,,4,Asia/Yangon,FALSE,1104329877
Hwe-hkum,Hwe-hkum,Hwetok,20.9378,97.5030,Burma,MM,MMR,Shan State,Shan State,MM-17,state,,100.4,,,4,Asia/Yangon,FALSE,1104367294
Möng Yawn,Mong Yawn,,20.2004,99.4196,Burma,MM,MMR,Shan State,Shan State,MM-17,state,,31.2,,,4,Asia/Yangon,FALSE,1104528002
Pumnoichet,Pumnoichet,,24.8095,97.5074,Burma,MM,MMR,Kachin State,Kachin State,MM-11,state,,10.2,,,4,Asia/Yangon,FALSE,1104200615
Than Gyi Kone,Than Gyi Kone,Thangyigon,21.0015,95.3196,Burma,MM,MMR,Mandalay,Mandalay,MM-04,region,,123.4,,,4,Asia/Yangon,FALSE,1104693271
Natywa-shanzu,Natywa-shanzu,Natywa,18.7689,96.5116,Burma,MM,MMR,Bago,Bago,MM-02,region,,208.2,,,3,Asia/Yangon,FALSE,1104780922
Ta Man Gyi Su,Ta Man Gyi Su,,16.8649,96.5320,Burma,MM,MMR,Yangon,Yangon,MM-06,region,,252.0,,,3,Asia/Yangon,FALSE,1104006487
Kywethomyaung,Kywethomyaung,,20.1408,94.8954,Burma,MM,MMR,Magway,Magway,MM-03,region,,103.6,,,4,Asia/Yangon,FALSE,1104111032
Kyan Hpo,Kyan Hpo,,20.1077,96.2002,Burma,MM,MMR,Nay Pyi Taw,Nay Pyi Taw,MM-18,union territory,,45.3,,,4,Asia/Yangon,FALSE,1104007065
Chanthagyi,Chanthagyi,,16.9847,96.6780,Burma,MM,MMR,Bago,Bago,MM-02,region,,187.3,,,4,Asia/Yangon,FALSE,1104128201
Daw Ngan Yauk,Daw Ngan Yauk,,19.5608,97.1756,Burma,MM,MMR,Kayah State,Kayah State,MM-12,state,,64.6,,,4,Asia/Yangon,FALSE,1104001890
Kubauk,Kubauk,,13.2914,98.5289,Burma,MM,MMR,Tanintharyi,Tanintharyi,MM-05,region,,37.7,,,4,Asia/Yangon,FALSE,1104320319
Ta-hsan,Ta-hsan,,23.7732,98.4078,Burma,MM,MMR,Shan State,Shan State,MM-17,state,,34.3,,,4,Asia/Yangon,FALSE,1104320287
Kerlerkyo,Kerlerkyo,,17.7605,97.5824,Burma,MM,MMR,Kayin State,Kayin State,MM-13,state,,14.8,,,4,Asia/Yangon,FALSE,1104024543
Gyokchaunggale,Gyokchaunggale,,20.9726,94.7202,Burma,MM,MMR,Magway,Magway,MM-03,region,,60.5,,,4,Asia/Yangon,FALSE,1104766445
Ngan Chaung Wa,Ngan Chaung Wa,,21.4377,92.6857,Burma,MM,MMR,Chin State,Chin State,MM-14,state,,15.8,,,4,Asia/Yangon,FALSE,1104001985
Nawngngun,Nawngngun,,22.9816,98.0048,Burma,MM,MMR,Shan State,Shan State,MM-17,state,,89.9,,,4,Asia/Yangon,FALSE,1104662472
Nawngngün,Nawngngun,,22.8642,97.4126,Burma,MM,MMR,Shan State,Shan State,MM-17,state,,32.5,,,4,Asia/Yangon,TRUE,1104264179
Nawngngün,Nawngngun,,21.2892,98.5359,Burma,MM,MMR,Shan State,Shan State,MM-17,state,,24.1,,,4,Asia/Yangon,TRUE,1104694999
Mān Tai,Man Tai,,23.5507,97.4885,Burma,MM,MMR,Shan State,Shan State,MM-17,state,,84.4,,,4,Asia/Yangon,FALSE,1104893466
Mān Tai,Man Tai,,23.0516,97.1482,Burma,MM,MMR,Shan State,Shan State,MM-17,state,,51.3,,,4,Asia/Yangon,TRUE,1104538727
Htimsam,Htimsam,,27.2667,97.4000,Burma,MM,MMR,Kachin State,Kachin State,MM-11,state,,10.9,,,4,Asia/Yangon,FALSE,1104849625
Kaw Leit Htu,Kaw Leit Htu,,27.6107,97.8994,Burma,MM,MMR,Kachin State,Kachin State,MM-11,state,,2.0,,,5,Asia/Yangon,FALSE,1104007199
In Pin Khon,In Pin Khon,,19.9502,96.2490,Burma,MM,MMR,Nay Pyi Taw,Nay Pyi Taw,MM-18,union territory,,85.9,,,4,Asia/Yangon,FALSE,1104008082
Tagawwang,Tagawwang,,27.1714,98.4045,Burma,MM,MMR,Kachin State,Kachin State,MM-11,state,,2.4,,,5,Asia/Yangon,FALSE,1104657362
Kwet Thit,Kwet Thit,,19.5312,96.2441,Burma,MM,MMR,Nay Pyi Taw,Nay Pyi Taw,MM-18,union territory,,52.5,,,4,Asia/Yangon,FALSE,1104008198
U-da,U-da,,18.0053,97.3703,Burma,MM,MMR,Kayin State,Kayin State,MM-13,state,,2.6,,,5,Asia/Yangon,FALSE,1104914744
Kongkyaung,Kongkyaung,,20.5716,97.1588,Burma,MM,MMR,Shan State,Shan State,MM-17,state,,73.5,,,4,Asia/Yangon,FALSE,1104853414
Nahkaungdo,Nahkaungdo,,20.7164,92.3843,Burma,MM,MMR,Rakhine State,Rakhine State,MM-16,state,,24.2,,,4,Asia/Yangon,FALSE,1104208734
Taungkaungmu,Taungkaungmu,,24.4546,94.8738,Burma,MM,MMR,Sagaing,Sagaing,MM-01,region,,26.7,,,4,Asia/Yangon,FALSE,1104080446
Awaing,Awaing,,15.3500,97.8667,Burma,MM,MMR,Mon State,Mon State,MM-15,state,,120.1,,,4,Asia/Yangon,FALSE,1104331837
Sinwekawng,Sinwekawng,,24.4600,96.8376,Burma,MM,MMR,Kachin State,Kachin State,MM-11,state,,2.8,,,5,Asia/Yangon,FALSE,1104191377
Wān Pa-pūn,Wan Pa-pun,,21.8599,99.6841,Burma,MM,MMR,Shan State,Shan State,MM-17,state,,39.3,,,4,Asia/Yangon,FALSE,1104322021
Mindegon,Mindegon,,22.5958,95.2186,Burma,MM,MMR,Sagaing,Sagaing,MM-01,region,,99.1,,,4,Asia/Yangon,FALSE,1104466182
Yodayadet,Yodayadet,Yodaydet,17.1317,95.0783,Burma,MM,MMR,Ayeyarwady,Ayeyarwady,MM-07,region,,214.4,,,3,Asia/Yangon,FALSE,1104100999
Aing To,Aing To,Aingdo,20.3629,95.9251,Burma,MM,MMR,Mandalay,Mandalay,MM-04,region,,110.9,,,4,Asia/Yangon,FALSE,1104460527
Kāndo,Kando,,18.1025,96.5699,Burma,MM,MMR,Bago,Bago,MM-02,region,,84.1,,,4,Asia/Yangon,FALSE,1104326003
Auk Yebôk,Auk Yebok,,19.7667,94.1326,Burma,MM,MMR,Rakhine State,Rakhine State,MM-16,state,,16.2,,,4,Asia/Yangon,FALSE,1104809753
Möng Sit,Mong Sit,,20.6392,97.5897,Burma,MM,MMR,Shan State,Shan State,MM-17,state,,40.0,,,4,Asia/Yangon,FALSE,1104509830
Kalawashu,Kalawashu,,16.7788,96.1848,Burma,MM,MMR,Yangon,Yangon,MM-06,region,,24872.1,,,2,Asia/Yangon,FALSE,1104360285
Bumeindaya,Bumeindaya,,22.1003,96.0725,Burma,MM,MMR,Mandalay,Mandalay,MM-04,region,,231.4,,,3,Asia/Yangon,FALSE,1104874046
Hkāda Ga,Hkada Ga,Hkada,25.9308,97.0358,Burma,MM,MMR,Kachin State,Kachin State,MM-11,state,,7.0,,,5,Asia/Yangon,FALSE,1104000444
Gabalangweshazu,Gabalangweshazu,Gabalanwègyazu,18.3877,96.8462,Burma,MM,MMR,Bago,Bago,MM-02,region,,53.5,,,4,Asia/Yangon,FALSE,1104946226
Hin Cho Taw,Hin Cho Taw,Hinchodaw,13.8429,98.1616,Burma,MM,MMR,Tanintharyi,Tanintharyi,MM-05,region,,143.9,,,4,Asia/Yangon,FALSE,1104977360
Tāmtu,Tamtu,,26.0667,98.1500,Burma,MM,MMR,Kachin State,Kachin State,MM-11,state,,6.0,,,5,Asia/Yangon,FALSE,1104078519
Wān Ai-lōnghpa-ngoi,Wan Ai-longhpa-ngoi,,20.7843,100.1337,Burma,MM,MMR,Shan State,Shan State,MM-17,state,,39.3,,,4,Asia/Yangon,FALSE,1104504894
Chiywa,Chiywa,,20.5850,94.1908,Burma,MM,MMR,Magway,Magway,MM-03,region,,15.1,,,4,Asia/Yangon,FALSE,1104840156
Mahē,Mahe,,24.3823,96.3946,Burma,MM,MMR,Sagaing,Sagaing,MM-01,region,,76.5,,,4,Asia/Yangon,FALSE,1104946309
Hsu-i,Hsu-i,,23.3634,97.3647,Burma,MM,MMR,Shan State,Shan State,MM-17,state,,16.7,,,4,Asia/Yangon,FALSE,1104488831
Nyaung Pin Thar South,Nyaung Pin Thar South,,20.6719,95.7769,Burma,MM,MMR,Mandalay,Mandalay,MM-04,region,,192.7,,,4,Asia/Yangon,FALSE,1104004285
Dauklauk,Dauklauk,,14.2995,98.2010,Burma,MM,MMR,Tanintharyi,Tanintharyi,MM-05,region,,42.0,,,4,Asia/Yangon,FALSE,1104988558
Kaget,Kaget,,24.1659,94.9428,Burma,MM,MMR,Sagaing,Sagaing,MM-01,region,,26.7,,,4,Asia/Yangon,FALSE,1104219102
Hkringmudan,Hkringmudan,,24.2536,97.6367,Burma,MM,MMR,Kachin State,Kachin State,MM-11,state,,23.4,,,4,Asia/Yangon,FALSE,1104287064
Hpakkom,Hpakkom,,22.7772,98.1444,Burma,MM,MMR,Shan State,Shan State,MM-17,state,,38.2,,,4,Asia/Yangon,FALSE,1104384355
Hpakkom,Hpakkom,,22.8757,98.2270,Burma,MM,MMR,Shan State,Shan State,MM-17,state,,38.2,,,4,Asia/Yangon,TRUE,1104492477
Hpakkom,Hpakkom,,22.1620,97.4241,Burma,MM,MMR,Shan State,Shan State,MM-17,state,,35.8,,,4,Asia/Yangon,TRUE,1104649616
Hpakkom,Hpakkom,,22.3303,97.9650,Burma,MM,MMR,Shan State,Shan State,MM-17,state,,26.4,,,4,Asia/Yangon,TRUE,1104182995
Thayet-ok,Thayet-ok,,18.2506,96.5954,Burma,MM,MMR,Bago,Bago,MM-02,region,,84.1,,,4,Asia/Yangon,FALSE,1104131412
Ganeikkon,Ganeikkon,,19.0149,95.5201,Burma,MM,MMR,Bago,Bago,MM-02,region,,63.9,,,4,Asia/Yangon,FALSE,1104916760
Tebinlu,Tebinlu,,18.2476,95.8669,Burma,MM,MMR,Bago,Bago,MM-02,region,,114.8,,,4,Asia/Yangon,FALSE,1104621581
Pyayt Wa,Pyayt Wa,,20.8092,95.2225,Burma,MM,MMR,Mandalay,Mandalay,MM-04,region,,123.4,,,4,Asia/Yangon,FALSE,1104003060
Pangthum,Pangthum,,22.7364,97.5952,Burma,MM,MMR,Shan State,Shan State,MM-17,state,,89.9,,,4,Asia/Yangon,FALSE,1104349094
Mogu,Mogu,,22.9726,97.1634,Burma,MM,MMR,Shan State,Shan State,MM-17,state,,51.3,,,4,Asia/Yangon,FALSE,1104003542
Zahaw,Zahaw,,22.1667,93.7167,Burma,MM,MMR,Chin State,Chin State,MM-14,state,,11.1,,,4,Asia/Yangon,FALSE,1104296017
Nyaungle,Nyaungle,,22.8334,95.2414,Burma,MM,MMR,Sagaing,Sagaing,MM-01,region,,82.5,,,4,Asia/Yangon,FALSE,1104621962
Hai-nā,Hai-na,,20.3391,98.3506,Burma,MM,MMR,Shan State,Shan State,MM-17,state,,11.1,,,4,Asia/Yangon,FALSE,1104826657
Sinsegaing,Sinsegaing,,18.8786,94.2560,Burma,MM,MMR,Rakhine State,Rakhine State,MM-16,state,,30.9,,,4,Asia/Yangon,FALSE,1104548903
Loilung,Loilung,,24.3337,97.6234,Burma,MM,MMR,Kachin State,Kachin State,MM-11,state,,23.4,,,4,Asia/Yangon,FALSE,1104478955
Kawt Nwet,Kawt Nwet,,15.9905,98.3562,Burma,MM,MMR,Kayin State,Kayin State,MM-13,state,,22.9,,,4,Asia/Yangon,FALSE,1104009454
Panghsa,Panghsa,,21.9463,97.6117,Burma,MM,MMR,Shan State,Shan State,MM-17,state,,21.0,,,4,Asia/Yangon,FALSE,1104492489
Pangva,Pangva,,22.1000,93.7833,Burma,MM,MMR,Chin State,Chin State,MM-14,state,,11.1,,,4,Asia/Yangon,FALSE,1104754992
Wān Hwè-hsūm,Wan Hwe-hsum,,21.6978,99.2180,Burma,MM,MMR,Shan State,Shan State,MM-17,state,,18.9,,,4,Asia/Yangon,FALSE,1104800045
Pettan,Pettan,,17.9500,95.7833,Burma,MM,MMR,Bago,Bago,MM-02,region,,172.7,,,4,Asia/Yangon,FALSE,1104071246
Ongyaw,Ongyaw,,21.8797,96.2000,Burma,MM,MMR,Mandalay,Mandalay,MM-04,region,,417.9,,,3,Asia/Yangon,FALSE,1104782899
Ongyaw,Ongyaw,,21.7848,96.7120,Burma,MM,MMR,Mandalay,Mandalay,MM-04,region,,126.4,,,4,Asia/Yangon,TRUE,1104900214
Pettan,Pettan,,17.0495,96.0034,Burma,MM,MMR,Yangon,Yangon,MM-06,region,,579.7,,,3,Asia/Yangon,FALSE,1104622362
Ein Myit San,Ein Myit San,,21.7472,95.9978,Burma,MM,MMR,Mandalay,Mandalay,MM-04,region,,137.7,,,4,Asia/Yangon,FALSE,1104004759
Yawng-hkrum,Yawng-hkrum,,23.0108,98.8221,Burma,MM,MMR,Shan State,Shan State,MM-17,state,,46.0,,,4,Asia/Yangon,FALSE,1104007358
Wān Loi-htwe,Wan Loi-htwe,Li-hsaw|Wān Loihtwe,19.8502,98.8317,Burma,MM,MMR,Shan State,Shan State,MM-17,state,,25.0,,,4,Asia/Yangon,FALSE,1104530415
Taowpāra,Taowpara,,21.3407,92.3979,Burma,MM,MMR,Rakhine State,Rakhine State,MM-16,state,,24.2,,,4,Asia/Yangon,FALSE,1104958002
Kyaukoywa,Kyaukoywa,,19.5630,95.3806,Burma,MM,MMR,Magway,Magway,MM-03,region,,52.3,,,4,Asia/Yangon,FALSE,1104878388
Tagaunggan,Tagaunggan,,17.5366,96.7699,Burma,MM,MMR,Bago,Bago,MM-02,region,,179.3,,,4,Asia/Yangon,FALSE,1104842397
Pengdale,Pengdale,,20.1056,96.8068,Burma,MM,MMR,Shan State,Shan State,MM-17,state,,50.9,,,4,Asia/Yangon,FALSE,1104821204
Hpöngmung,Hpongmung,,21.5914,97.5794,Burma,MM,MMR,Shan State,Shan State,MM-17,state,,21.0,,,4,Asia/Yangon,FALSE,1104432741
Kyunlyashē,Kyunlyashe,,16.9269,94.7747,Burma,MM,MMR,Ayeyarwady,Ayeyarwady,MM-07,region,,205.9,,,3,Asia/Yangon,FALSE,1104497356
Yethayauk,Yethayauk,,21.5791,96.3278,Burma,MM,MMR,Mandalay,Mandalay,MM-04,region,,126.4,,,4,Asia/Yangon,FALSE,1104597731
Kaungfa,Kaungfa,,20.3358,96.7037,Burma,MM,MMR,Shan State,Shan State,MM-17,state,,85.6,,,4,Asia/Yangon,FALSE,1104130169
Taunglon,Taunglon,,16.7890,97.8652,Burma,MM,MMR,Kayin State,Kayin State,MM-13,state,,144.4,,,4,Asia/Yangon,FALSE,1104405122
Kwikler,Kwikler,,15.8250,98.5207,Burma,MM,MMR,Kayin State,Kayin State,MM-13,state,,22.9,,,4,Asia/Yangon,FALSE,1104000334
Pindaung,Pindaung,,21.4479,94.2508,Burma,MM,MMR,Magway,Magway,MM-03,region,,47.2,,,4,Asia/Yangon,FALSE,1104171490
Wān Tonmöng,Wan Tonmong,,20.7741,98.4061,Burma,MM,MMR,Shan State,Shan State,MM-17,state,,11.1,,,4,Asia/Yangon,FALSE,1104564120
Talin,Talin,,21.7119,94.0750,Burma,MM,MMR,Magway,Magway,MM-03,region,,32.8,,,4,Asia/Yangon,FALSE,1104843384
Nyamaraw,Nyamaraw,,17.0645,98.0146,Burma,MM,MMR,Kayin State,Kayin State,MM-13,state,,50.5,,,4,Asia/Yangon,FALSE,1104373922
Waw Tet,Waw Tet,,22.0227,96.0668,Burma,MM,MMR,Mandalay,Mandalay,MM-04,region,,573.9,,,3,Asia/Yangon,FALSE,1104005530
Thu Ye Taung,Thu Ye Taung,Thu-ye-daung,14.0015,98.2662,Burma,MM,MMR,Tanintharyi,Tanintharyi,MM-05,region,,49.2,,,4,Asia/Yangon,FALSE,1104726077
Pyenglong,Pyenglong,,23.6808,97.3414,Burma,MM,MMR,Shan State,Shan State,MM-17,state,,16.7,,,4,Asia/Yangon,FALSE,1104698096
Zali,Zali,,19.4910,96.4623,Burma,MM,MMR,Nay Pyi Taw,Nay Pyi Taw,MM-18,union territory,,52.5,,,4,Asia/Yangon,FALSE,1104363828
Wān Hpya-enhkam,Wan Hpya-enhkam,,21.0883,100.1165,Burma,MM,MMR,Shan State,Shan State,MM-17,state,,17.0,,,4,Asia/Yangon,FALSE,1104256115
Mai-aw Sinwa,Mai-aw Sinwa,,26.0954,97.3734,Burma,MM,MMR,Kachin State,Kachin State,MM-11,state,,0.6,,,5,Asia/Yangon,FALSE,1104752460
Waing Pat,Waing Pat,,17.1548,97.1933,Burma,MM,MMR,Mon State,Mon State,MM-15,state,,76.6,,,4,Asia/Yangon,FALSE,1104000765
Taung Gyi,Taung Gyi,,18.7601,96.6183,Burma,MM,MMR,Kayin State,Kayin State,MM-13,state,,11.2,,,4,Asia/Yangon,FALSE,1104005965
Winhtaung,Winhtaung,,15.8453,97.9027,Burma,MM,MMR,Kayin State,Kayin State,MM-13,state,,28.6,,,4,Asia/Yangon,FALSE,1104845928
Seik Gyi,Seik Gyi,,16.6192,95.8900,Burma,MM,MMR,Yangon,Yangon,MM-06,region,,350.6,,,3,Asia/Yangon,FALSE,1104006463
Taung Gyi,Taung Gyi,,17.2102,97.0959,Burma,MM,MMR,Mon State,Mon State,MM-15,state,,76.6,,,4,Asia/Yangon,FALSE,1104000776
Mān Pangmakket,Man Pangmakket,,23.3204,98.5667,Burma,MM,MMR,Shan State,Shan State,MM-17,state,,53.4,,,4,Asia/Yangon,FALSE,1104298459
Wān Kao-na-kun,Wan Kao-na-kun,,21.1523,99.0185,Burma,MM,MMR,Shan State,Shan State,MM-17,state,,12.1,,,4,Asia/Yangon,FALSE,1104000646
Wān Nawnglāng,Wan Nawnglang,Nawnglāng|Wan Nawngllang,21.1388,100.3764,Burma,MM,MMR,Shan State,Shan State,MM-17,state,,16.9,,,4,Asia/Yangon,FALSE,1104523412
Nam Shei,Nam Shei,,27.4149,97.4574,Burma,MM,MMR,Kachin State,Kachin State,MM-11,state,,10.9,,,4,Asia/Yangon,FALSE,1104006049
Nā-lo,Na-lo,,21.9149,97.6027,Burma,MM,MMR,Shan State,Shan State,MM-17,state,,21.0,,,4,Asia/Yangon,FALSE,1104585625
Mindandaw,Mindandaw,,21.3709,94.8572,Burma,MM,MMR,Magway,Magway,MM-03,region,,214.8,,,3,Asia/Yangon,FALSE,1104179329
Hpoe War Thein,Hpoe War Thein,Hpowathein,17.3128,97.1335,Burma,MM,MMR,Mon State,Mon State,MM-15,state,,76.6,,,4,Asia/Yangon,FALSE,1104141529
Shwe Bay,Shwe Bay,,12.4882,98.7013,Burma,MM,MMR,Tanintharyi,Tanintharyi,MM-05,region,,231.3,,,3,Asia/Yangon,FALSE,1104001312
Zegyi,Zegyi,Zegyo,21.8341,95.9832,Burma,MM,MMR,Mandalay,Mandalay,MM-04,region,,137.7,,,4,Asia/Yangon,FALSE,1104310781
Yae Tar North,Yae Tar North,,17.5426,95.8584,Burma,MM,MMR,Yangon,Yangon,MM-06,region,,177.9,,,4,Asia/Yangon,FALSE,1104008852
Sunpi-athin,Sunpi-athin,,17.1004,96.7808,Burma,MM,MMR,Bago,Bago,MM-02,region,,179.5,,,4,Asia/Yangon,FALSE,1104617816
Kywēdalin,Kywedalin,,16.4083,95.2194,Burma,MM,MMR,Ayeyarwady,Ayeyarwady,MM-07,region,,246.9,,,3,Asia/Yangon,FALSE,1104066619
Kywedalin,Kywedalin,,16.5569,95.2439,Burma,MM,MMR,Ayeyarwady,Ayeyarwady,MM-07,region,,244.9,,,3,Asia/Yangon,TRUE,1104356187
Le-ein,Le-ein,,16.9190,95.0511,Burma,MM,MMR,Ayeyarwady,Ayeyarwady,MM-07,region,,220.7,,,3,Asia/Yangon,FALSE,1104972943
Kywedalin,Kywedalin,,18.4091,95.2719,Burma,MM,MMR,Bago,Bago,MM-02,region,,180.7,,,4,Asia/Yangon,FALSE,1104296530
Kywedalin,Kywedalin,Kwedalin,18.1354,96.6637,Burma,MM,MMR,Bago,Bago,MM-02,region,,84.1,,,4,Asia/Yangon,TRUE,1104841777
Hmawlaunglung,Hmawlaunglung,,21.0936,93.7726,Burma,MM,MMR,Chin State,Chin State,MM-14,state,,8.4,,,5,Asia/Yangon,FALSE,1104743903
Baw Ga,Baw Ga,,20.0361,96.2311,Burma,MM,MMR,Nay Pyi Taw,Nay Pyi Taw,MM-18,union territory,,45.3,,,4,Asia/Yangon,FALSE,1104007504
Htee Hlaing,Htee Hlaing,Htihlaing,20.3693,96.2086,Burma,MM,MMR,Mandalay,Mandalay,MM-04,region,,110.9,,,4,Asia/Yangon,FALSE,1104263108
Poshwezu,Poshwezu,,16.9094,96.5496,Burma,MM,MMR,Yangon,Yangon,MM-06,region,,296.9,,,3,Asia/Yangon,FALSE,1104804288
Thaung Gyi,Thaung Gyi,,17.0720,97.1805,Burma,MM,MMR,Mon State,Mon State,MM-15,state,,169.9,,,4,Asia/Yangon,FALSE,1104002103
Mānmon,Manmon,,22.5590,97.2266,Burma,MM,MMR,Shan State,Shan State,MM-17,state,,35.8,,,4,Asia/Yangon,FALSE,1104323756
Yikhu,Yikhu,,24.5519,97.4932,Burma,MM,MMR,Kachin State,Kachin State,MM-11,state,,10.2,,,4,Asia/Yangon,FALSE,1104642871
Kanyinkwin,Kanyinkwin,,18.2732,94.4610,Burma,MM,MMR,Rakhine State,Rakhine State,MM-16,state,,32.3,,,4,Asia/Yangon,FALSE,1104393719
’Ntapgahtawng,'Ntapgahtawng,’Ntap,25.4208,96.7673,Burma,MM,MMR,Kachin State,Kachin State,MM-11,state,,44.0,,,4,Asia/Yangon,FALSE,1104915555
Winza,Winza,,20.4552,93.2821,Burma,MM,MMR,Rakhine State,Rakhine State,MM-16,state,,41.8,,,4,Asia/Yangon,FALSE,1104060576
Wān Hat,Wan Hat,Hat,20.2276,97.8751,Burma,MM,MMR,Shan State,Shan State,MM-17,state,,14.1,,,4,Asia/Yangon,FALSE,1104136265
Win Poke,Win Poke,,16.5102,98.1300,Burma,MM,MMR,Kayin State,Kayin State,MM-13,state,,89.3,,,4,Asia/Yangon,FALSE,1104007964
Kyaung Kone Gyi,Kyaung Kone Gyi,,21.6229,95.6466,Burma,MM,MMR,Mandalay,Mandalay,MM-04,region,,127.9,,,4,Asia/Yangon,FALSE,1104004551
Than Ban Kyaw Auk Su,Than Ban Kyaw Auk Su,,17.4877,95.8665,Burma,MM,MMR,Yangon,Yangon,MM-06,region,,177.9,,,4,Asia/Yangon,FALSE,1104007092
Mak Heng-long,Mak Heng-long,Mac Heng-long,19.7946,97.2131,Burma,MM,MMR,Kayah State,Kayah State,MM-12,state,,82.3,,,4,Asia/Yangon,FALSE,1104377629
Kyonkyongya,Kyonkyongya,,17.3936,95.2553,Burma,MM,MMR,Ayeyarwady,Ayeyarwady,MM-07,region,,267.9,,,3,Asia/Yangon,FALSE,1104000052
Nawngyun,Nawngyun,,22.3392,98.3178,Burma,MM,MMR,Shan State,Shan State,MM-17,state,,38.2,,,4,Asia/Yangon,FALSE,1104994885
Kwingale,Kwingale,,16.6475,98.3784,Burma,MM,MMR,Kayin State,Kayin State,MM-13,state,,98.3,,,4,Asia/Yangon,FALSE,1104306379
Kongmakat,Kongmakat,,20.1262,96.8749,Burma,MM,MMR,Shan State,Shan State,MM-17,state,,50.9,,,4,Asia/Yangon,FALSE,1104291652
Ulāngkawng,Ulangkawng,,25.9087,97.0149,Burma,MM,MMR,Kachin State,Kachin State,MM-11,state,,7.0,,,5,Asia/Yangon,FALSE,1104444947
Gandamagyaung,Gandamagyaung,,24.1716,94.5600,Burma,MM,MMR,Sagaing,Sagaing,MM-01,region,,26.7,,,4,Asia/Yangon,FALSE,1104615493
Pilipum,Pilipum,,25.7597,97.6120,Burma,MM,MMR,Kachin State,Kachin State,MM-11,state,,0.4,,,5,Asia/Yangon,FALSE,1104356657
Kangna,Kangna,,21.0096,97.5142,Burma,MM,MMR,Shan State,Shan State,MM-17,state,,98.1,,,4,Asia/Yangon,FALSE,1104213377
Hkupra,Hkupra,,19.4167,96.9333,Burma,MM,MMR,Kayah State,Kayah State,MM-12,state,,55.3,,,4,Asia/Yangon,FALSE,1104903011
Köngtöng,Kongtong,,22.1032,97.2820,Burma,MM,MMR,Shan State,Shan State,MM-17,state,,35.8,,,4,Asia/Yangon,FALSE,1104044396
Kongtong,Kongtong,,21.9188,97.1326,Burma,MM,MMR,Shan State,Shan State,MM-17,state,,16.3,,,4,Asia/Yangon,TRUE,1104961302
Kongtong,Kongtong,,20.2531,97.7430,Burma,MM,MMR,Shan State,Shan State,MM-17,state,,14.8,,,4,Asia/Yangon,TRUE,1104444625
Khamzang,Khamzang,,23.6092,93.7716,Burma,MM,MMR,Chin State,Chin State,MM-14,state,,7.9,,,5,Asia/Yangon,FALSE,1104717022
Ho-tong,Ho-tong,,22.1174,97.9215,Burma,MM,MMR,Shan State,Shan State,MM-17,state,,35.8,,,4,Asia/Yangon,FALSE,1104189497
Tayaso,Tayaso,,18.0200,97.5717,Burma,MM,MMR,Kayin State,Kayin State,MM-13,state,,2.6,,,5,Asia/Yangon,FALSE,1104222976
Wa-hkyet,Wa-hkyet,,23.7522,97.6535,Burma,MM,MMR,Shan State,Shan State,MM-17,state,,84.4,,,4,Asia/Yangon,FALSE,1104598077
Mān Namhsam,Man Namhsam,,23.5506,98.5353,Burma,MM,MMR,Shan State,Shan State,MM-17,state,,53.4,,,4,Asia/Yangon,FALSE,1104561890
Thabyewa,Thabyewa,,21.1646,95.2145,Burma,MM,MMR,Mandalay,Mandalay,MM-04,region,,145.1,,,4,Asia/Yangon,FALSE,1104658257
Wān Pa-wai,Wan Pa-wai,,21.7795,98.6143,Burma,MM,MMR,Shan State,Shan State,MM-17,state,,4.6,,,5,Asia/Yangon,FALSE,1104978159
Yongon,Yongon,,20.6791,96.6929,Burma,MM,MMR,Shan State,Shan State,MM-17,state,,138.0,,,4,Asia/Yangon,FALSE,1104557290
Yongon,Yongon,,20.4251,93.0143,Burma,MM,MMR,Rakhine State,Rakhine State,MM-16,state,,97.0,,,4,Asia/Yangon,FALSE,1104741436
Hwemaukkan,Hwemaukkan,,24.6085,95.6125,Burma,MM,MMR,Sagaing,Sagaing,MM-01,region,,32.0,,,4,Asia/Yangon,FALSE,1104485202
Mee Naw Dat Tar,Mee Naw Dat Tar,,16.2967,98.3189,Burma,MM,MMR,Kayin State,Kayin State,MM-13,state,,22.9,,,4,Asia/Yangon,FALSE,1104007872
Sar Hpyu Su,Sar Hpyu Su,,16.9405,95.9847,Burma,MM,MMR,Yangon,Yangon,MM-06,region,,276.0,,,3,Asia/Yangon,FALSE,1104006178
Sar Hpyu Su,Sar Hpyu Su,,17.2359,95.9226,Burma,MM,MMR,Yangon,Yangon,MM-06,region,,191.4,,,4,Asia/Yangon,TRUE,1104006180
Sar Hpyu Su,Sar Hpyu Su,,17.2840,95.8405,Burma,MM,MMR,Yangon,Yangon,MM-06,region,,177.9,,,4,Asia/Yangon,TRUE,1104006181
Sar Hpyu Su,Sar Hpyu Su,,17.3109,95.7690,Burma,MM,MMR,Yangon,Yangon,MM-06,region,,177.9,,,4,Asia/Yangon,TRUE,1104006183
Sar Hpyu Su,Sar Hpyu Su,,17.4056,95.8950,Burma,MM,MMR,Yangon,Yangon,MM-06,region,,177.9,,,4,Asia/Yangon,TRUE,1104006182
Sar Hpyu Su,Sar Hpyu Su,,17.4139,95.7755,Burma,MM,MMR,Yangon,Yangon,MM-06,region,,177.9,,,4,Asia/Yangon,TRUE,1104006179
Tadachaung,Tadachaung,,16.7389,96.1742,Burma,MM,MMR,Yangon,Yangon,MM-06,region,,854.6,,,3,Asia/Yangon,FALSE,1104763024
Kanpaw Tang-tok,Kanpaw Tang-tok,,20.6410,97.1152,Burma,MM,MMR,Shan State,Shan State,MM-17,state,,339.9,,,3,Asia/Yangon,FALSE,1104689911
Baw Tu,Baw Tu,,21.1427,93.8437,Burma,MM,MMR,Chin State,Chin State,MM-14,state,,8.4,,,5,Asia/Yangon,FALSE,1104002422
Magyibingon,Magyibingon,,19.1103,95.6469,Burma,MM,MMR,Bago,Bago,MM-02,region,,63.9,,,4,Asia/Yangon,FALSE,1104589832
Kawt Ka Dut,Kawt Ka Dut,Kawkadut,17.1797,97.1521,Burma,MM,MMR,Mon State,Mon State,MM-15,state,,76.6,,,4,Asia/Yangon,FALSE,1104781384
Pein Yaw,Pein Yaw,,21.3679,93.9378,Burma,MM,MMR,Chin State,Chin State,MM-14,state,,12.8,,,4,Asia/Yangon,FALSE,1104001050
Kalatanyet,Kalatanyet,Kalatanyat,12.4384,98.7792,Burma,MM,MMR,Tanintharyi,Tanintharyi,MM-05,region,,231.3,,,3,Asia/Yangon,FALSE,1104989871
Apongdam,Apongdam,,27.6232,98.2603,Burma,MM,MMR,Kachin State,Kachin State,MM-11,state,,4.0,,,5,Asia/Yangon,FALSE,1104763563
Amyet,Amyet,,17.5474,95.6850,Burma,MM,MMR,Ayeyarwady,Ayeyarwady,MM-07,region,,168.2,,,4,Asia/Yangon,FALSE,1104487037
Hnaung Pa Yaet,Hnaung Pa Yaet,,15.9260,98.0190,Burma,MM,MMR,Kayin State,Kayin State,MM-13,state,,60.5,,,4,Asia/Yangon,FALSE,1104006192
Mān Ho-hkang,Man Ho-hkang,,23.6350,98.3790,Burma,MM,MMR,Shan State,Shan State,MM-17,state,,34.3,,,4,Asia/Yangon,FALSE,1104984901
Labutkala,Labutkala,,16.5113,94.9765,Burma,MM,MMR,Ayeyarwady,Ayeyarwady,MM-07,region,,246.0,,,3,Asia/Yangon,FALSE,1104088188
Kandaya,Kandaya,,22.7822,95.5793,Burma,MM,MMR,Sagaing,Sagaing,MM-01,region,,137.1,,,4,Asia/Yangon,FALSE,1104627714
Shwele-in,Shwele-in,,18.9667,96.4333,Burma,MM,MMR,Bago,Bago,MM-02,region,,145.3,,,4,Asia/Yangon,FALSE,1104497089
Thu Htay Kone Pauk Taw,Thu Htay Kone Pauk Taw,,16.8029,95.9697,Burma,MM,MMR,Yangon,Yangon,MM-06,region,,350.6,,,3,Asia/Yangon,FALSE,1104008295
Myo Kwet,Myo Kwet,,17.4419,95.9099,Burma,MM,MMR,Yangon,Yangon,MM-06,region,,177.9,,,4,Asia/Yangon,FALSE,1104009428
Tinga,Tinga,,23.7798,97.5109,Burma,MM,MMR,Shan State,Shan State,MM-17,state,,84.4,,,4,Asia/Yangon,FALSE,1104895748
Tinga,Tinga,,19.9459,93.9233,Burma,MM,MMR,Rakhine State,Rakhine State,MM-16,state,,16.2,,,4,Asia/Yangon,FALSE,1104408729
Hkawhtuhsan,Hkawhtuhsan,,24.0920,98.5519,Burma,MM,MMR,Shan State,Shan State,MM-17,state,,30.7,,,4,Asia/Yangon,FALSE,1104939502
Pamon,Pamon,,24.3975,95.7501,Burma,MM,MMR,Sagaing,Sagaing,MM-01,region,,32.0,,,4,Asia/Yangon,FALSE,1104639460
Tinga,Tinga,,25.1628,97.6727,Burma,MM,MMR,Kachin State,Kachin State,MM-11,state,,31.0,,,4,Asia/Yangon,FALSE,1104158095
Thi Dar,Thi Dar,,24.7873,96.3562,Burma,MM,MMR,Kachin State,Kachin State,MM-11,state,,32.1,,,4,Asia/Yangon,FALSE,1104008153
Aung Ba Dan,Aung Ba Dan,,22.9424,96.2523,Burma,MM,MMR,Mandalay,Mandalay,MM-04,region,,130.3,,,4,Asia/Yangon,FALSE,1104005770
Nyaung Kone East,Nyaung Kone East,,20.7917,95.8090,Burma,MM,MMR,Mandalay,Mandalay,MM-04,region,,235.1,,,3,Asia/Yangon,FALSE,1104003486
Molvum,Molvum,,25.1824,94.8630,Burma,MM,MMR,Sagaing,Sagaing,MM-01,region,,1.9,,,5,Asia/Yangon,FALSE,1104617546
Thadutkon,Thadutkon,,23.9515,95.2804,Burma,MM,MMR,Sagaing,Sagaing,MM-01,region,,33.1,,,4,Asia/Yangon,FALSE,1104637010
Bawnatgyi,Bawnatgyi,,17.4685,96.4467,Burma,MM,MMR,Bago,Bago,MM-02,region,,162.5,,,4,Asia/Yangon,FALSE,1104718605
Mamaung,Mamaung,,25.6226,96.2992,Burma,MM,MMR,Kachin State,Kachin State,MM-11,state,,74.0,,,4,Asia/Yangon,FALSE,1104763458
Pabein,Pabein,,17.1158,97.4282,Burma,MM,MMR,Mon State,Mon State,MM-15,state,,169.9,,,4,Asia/Yangon,FALSE,1104363457
Antwe,Antwe,,16.2961,98.2230,Burma,MM,MMR,Kayin State,Kayin State,MM-13,state,,78.2,,,4,Asia/Yangon,FALSE,1104818021
Ebaing,Ebaing,,16.4056,98.0272,Burma,MM,MMR,Kayin State,Kayin State,MM-13,state,,89.3,,,4,Asia/Yangon,FALSE,1104000543
Paledan,Paledan,,21.9286,95.6000,Burma,MM,MMR,Sagaing,Sagaing,MM-01,region,,136.2,,,4,Asia/Yangon,FALSE,1104148434
Thayedo-aukywa,Thayedo-aukywa,Thayedo,18.6366,96.8076,Burma,MM,MMR,Kayin State,Kayin State,MM-13,state,,11.2,,,4,Asia/Yangon,FALSE,1104828173
Zigon,Zigon,,22.0680,96.8927,Burma,MM,MMR,Shan State,Shan State,MM-17,state,,49.1,,,4,Asia/Yangon,FALSE,1104325052
Zigôn,Zigon,,23.6404,96.5853,Burma,MM,MMR,Shan State,Shan State,MM-17,state,,10.1,,,4,Asia/Yangon,TRUE,1104239091
Zigon,Zigon,,18.5019,94.3931,Burma,MM,MMR,Rakhine State,Rakhine State,MM-16,state,,32.3,,,4,Asia/Yangon,FALSE,1104145773
Zigon,Zigon,,17.6770,94.5504,Burma,MM,MMR,Rakhine State,Rakhine State,MM-16,state,,21.6,,,4,Asia/Yangon,TRUE,1104611117
Zigôn,Zigon,,16.3045,97.4650,Burma,MM,MMR,Mon State,Mon State,MM-15,state,,249.3,,,3,Asia/Yangon,FALSE,1104369731
Kin-e,Kin-e,,21.8808,94.4383,Burma,MM,MMR,Sagaing,Sagaing,MM-01,region,,87.8,,,4,Asia/Yangon,FALSE,1104506858
Indan,Indan,,17.1218,96.0489,Burma,MM,MMR,Yangon,Yangon,MM-06,region,,579.7,,,3,Asia/Yangon,FALSE,1104948594
Chaungbya,Chaungbya,,13.7752,98.3287,Burma,MM,MMR,Tanintharyi,Tanintharyi,MM-05,region,,49.2,,,4,Asia/Yangon,FALSE,1104522963
Thet Kei Kone,Thet Kei Kone,,16.8002,97.5660,Burma,MM,MMR,Kayin State,Kayin State,MM-13,state,,144.4,,,4,Asia/Yangon,FALSE,1104007471
Chaungbya,Chaungbya,,23.8600,95.5666,Burma,MM,MMR,Sagaing,Sagaing,MM-01,region,,33.1,,,4,Asia/Yangon,FALSE,1104430006
Chaungbya,Chaungbya,,24.3474,95.6661,Burma,MM,MMR,Sagaing,Sagaing,MM-01,region,,32.0,,,4,Asia/Yangon,TRUE,1104581931
Taungteik,Taungteik,,22.9833,93.8000,Burma,MM,MMR,Chin State,Chin State,MM-14,state,,16.7,,,4,Asia/Yangon,FALSE,1104824262
Ingan,Ingan,,21.9202,94.7479,Burma,MM,MMR,Sagaing,Sagaing,MM-01,region,,87.8,,,4,Asia/Yangon,FALSE,1104867110
Kawlawa,Kawlawa,,15.6666,97.9517,Burma,MM,MMR,Kayin State,Kayin State,MM-13,state,,28.6,,,4,Asia/Yangon,FALSE,1104060603
Ingan,Ingan,,21.2233,96.0809,Burma,MM,MMR,Mandalay,Mandalay,MM-04,region,,151.8,,,4,Asia/Yangon,FALSE,1104210336
Saga-in,Saga-in,,21.7789,95.9796,Burma,MM,MMR,Mandalay,Mandalay,MM-04,region,,162.4,,,4,Asia/Yangon,FALSE,1104204615
Pyuchaung,Pyuchaung,,20.3474,92.8453,Burma,MM,MMR,Rakhine State,Rakhine State,MM-16,state,,112.4,,,4,Asia/Yangon,FALSE,1104970580
Khamyangtsa,Khamyangtsa,,21.0226,93.6598,Burma,MM,MMR,Chin State,Chin State,MM-14,state,,8.4,,,5,Asia/Yangon,FALSE,1104358493
Ngan Yoe,Ngan Yoe,,19.5019,97.0954,Burma,MM,MMR,Kayah State,Kayah State,MM-12,state,,64.6,,,4,Asia/Yangon,FALSE,1104003579
Tha Byu Chaung,Tha Byu Chaung,,20.9855,93.1738,Burma,MM,MMR,Chin State,Chin State,MM-14,state,,7.7,,,5,Asia/Yangon,FALSE,1104003036
Kagyo,Kagyo,,20.9321,93.0617,Burma,MM,MMR,Rakhine State,Rakhine State,MM-16,state,,87.3,,,4,Asia/Yangon,FALSE,1104173159
Nyaungwin,Nyaungwin,,21.4896,95.9654,Burma,MM,MMR,Mandalay,Mandalay,MM-04,region,,147.4,,,4,Asia/Yangon,FALSE,1104412050
Wān Namnat,Wan Namnat,Namnat,21.9484,98.4566,Burma,MM,MMR,Shan State,Shan State,MM-17,state,,40.2,,,4,Asia/Yangon,FALSE,1104418580
Tachi-leng,Tachi-leng,,23.4742,98.7255,Burma,MM,MMR,Shan State,Shan State,MM-17,state,,53.4,,,4,Asia/Yangon,FALSE,1104101242
Kha Ywea,Kha Ywea,Kaywe,17.5790,96.8812,Burma,MM,MMR,Mon State,Mon State,MM-15,state,,177.7,,,4,Asia/Yangon,FALSE,1104006194
Ho-hkö-namma,Ho-hko-namma,,21.1504,98.0455,Burma,MM,MMR,Shan State,Shan State,MM-17,state,,16.7,,,4,Asia/Yangon,FALSE,1104216976
Hkong-ai,Hkong-ai,,23.9241,98.4570,Burma,MM,MMR,Shan State,Shan State,MM-17,state,,83.1,,,4,Asia/Yangon,FALSE,1104283620
Wān Hwè-pawp,Wan Hwe-pawp,,21.3345,100.7187,Burma,MM,MMR,Shan State,Shan State,MM-17,state,,21.9,,,4,Asia/Yangon,FALSE,1104205808
Thanhdia,Thanhdia,,21.9440,93.3543,Burma,MM,MMR,Chin State,Chin State,MM-14,state,,11.9,,,4,Asia/Yangon,FALSE,1104001110
Wān Hpa-tè,Wan Hpa-te,,21.1459,99.7932,Burma,MM,MMR,Shan State,Shan State,MM-17,state,,46.4,,,4,Asia/Yangon,FALSE,1104417758
In Ta Ga Lu,In Ta Ga Lu,,26.4952,97.5343,Burma,MM,MMR,Kachin State,Kachin State,MM-11,state,,0.6,,,5,Asia/Yangon,FALSE,1104009133
Kyoet Pin,Kyoet Pin,,19.7924,96.2437,Burma,MM,MMR,Nay Pyi Taw,Nay Pyi Taw,MM-18,union territory,,85.9,,,4,Asia/Yangon,FALSE,1104007469
Kyoet Pin,Kyoet Pin,,19.6371,96.0803,Burma,MM,MMR,Nay Pyi Taw,Nay Pyi Taw,MM-18,union territory,,52.5,,,4,Asia/Yangon,TRUE,1104007468
Mān Hpat,Man Hpat,,22.9982,97.0211,Burma,MM,MMR,Shan State,Shan State,MM-17,state,,47.8,,,4,Asia/Yangon,FALSE,1104567190
Mān Hpat,Man Hpat,,21.5833,97.6000,Burma,MM,MMR,Shan State,Shan State,MM-17,state,,21.0,,,4,Asia/Yangon,TRUE,1104751043
Hopang,Hopang,,23.4248,98.7523,Burma,MM,MMR,Shan State,Shan State,MM-17,state,,57.7,,,4,Asia/Yangon,FALSE,1104520208
Inn Wun,Inn Wun,,14.0752,98.1653,Burma,MM,MMR,Tanintharyi,Tanintharyi,MM-05,region,,143.9,,,4,Asia/Yangon,FALSE,1104000905
Kinboi,Kinboi,,26.1445,97.7376,Burma,MM,MMR,Kachin State,Kachin State,MM-11,state,,0.6,,,5,Asia/Yangon,FALSE,1104075901
Kyabinaing,Kyabinaing,,23.7324,95.8731,Burma,MM,MMR,Sagaing,Sagaing,MM-01,region,,74.5,,,4,Asia/Yangon,FALSE,1104465804
Kunhai-long,Kunhai-long,Kunahifong,23.8714,97.6867,Burma,MM,MMR,Shan State,Shan State,MM-17,state,,87.9,,,4,Asia/Yangon,FALSE,1104748140
Kying Hka Yawng,Kying Hka Yawng,,23.7636,97.4144,Burma,MM,MMR,Kachin State,Kachin State,MM-11,state,,17.4,,,4,Asia/Yangon,FALSE,1104007962
Myin Mat Tat,Myin Mat Tat,,14.1788,98.2598,Burma,MM,MMR,Tanintharyi,Tanintharyi,MM-05,region,,25.4,,,4,Asia/Yangon,FALSE,1104001772
Haungnwe,Haungnwe,,21.3503,96.2147,Burma,MM,MMR,Mandalay,Mandalay,MM-04,region,,201.7,,,3,Asia/Yangon,FALSE,1104267549
Lahkradaw,Lahkradaw,,23.7974,97.4166,Burma,MM,MMR,Kachin State,Kachin State,MM-11,state,,17.4,,,4,Asia/Yangon,FALSE,1104933218
Wān Pā-neng,Wan Pa-neng,,20.0575,98.6726,Burma,MM,MMR,Shan State,Shan State,MM-17,state,,25.0,,,4,Asia/Yangon,FALSE,1104974133
Dedaukhi,Dedaukhi,,18.2815,97.0310,Burma,MM,MMR,Bago,Bago,MM-02,region,,53.5,,,4,Asia/Yangon,FALSE,1104568776
Tha Meit Lower,Tha Meit Lower,,16.4637,95.8670,Burma,MM,MMR,Yangon,Yangon,MM-06,region,,210.4,,,3,Asia/Yangon,FALSE,1104007058
Sungyaung,Sungyaung,,21.1065,96.1823,Burma,MM,MMR,Mandalay,Mandalay,MM-04,region,,151.8,,,4,Asia/Yangon,FALSE,1104340107
Thanatsit,Thanatsit,,21.8330,95.7613,Burma,MM,MMR,Mandalay,Mandalay,MM-04,region,,126.5,,,4,Asia/Yangon,FALSE,1104083581
Thamya,Thamya,,20.5333,95.3500,Burma,MM,MMR,Magway,Magway,MM-03,region,,80.6,,,4,Asia/Yangon,FALSE,1104348386
Paingmaw,Paingmaw,,25.9188,98.1154,Burma,MM,MMR,Kachin State,Kachin State,MM-11,state,,6.0,,,5,Asia/Yangon,FALSE,1104813215
Na-kawtkon,Na-kawtkon,Na-kawthon,21.6927,98.2801,Burma,MM,MMR,Shan State,Shan State,MM-17,state,,40.2,,,4,Asia/Yangon,FALSE,1104443045
Shangleng,Shangleng,,27.2098,97.7080,Burma,MM,MMR,Kachin State,Kachin State,MM-11,state,,3.0,,,5,Asia/Yangon,FALSE,1104719721
Tha Yet Ta Pin,Tha Yet Ta Pin,,22.0040,96.0638,Burma,MM,MMR,Mandalay,Mandalay,MM-04,region,,417.9,,,3,Asia/Yangon,FALSE,1104004744
Mromigyaung,Mromigyaung,,21.0862,92.3205,Burma,MM,MMR,Rakhine State,Rakhine State,MM-16,state,,24.2,,,4,Asia/Yangon,FALSE,1104640724
Mokso-nyaungbin,Mokso-nyaungbin,,17.0579,96.2500,Burma,MM,MMR,Yangon,Yangon,MM-06,region,,200.9,,,3,Asia/Yangon,FALSE,1104470817
Magyihla,Magyihla,,17.3021,94.9418,Burma,MM,MMR,Ayeyarwady,Ayeyarwady,MM-07,region,,192.7,,,4,Asia/Yangon,FALSE,1104888718
Wān Loi-leng,Wan Loi-leng,,21.8989,98.0298,Burma,MM,MMR,Shan State,Shan State,MM-17,state,,31.6,,,4,Asia/Yangon,FALSE,1104436512
Wān Loi-leng,Wan Loi-leng,Wān Loi-long,21.5139,98.1725,Burma,MM,MMR,Shan State,Shan State,MM-17,state,,16.4,,,4,Asia/Yangon,TRUE,1104299104
Kace,Kace,,21.7274,93.3798,Burma,MM,MMR,Chin State,Chin State,MM-14,state,,7.8,,,5,Asia/Yangon,FALSE,1104003484
Kumbabum,Kumbabum,,24.5667,97.1667,Burma,MM,MMR,Kachin State,Kachin State,MM-11,state,,89.5,,,4,Asia/Yangon,FALSE,1104837170
Kumbabum,Kumbabum,,24.2691,97.6726,Burma,MM,MMR,Kachin State,Kachin State,MM-11,state,,23.4,,,4,Asia/Yangon,TRUE,1104462161
Madawbin,Madawbin,,17.2077,96.2375,Burma,MM,MMR,Yangon,Yangon,MM-06,region,,200.9,,,3,Asia/Yangon,FALSE,1104241279
Magyiyon,Magyiyon,,19.2785,95.4890,Burma,MM,MMR,Magway,Magway,MM-03,region,,80.2,,,4,Asia/Yangon,FALSE,1104483605
Magyiyon,Magyiyon,,19.4923,94.9440,Burma,MM,MMR,Magway,Magway,MM-03,region,,79.4,,,4,Asia/Yangon,TRUE,1104648635
Nannameik,Nannameik,,18.4062,96.6469,Burma,MM,MMR,Bago,Bago,MM-02,region,,102.3,,,4,Asia/Yangon,FALSE,1104335682
Baingle,Baingle,,24.0421,94.8165,Burma,MM,MMR,Sagaing,Sagaing,MM-01,region,,26.7,,,4,Asia/Yangon,FALSE,1104678184
Kha-neinhpaw,Kha-neinhpaw,,16.7554,98.0601,Burma,MM,MMR,Kayin State,Kayin State,MM-13,state,,89.3,,,4,Asia/Yangon,FALSE,1104873925
Khugyi,Khugyi,,19.8916,94.5054,Burma,MM,MMR,Magway,Magway,MM-03,region,,35.5,,,4,Asia/Yangon,FALSE,1104285311
Ton Huong Yang,Ton Huong Yang,,24.7214,97.4594,Burma,MM,MMR,Kachin State,Kachin State,MM-11,state,,10.2,,,4,Asia/Yangon,FALSE,1104006367
Damathat,Damathat,,16.9468,96.8045,Burma,MM,MMR,Bago,Bago,MM-02,region,,179.5,,,4,Asia/Yangon,FALSE,1104941142
Thayekôn,Thayekon,Thayegon,19.7857,95.6407,Burma,MM,MMR,Magway,Magway,MM-03,region,,118.0,,,4,Asia/Yangon,FALSE,1104910114
Kyauksin,Kyauksin,,13.9375,98.1426,Burma,MM,MMR,Tanintharyi,Tanintharyi,MM-05,region,,143.9,,,4,Asia/Yangon,FALSE,1104208345
Kanthongan,Kanthongan,,16.7658,96.6020,Burma,MM,MMR,Yangon,Yangon,MM-06,region,,246.9,,,3,Asia/Yangon,FALSE,1104396902
Kanthongan,Kanthongan,,16.5797,96.1382,Burma,MM,MMR,Yangon,Yangon,MM-06,region,,210.4,,,3,Asia/Yangon,TRUE,1104450172
Kadauksat,Kadauksat,,17.0267,95.3471,Burma,MM,MMR,Ayeyarwady,Ayeyarwady,MM-07,region,,191.2,,,4,Asia/Yangon,FALSE,1104099874
Kyauksin,Kyauksin,,19.0030,95.4274,Burma,MM,MMR,Bago,Bago,MM-02,region,,306.2,,,3,Asia/Yangon,FALSE,1104096741
Kyauksin,Kyauksin,,23.9869,96.0155,Burma,MM,MMR,Sagaing,Sagaing,MM-01,region,,62.1,,,4,Asia/Yangon,FALSE,1104268071
Thin-in,Thin-in,,17.8114,96.4964,Burma,MM,MMR,Bago,Bago,MM-02,region,,150.5,,,4,Asia/Yangon,FALSE,1104112525
Thin-in,Thin-in,,18.1333,96.4833,Burma,MM,MMR,Bago,Bago,MM-02,region,,84.1,,,4,Asia/Yangon,TRUE,1104999209
Thin-in,Thin-in,,17.2166,96.0360,Burma,MM,MMR,Yangon,Yangon,MM-06,region,,579.7,,,3,Asia/Yangon,FALSE,1104553570
Am Pon,Am Pon,,21.2473,94.0428,Burma,MM,MMR,Chin State,Chin State,MM-14,state,,8.4,,,5,Asia/Yangon,FALSE,1104003767
Taung Lai,Taung Lai,,21.4532,93.1771,Burma,MM,MMR,Chin State,Chin State,MM-14,state,,7.7,,,5,Asia/Yangon,FALSE,1104277908
Ka Myaw Kin,Ka Myaw Kin,,14.0950,98.1709,Burma,MM,MMR,Tanintharyi,Tanintharyi,MM-05,region,,143.9,,,4,Asia/Yangon,FALSE,1104001660
Gekaw,Gekaw,,19.1808,96.9288,Burma,MM,MMR,Kayah State,Kayah State,MM-12,state,,17.5,,,4,Asia/Yangon,FALSE,1104503014
Kan Saunt,Kan Saunt,,21.0453,95.0175,Burma,MM,MMR,Mandalay,Mandalay,MM-04,region,,174.5,,,4,Asia/Yangon,FALSE,1104001010
Ingyi,Ingyi,,21.9419,96.4387,Burma,MM,MMR,Mandalay,Mandalay,MM-04,region,,117.9,,,4,Asia/Yangon,FALSE,1104687215
Wān Hka-lik,Wan Hka-lik,,20.7474,97.3362,Burma,MM,MMR,Shan State,Shan State,MM-17,state,,41.5,,,4,Asia/Yangon,FALSE,1104956017
Ingyi,Ingyi,,22.8515,95.0107,Burma,MM,MMR,Sagaing,Sagaing,MM-01,region,,82.5,,,4,Asia/Yangon,FALSE,1104252649
Ingyi,Ingyi,,23.7970,96.5269,Burma,MM,MMR,Sagaing,Sagaing,MM-01,region,,23.0,,,4,Asia/Yangon,TRUE,1104801805
Yi-ku,Yi-ku,,23.9296,98.1251,Burma,MM,MMR,Shan State,Shan State,MM-17,state,,61.8,,,4,Asia/Yangon,FALSE,1104387372
Yi-ku,Yi-ku,,24.0578,98.1002,Burma,MM,MMR,Shan State,Shan State,MM-17,state,,61.8,,,4,Asia/Yangon,TRUE,1104109968
Yi-ku,Yi-ku,,23.3660,97.1638,Burma,MM,MMR,Shan State,Shan State,MM-17,state,,16.7,,,4,Asia/Yangon,TRUE,1104126303
Ingyi,Ingyi,,18.0844,96.7390,Burma,MM,MMR,Bago,Bago,MM-02,region,,179.8,,,4,Asia/Yangon,FALSE,1104040433
Kalekho Atet,Kalekho Atet,,19.3327,96.7207,Burma,MM,MMR,Kayin State,Kayin State,MM-13,state,,34.9,,,4,Asia/Yangon,FALSE,1104667548
Wān Hpya-pangyōk,Wan Hpya-pangyok,Hpya-pangyōk,21.1845,100.5291,Burma,MM,MMR,Shan State,Shan State,MM-17,state,,16.9,,,4,Asia/Yangon,FALSE,1104157531
Nyaunghinhla,Nyaunghinhla,,21.3542,94.8662,Burma,MM,MMR,Magway,Magway,MM-03,region,,214.8,,,3,Asia/Yangon,FALSE,1104552815
Yele,Yele,,21.4890,95.7978,Burma,MM,MMR,Mandalay,Mandalay,MM-04,region,,130.1,,,4,Asia/Yangon,FALSE,1104051947
Nam-sam,Nam-sam,,22.8866,97.7411,Burma,MM,MMR,Shan State,Shan State,MM-17,state,,89.9,,,4,Asia/Yangon,FALSE,1104889010
Nam-sam,Nam-sam,,22.5427,97.4584,Burma,MM,MMR,Shan State,Shan State,MM-17,state,,35.8,,,4,Asia/Yangon,TRUE,1104403261
Zindainggyi,Zindainggyi,,18.7956,96.7994,Burma,MM,MMR,Kayin State,Kayin State,MM-13,state,,11.2,,,4,Asia/Yangon,FALSE,1104703655
Htiparekhi,Htiparekhi,,17.2996,97.9321,Burma,MM,MMR,Kayin State,Kayin State,MM-13,state,,17.2,,,4,Asia/Yangon,FALSE,1104627037
Mān Hpaktu,Man Hpaktu,,23.3106,98.5478,Burma,MM,MMR,Shan State,Shan State,MM-17,state,,53.4,,,4,Asia/Yangon,FALSE,1104368593
Naungkayaing,Naungkayaing,,16.8291,97.6463,Burma,MM,MMR,Kayin State,Kayin State,MM-13,state,,144.4,,,4,Asia/Yangon,FALSE,1104208449
Shwezin-o,Shwezin-o,,17.2021,94.6512,Burma,MM,MMR,Ayeyarwady,Ayeyarwady,MM-07,region,,80.6,,,4,Asia/Yangon,FALSE,1104413349
Wān Kawngmū-tun,Wan Kawngmu-tun,,20.5088,99.2806,Burma,MM,MMR,Shan State,Shan State,MM-17,state,,31.2,,,4,Asia/Yangon,FALSE,1104514182
Lemigale,Lemigale,,18.9992,96.7906,Burma,MM,MMR,Kayin State,Kayin State,MM-13,state,,37.7,,,4,Asia/Yangon,FALSE,1104216244
Mondaung,Mondaung,,20.0034,94.8013,Burma,MM,MMR,Magway,Magway,MM-03,region,,103.6,,,4,Asia/Yangon,FALSE,1104224379
Pangwat,Pangwat,,23.0549,97.2821,Burma,MM,MMR,Shan State,Shan State,MM-17,state,,51.3,,,4,Asia/Yangon,FALSE,1104351395
Pangwat,Pangwat,,22.3624,97.5200,Burma,MM,MMR,Shan State,Shan State,MM-17,state,,35.8,,,4,Asia/Yangon,TRUE,1104097247
Aung Chan Thar No. Nine,Aung Chan Thar No. Nine,Aung Chan Thar No. 9,20.7356,95.2024,Burma,MM,MMR,Mandalay,Mandalay,MM-04,region,,123.4,,,4,Asia/Yangon,FALSE,1104001214
Kum Ga,Kum Ga,Matao,26.4500,98.0833,Burma,MM,MMR,Kachin State,Kachin State,MM-11,state,,0.4,,,5,Asia/Yangon,FALSE,1104185549
Gwegwan,Gwegwan,,24.0035,97.1887,Burma,MM,MMR,Kachin State,Kachin State,MM-11,state,,17.4,,,4,Asia/Yangon,FALSE,1104506328
Hso-hku,Hso-hku,,19.2422,97.1614,Burma,MM,MMR,Kayah State,Kayah State,MM-12,state,,17.5,,,4,Asia/Yangon,FALSE,1104176244
Chiradan,Chiradan,,20.7684,92.4157,Burma,MM,MMR,Rakhine State,Rakhine State,MM-16,state,,24.2,,,4,Asia/Yangon,FALSE,1104339011
Baung Ku Wa,Baung Ku Wa,,21.4270,92.8516,Burma,MM,MMR,Chin State,Chin State,MM-14,state,,15.8,,,4,Asia/Yangon,FALSE,1104001337
Thakwizo,Thakwizo,,18.7653,96.9197,Burma,MM,MMR,Kayin State,Kayin State,MM-13,state,,11.2,,,4,Asia/Yangon,FALSE,1104823403
Zee Kone,Zee Kone,,19.8697,96.2227,Burma,MM,MMR,Nay Pyi Taw,Nay Pyi Taw,MM-18,union territory,,190.5,,,4,Asia/Yangon,FALSE,1104009530
Zee Kone,Zee Kone,,19.6894,96.2056,Burma,MM,MMR,Nay Pyi Taw,Nay Pyi Taw,MM-18,union territory,,65.2,,,4,Asia/Yangon,TRUE,1104009531
Zee Kone,Zee Kone,,19.6204,96.1502,Burma,MM,MMR,Nay Pyi Taw,Nay Pyi Taw,MM-18,union territory,,52.5,,,4,Asia/Yangon,TRUE,1104198373
Zee Kone,Zee Kone,,20.0190,96.2343,Burma,MM,MMR,Nay Pyi Taw,Nay Pyi Taw,MM-18,union territory,,45.3,,,4,Asia/Yangon,TRUE,1104009532
War Taw,War Taw,Wadaw,20.3997,96.2054,Burma,MM,MMR,Mandalay,Mandalay,MM-04,region,,110.9,,,4,Asia/Yangon,FALSE,1104408860
Zi-Hpawpawn,Zi-Hpawpawn,,24.5038,97.5252,Burma,MM,MMR,Kachin State,Kachin State,MM-11,state,,44.5,,,4,Asia/Yangon,FALSE,1104204418
Ku Lar Kyauk Hpyar,Ku Lar Kyauk Hpyar,,16.5045,98.0394,Burma,MM,MMR,Kayin State,Kayin State,MM-13,state,,89.3,,,4,Asia/Yangon,FALSE,1104007320
Huangshuwo,Huangshuwo,,24.0909,98.7336,Burma,MM,MMR,Shan State,Shan State,MM-17,state,,43.4,,,4,Asia/Yangon,FALSE,1104796140
Tatkyigon,Tatkyigon,,17.1042,96.0576,Burma,MM,MMR,Yangon,Yangon,MM-06,region,,579.7,,,3,Asia/Yangon,FALSE,1104588799
Tabyin,Tabyin,,21.4562,94.2521,Burma,MM,MMR,Magway,Magway,MM-03,region,,47.2,,,4,Asia/Yangon,FALSE,1104006480
Taguzeik,Taguzeik,,16.8673,95.0297,Burma,MM,MMR,Ayeyarwady,Ayeyarwady,MM-07,region,,241.5,,,3,Asia/Yangon,FALSE,1104955598
Than Ban,Than Ban,Thanhan|Thanban,16.9699,97.4164,Burma,MM,MMR,Mon State,Mon State,MM-15,state,,169.9,,,4,Asia/Yangon,FALSE,1104131405
Wān Pā-ping,Wan Pa-ping,,20.9722,98.4193,Burma,MM,MMR,Shan State,Shan State,MM-17,state,,17.5,,,4,Asia/Yangon,FALSE,1104462787
Tawhkayangale,Tawhkayangale,,16.4206,95.9307,Burma,MM,MMR,Yangon,Yangon,MM-06,region,,199.4,,,4,Asia/Yangon,FALSE,1104927383
Htee Thaw Ku,Htee Thaw Ku,,19.4856,97.1329,Burma,MM,MMR,Kayah State,Kayah State,MM-12,state,,17.5,,,4,Asia/Yangon,FALSE,1104001800
Wa Baw,Wa Baw,,24.9931,96.4367,Burma,MM,MMR,Kachin State,Kachin State,MM-11,state,,70.8,,,4,Asia/Yangon,FALSE,1104006730
Wa Baw,Wa Baw,,26.3343,97.4700,Burma,MM,MMR,Kachin State,Kachin State,MM-11,state,,0.6,,,5,Asia/Yangon,TRUE,1104006731
Myet Ye,Myet Ye,,20.0902,96.0061,Burma,MM,MMR,Nay Pyi Taw,Nay Pyi Taw,MM-18,union territory,,45.3,,,4,Asia/Yangon,FALSE,1104007846
U Kang,U Kang,,21.2896,93.1758,Burma,MM,MMR,Chin State,Chin State,MM-14,state,,7.7,,,5,Asia/Yangon,FALSE,1104207346
Kunhat,Kunhat,,21.1003,97.7372,Burma,MM,MMR,Shan State,Shan State,MM-17,state,,21.4,,,4,Asia/Yangon,FALSE,1104016654
Lösaw,Losaw,,22.9848,96.6664,Burma,MM,MMR,Shan State,Shan State,MM-17,state,,32.5,,,4,Asia/Yangon,FALSE,1104516478
Wān Nawng-lang,Wan Nawng-lang,Wan Nawngla,21.0191,99.1082,Burma,MM,MMR,Shan State,Shan State,MM-17,state,,12.1,,,4,Asia/Yangon,FALSE,1104416674
In Hka Ran,In Hka Ran,,25.0763,97.6416,Burma,MM,MMR,Kachin State,Kachin State,MM-11,state,,31.0,,,4,Asia/Yangon,FALSE,1104007298
Yawngkon,Yawngkon,,26.5044,95.5350,Burma,MM,MMR,Sagaing,Sagaing,MM-01,region,,15.6,,,4,Asia/Yangon,FALSE,1104939194
Kyaikto,Kyaikto,,17.3000,97.0269,Burma,MM,MMR,Mon State,Mon State,MM-15,state,,177.7,,,4,Asia/Yangon,FALSE,1104139347
Nam-tapai,Nam-tapai,,20.8909,97.0990,Burma,MM,MMR,Shan State,Shan State,MM-17,state,,339.9,,,3,Asia/Yangon,FALSE,1104432730
Myit Thar,Myit Thar,,21.7577,95.4374,Burma,MM,MMR,Mandalay,Mandalay,MM-04,region,,268.2,,,3,Asia/Yangon,FALSE,1104005540
Pyaunggin,Pyaunggin,,20.8436,94.4354,Burma,MM,MMR,Magway,Magway,MM-03,region,,94.2,,,4,Asia/Yangon,FALSE,1104014245
Mān Ponglaw,Man Ponglaw,,20.9561,97.4325,Burma,MM,MMR,Shan State,Shan State,MM-17,state,,103.9,,,4,Asia/Yangon,FALSE,1104501528
Nā-chi-loi,Na-chi-loi,,21.0702,97.3929,Burma,MM,MMR,Shan State,Shan State,MM-17,state,,98.1,,,4,Asia/Yangon,FALSE,1104485051
Möng Kang,Mong Kang,,24.0297,98.5016,Burma,MM,MMR,Shan State,Shan State,MM-17,state,,43.4,,,4,Asia/Yangon,FALSE,1104404434
Möng Kang,Mong Kang,,22.5095,98.0988,Burma,MM,MMR,Shan State,Shan State,MM-17,state,,27.9,,,4,Asia/Yangon,TRUE,1104886329
Hung-ni-tang,Hung-ni-tang,,23.5576,98.7967,Burma,MM,MMR,Shan State,Shan State,MM-17,state,,124.9,,,4,Asia/Yangon,FALSE,1104199327
Si Pin Kyun,Si Pin Kyun,,22.4188,95.9988,Burma,MM,MMR,Mandalay,Mandalay,MM-04,region,,101.0,,,4,Asia/Yangon,FALSE,1104004909
Küt-awn,Kut-awn,,22.3983,97.3623,Burma,MM,MMR,Shan State,Shan State,MM-17,state,,35.8,,,4,Asia/Yangon,FALSE,1104996339
Nawng-yen,Nawng-yen,,23.3789,98.0372,Burma,MM,MMR,Shan State,Shan State,MM-17,state,,60.4,,,4,Asia/Yangon,FALSE,1104082412
Na-hpakhi,Na-hpakhi,,19.9956,98.7531,Burma,MM,MMR,Shan State,Shan State,MM-17,state,,25.0,,,4,Asia/Yangon,FALSE,1104823275
Hpa-tawk,Hpa-tawk,,23.8957,98.0999,Burma,MM,MMR,Shan State,Shan State,MM-17,state,,61.8,,,4,Asia/Yangon,FALSE,1104566012
Hwè-liaw,Hwe-liaw,,20.8633,97.4536,Burma,MM,MMR,Shan State,Shan State,MM-17,state,,103.9,,,4,Asia/Yangon,FALSE,1104646645
Shwe Laik Wa,Shwe Laik Wa,,21.9398,92.9069,Burma,MM,MMR,Chin State,Chin State,MM-14,state,,15.8,,,4,Asia/Yangon,FALSE,1104004380
Hpa-paik,Hpa-paik,,21.1146,96.6369,Burma,MM,MMR,Shan State,Shan State,MM-17,state,,82.8,,,4,Asia/Yangon,FALSE,1104955035
Sabaung,Sabaung,,20.9497,93.1908,Burma,MM,MMR,Chin State,Chin State,MM-14,state,,7.7,,,5,Asia/Yangon,FALSE,1104114235
Linmun,Linmun,,20.7668,97.6440,Burma,MM,MMR,Shan State,Shan State,MM-17,state,,40.0,,,4,Asia/Yangon,FALSE,1104290761
Atet Kwingale,Atet Kwingale,Kwingale,16.6047,98.3878,Burma,MM,MMR,Kayin State,Kayin State,MM-13,state,,98.3,,,4,Asia/Yangon,FALSE,1104118630
Ah Htet Ah La Boke,Ah Htet Ah La Boke,,17.3204,95.8331,Burma,MM,MMR,Yangon,Yangon,MM-06,region,,177.9,,,4,Asia/Yangon,FALSE,1104008219
Sein Bon,Sein Bon,,14.8438,97.9950,Burma,MM,MMR,Tanintharyi,Tanintharyi,MM-05,region,,42.0,,,4,Asia/Yangon,FALSE,1104002946
Wān Hai-oi,Wan Hai-oi,,20.8220,98.0061,Burma,MM,MMR,Shan State,Shan State,MM-17,state,,40.0,,,4,Asia/Yangon,FALSE,1104170328
Nā-pöng,Na-pong,,22.4758,97.0987,Burma,MM,MMR,Shan State,Shan State,MM-17,state,,61.0,,,4,Asia/Yangon,FALSE,1104006941
Na-pong,Na-pong,,23.5801,97.9185,Burma,MM,MMR,Shan State,Shan State,MM-17,state,,60.4,,,4,Asia/Yangon,TRUE,1104456355
Na-pong,Na-pong,,23.0775,98.6284,Burma,MM,MMR,Shan State,Shan State,MM-17,state,,57.7,,,4,Asia/Yangon,TRUE,1104638715
Na-pong,Na-pong,,22.3710,96.7678,Burma,MM,MMR,Shan State,Shan State,MM-17,state,,49.1,,,4,Asia/Yangon,TRUE,1104891968
Nā-pong,Na-pong,,21.2465,97.1081,Burma,MM,MMR,Shan State,Shan State,MM-17,state,,41.5,,,4,Asia/Yangon,TRUE,1104619706
Na-pong,Na-pong,,21.8050,97.2076,Burma,MM,MMR,Shan State,Shan State,MM-17,state,,21.0,,,4,Asia/Yangon,TRUE,1104597087
Nā-pong,Na-pong,,21.7408,97.8410,Burma,MM,MMR,Shan State,Shan State,MM-17,state,,21.0,,,4,Asia/Yangon,TRUE,1104752373
Na-pong,Na-pong,,23.5947,97.3417,Burma,MM,MMR,Shan State,Shan State,MM-17,state,,16.7,,,4,Asia/Yangon,TRUE,1104209975
Inbin,Inbin,,21.4849,94.6072,Burma,MM,MMR,Magway,Magway,MM-03,region,,62.4,,,4,Asia/Yangon,FALSE,1104000071
’Ngukun Ga,'Ngukun Ga,,26.6258,96.5807,Burma,MM,MMR,Kachin State,Kachin State,MM-11,state,,2.7,,,5,Asia/Yangon,FALSE,1104434323
Kawwekudo,Kawwekudo,,18.3708,97.2244,Burma,MM,MMR,Kayin State,Kayin State,MM-13,state,,2.6,,,5,Asia/Yangon,FALSE,1104554804
Tat Gyi Kone Taung Paing,Tat Gyi Kone Taung Paing,,17.1014,96.0587,Burma,MM,MMR,Yangon,Yangon,MM-06,region,,579.7,,,3,Asia/Yangon,FALSE,1104009241
Salaungdām,Salaungdam,,27.9833,97.6167,Burma,MM,MMR,Kachin State,Kachin State,MM-11,state,,0.4,,,5,Asia/Yangon,FALSE,1104190251
Thar Yar Gyi East,Thar Yar Gyi East,,21.3052,95.3913,Burma,MM,MMR,Mandalay,Mandalay,MM-04,region,,150.0,,,4,Asia/Yangon,FALSE,1104004596
Mān Namhkan,Man Namhkan,,23.4687,98.5302,Burma,MM,MMR,Shan State,Shan State,MM-17,state,,53.4,,,4,Asia/Yangon,FALSE,1104716113
Mān Namhkan,Man Namhkan,,22.7563,98.4693,Burma,MM,MMR,Shan State,Shan State,MM-17,state,,38.2,,,4,Asia/Yangon,TRUE,1104732401
Gawt Lun Yang,Gawt Lun Yang,,26.2348,96.7328,Burma,MM,MMR,Kachin State,Kachin State,MM-11,state,,7.0,,,5,Asia/Yangon,FALSE,1104007144
Nawngnam,Nawngnam,,22.3772,97.3789,Burma,MM,MMR,Shan State,Shan State,MM-17,state,,35.8,,,4,Asia/Yangon,FALSE,1104734148
Wān Nōk,Wan Nok,,21.4090,99.9764,Burma,MM,MMR,Shan State,Shan State,MM-17,state,,23.4,,,4,Asia/Yangon,FALSE,1104169062
Myaukbinga,Myaukbinga,,21.5002,94.8882,Burma,MM,MMR,Magway,Magway,MM-03,region,,99.1,,,4,Asia/Yangon,FALSE,1104548296
Htilawthihta,Htilawthihta,,17.7136,97.4440,Burma,MM,MMR,Kayin State,Kayin State,MM-13,state,,14.8,,,4,Asia/Yangon,FALSE,1104164897
Sagamya,Sagamya,Sagamya North,22.4821,94.9331,Burma,MM,MMR,Sagaing,Sagaing,MM-01,region,,39.2,,,4,Asia/Yangon,FALSE,1104330478
Satwei,Satwei,,21.2899,92.7340,Burma,MM,MMR,Chin State,Chin State,MM-14,state,,15.8,,,4,Asia/Yangon,FALSE,1104970238
Taung Auk,Taung Auk,,16.8213,97.5774,Burma,MM,MMR,Kayin State,Kayin State,MM-13,state,,144.4,,,4,Asia/Yangon,FALSE,1104007120
Agat,Agat,,16.5644,95.3050,Burma,MM,MMR,Ayeyarwady,Ayeyarwady,MM-07,region,,244.9,,,3,Asia/Yangon,FALSE,1104537490
Sagamya,Sagamya,,16.5613,95.0495,Burma,MM,MMR,Ayeyarwady,Ayeyarwady,MM-07,region,,245.0,,,3,Asia/Yangon,FALSE,1104577876
Pwedaung,Pwedaung,,22.0073,96.4358,Burma,MM,MMR,Mandalay,Mandalay,MM-04,region,,117.9,,,4,Asia/Yangon,FALSE,1104200329
Sanwingyi,Sanwingyi,Sanwingyin,19.5063,95.9000,Burma,MM,MMR,Nay Pyi Taw,Nay Pyi Taw,MM-18,union territory,,52.5,,,4,Asia/Yangon,FALSE,1104327342
Nyaunglebin,Nyaunglebin,,20.9960,96.6569,Burma,MM,MMR,Shan State,Shan State,MM-17,state,,134.8,,,4,Asia/Yangon,FALSE,1104339941
Wān Ai-yi,Wan Ai-yi,,20.7258,100.0315,Burma,MM,MMR,Shan State,Shan State,MM-17,state,,39.3,,,4,Asia/Yangon,FALSE,1104403431
Daw Pawgle,Daw Pawgle,,19.7319,97.0598,Burma,MM,MMR,Shan State,Shan State,MM-17,state,,55.3,,,4,Asia/Yangon,FALSE,1104743374
Wān Nā Hit,Wan Na Hit,,21.0109,97.0810,Burma,MM,MMR,Shan State,Shan State,MM-17,state,,339.9,,,3,Asia/Yangon,FALSE,1104770273
Lawdan,Lawdan,,24.2769,97.4463,Burma,MM,MMR,Kachin State,Kachin State,MM-11,state,,44.5,,,4,Asia/Yangon,FALSE,1104567768
Mite,Mite,Mute,26.8184,95.7990,Burma,MM,MMR,Sagaing,Sagaing,MM-01,region,,15.6,,,4,Asia/Yangon,FALSE,1104505806
Paing,Paing,,21.1537,94.3673,Burma,MM,MMR,Magway,Magway,MM-03,region,,60.5,,,4,Asia/Yangon,FALSE,1104021282
Kom,Kom,,18.4500,96.2500,Burma,MM,MMR,Bago,Bago,MM-02,region,,106.3,,,4,Asia/Yangon,FALSE,1104393870
Thitseikkon,Thitseikkon,,23.5833,95.5500,Burma,MM,MMR,Sagaing,Sagaing,MM-01,region,,73.5,,,4,Asia/Yangon,FALSE,1104946425
Thitseikkon,Thitseikkon,,24.4596,94.7306,Burma,MM,MMR,Sagaing,Sagaing,MM-01,region,,23.7,,,4,Asia/Yangon,TRUE,1104740129
Gawt Yum,Gawt Yum,,26.0317,98.4705,Burma,MM,MMR,Kachin State,Kachin State,MM-11,state,,7.3,,,5,Asia/Yangon,FALSE,1104007589
Inn Waing Kone,Inn Waing Kone,,17.3067,97.2515,Burma,MM,MMR,Mon State,Mon State,MM-15,state,,76.6,,,4,Asia/Yangon,FALSE,1104003529
Numhkrē,Numhkre,,25.5918,97.9525,Burma,MM,MMR,Kachin State,Kachin State,MM-11,state,,12.7,,,4,Asia/Yangon,FALSE,1104893288
Pawe Doko,Pawe Doko,,19.1047,96.7801,Burma,MM,MMR,Kayin State,Kayin State,MM-13,state,,37.7,,,4,Asia/Yangon,FALSE,1104589321
Kywēpila,Kywepila,,17.1646,96.3963,Burma,MM,MMR,Bago,Bago,MM-02,region,,162.5,,,4,Asia/Yangon,FALSE,1104389739
Heirnkut,Heirnkut,Fort Keary,25.2466,94.7631,Burma,MM,MMR,Sagaing,Sagaing,MM-01,region,,10.1,,,4,Asia/Yangon,FALSE,1104530316
Kyauktaw,Kyauktaw,,20.4734,96.8378,Burma,MM,MMR,Shan State,Shan State,MM-17,state,,146.3,,,4,Asia/Yangon,FALSE,1104669673
Kyauktaw,Kyauktaw,,21.2874,96.6929,Burma,MM,MMR,Shan State,Shan State,MM-17,state,,51.6,,,4,Asia/Yangon,TRUE,1104226551
Kyauktaw,Kyauktaw,,22.2718,96.7955,Burma,MM,MMR,Shan State,Shan State,MM-17,state,,49.1,,,4,Asia/Yangon,TRUE,1104673936
Kyauktaw,Kyauktaw,,20.9851,96.3058,Burma,MM,MMR,Shan State,Shan State,MM-17,state,,29.8,,,4,Asia/Yangon,TRUE,1104998946
Kyauktaw,Kyauktaw,,21.2433,96.5685,Burma,MM,MMR,Shan State,Shan State,MM-17,state,,29.8,,,4,Asia/Yangon,TRUE,1104191059
Wān Hpya-kampeng,Wan Hpya-kampeng,,21.0479,100.3547,Burma,MM,MMR,Shan State,Shan State,MM-17,state,,13.2,,,4,Asia/Yangon,FALSE,1104284221
Seinzu,Seinzu,,23.9491,95.6570,Burma,MM,MMR,Sagaing,Sagaing,MM-01,region,,53.6,,,4,Asia/Yangon,FALSE,1104114259
Mawchee,Mawchee,Mawchi Tin Mines|Mawchi Mines|Mawgyi|Mawchi,18.8167,97.1500,Burma,MM,MMR,Kayah State,Kayah State,MM-12,state,,17.7,,,4,Asia/Yangon,FALSE,1104693474
Tanaiyāng,Tanaiyang,Tanalyang|Welāngyāng,25.9170,96.9472,Burma,MM,MMR,Kachin State,Kachin State,MM-11,state,,7.0,,,5,Asia/Yangon,FALSE,1104461553
Law-pi-ta,Law-pi-ta,Law-pi--ta,19.5516,97.3228,Burma,MM,MMR,Kayah State,Kayah State,MM-12,state,,82.3,,,4,Asia/Yangon,FALSE,1104024763
Taunggyaw,Taunggyaw,Taungkyaw,19.0163,94.2687,Burma,MM,MMR,Rakhine State,Rakhine State,MM-16,state,,30.9,,,4,Asia/Yangon,FALSE,1104587803
Htinadē,Htinade,,17.7792,97.3427,Burma,MM,MMR,Kayin State,Kayin State,MM-13,state,,2.6,,,5,Asia/Yangon,FALSE,1104281112
Aung Bon Thar,Aung Bon Thar,,16.7700,96.5154,Burma,MM,MMR,Yangon,Yangon,MM-06,region,,246.9,,,3,Asia/Yangon,FALSE,1104006956
Obo,Obo,,16.5318,96.0691,Burma,MM,MMR,Yangon,Yangon,MM-06,region,,210.4,,,3,Asia/Yangon,FALSE,1104709628
Obo,Obo,,21.2969,95.4240,Burma,MM,MMR,Mandalay,Mandalay,MM-04,region,,150.0,,,4,Asia/Yangon,FALSE,1104636307
Obo,Obo,,20.5287,94.8417,Burma,MM,MMR,Magway,Magway,MM-03,region,,158.2,,,4,Asia/Yangon,FALSE,1104942225
Obo,Obo,,21.6898,94.8767,Burma,MM,MMR,Magway,Magway,MM-03,region,,99.1,,,4,Asia/Yangon,TRUE,1104804939
Obo,Obo,,22.1688,94.9101,Burma,MM,MMR,Sagaing,Sagaing,MM-01,region,,145.0,,,4,Asia/Yangon,FALSE,1104273199
Obo,Obo,,22.9690,95.5075,Burma,MM,MMR,Sagaing,Sagaing,MM-01,region,,70.9,,,4,Asia/Yangon,TRUE,1104241177
Obo,Obo,,23.7537,94.4573,Burma,MM,MMR,Sagaing,Sagaing,MM-01,region,,14.3,,,4,Asia/Yangon,TRUE,1104699824
Hkachangkawng,Hkachangkawng,,25.8992,96.1850,Burma,MM,MMR,Kachin State,Kachin State,MM-11,state,,74.0,,,4,Asia/Yangon,FALSE,1104882505
Wayonzeik,Wayonzeik,,19.0352,95.3467,Burma,MM,MMR,Bago,Bago,MM-02,region,,306.2,,,3,Asia/Yangon,FALSE,1104780886
Wayonzeik,Wayonzeik,,16.8276,96.0925,Burma,MM,MMR,Yangon,Yangon,MM-06,region,,4484.4,,,2,Asia/Yangon,FALSE,1104986965
Shan Chaung,Shan Chaung,,17.1462,97.0914,Burma,MM,MMR,Mon State,Mon State,MM-15,state,,76.6,,,4,Asia/Yangon,FALSE,1104002110
Hwe-lok,Hwe-lok,,21.9822,97.6585,Burma,MM,MMR,Shan State,Shan State,MM-17,state,,35.8,,,4,Asia/Yangon,FALSE,1104538235
Nattalin,Nattalin,,18.4296,95.5528,Burma,MM,MMR,Bago,Bago,MM-02,region,,122.8,,,4,Asia/Yangon,FALSE,1104963355
Namsi,Namsi,Pang Pet,20.7404,97.1058,Burma,MM,MMR,Shan State,Shan State,MM-17,state,,339.9,,,3,Asia/Yangon,FALSE,1104687655
Namsi,Namsi,,20.6978,97.9238,Burma,MM,MMR,Shan State,Shan State,MM-17,state,,14.1,,,4,Asia/Yangon,TRUE,1104015434
Lan Ku,Lan Ku,,24.1426,96.7973,Burma,MM,MMR,Kachin State,Kachin State,MM-11,state,,69.8,,,4,Asia/Yangon,FALSE,1104007746
Pángmakmö,Pangmakmo,,22.7897,96.8091,Burma,MM,MMR,Shan State,Shan State,MM-17,state,,22.9,,,4,Asia/Yangon,FALSE,1104347443
Tedo,Tedo,,18.2143,97.5738,Burma,MM,MMR,Kayin State,Kayin State,MM-13,state,,2.6,,,5,Asia/Yangon,FALSE,1104466810
Mee Chaung Bar Wa,Mee Chaung Bar Wa,,21.3523,93.0674,Burma,MM,MMR,Chin State,Chin State,MM-14,state,,7.7,,,5,Asia/Yangon,FALSE,1104004152
Gwechaung,Gwechaung,,18.5882,94.3504,Burma,MM,MMR,Rakhine State,Rakhine State,MM-16,state,,32.3,,,4,Asia/Yangon,FALSE,1104193702
Myauk Lut Kone,Myauk Lut Kone,,19.7244,96.1995,Burma,MM,MMR,Nay Pyi Taw,Nay Pyi Taw,MM-18,union territory,,65.2,,,4,Asia/Yangon,FALSE,1104007285
Thaiktugan,Thaiktugan,,16.7443,96.4582,Burma,MM,MMR,Yangon,Yangon,MM-06,region,,246.9,,,3,Asia/Yangon,FALSE,1104330359
Htiwalwi,Htiwalwi,,20.0676,97.3661,Burma,MM,MMR,Shan State,Shan State,MM-17,state,,77.7,,,4,Asia/Yangon,FALSE,1104792585
Tugyaung,Tugyaung,,16.8917,95.9986,Burma,MM,MMR,Yangon,Yangon,MM-06,region,,276.4,,,3,Asia/Yangon,FALSE,1104065953
Myapago Kayinywa,Myapago Kayinywa,Myapagokaren,18.3201,96.6693,Burma,MM,MMR,Bago,Bago,MM-02,region,,96.4,,,4,Asia/Yangon,FALSE,1104044744
Kon Kham,Kon Kham,,23.8839,97.6109,Burma,MM,MMR,Kachin State,Kachin State,MM-11,state,,17.4,,,4,Asia/Yangon,FALSE,1104006806
Nā-him,Na-him,,20.7860,98.3480,Burma,MM,MMR,Shan State,Shan State,MM-17,state,,11.1,,,4,Asia/Yangon,FALSE,1104847143
Kangyin,Kangyin,,19.7141,94.8527,Burma,MM,MMR,Magway,Magway,MM-03,region,,55.2,,,4,Asia/Yangon,FALSE,1104903380
Htihkan,Htihkan,,20.3697,96.8743,Burma,MM,MMR,Shan State,Shan State,MM-17,state,,146.3,,,4,Asia/Yangon,FALSE,1104286478
Htangshan,Htangshan,,21.1443,92.8470,Burma,MM,MMR,Chin State,Chin State,MM-14,state,,15.8,,,4,Asia/Yangon,FALSE,1104189589
Mān Pung,Man Pung,,23.6565,98.3557,Burma,MM,MMR,Shan State,Shan State,MM-17,state,,34.3,,,4,Asia/Yangon,FALSE,1104177621
Mān Pung,Man Pung,,23.6919,97.3347,Burma,MM,MMR,Shan State,Shan State,MM-17,state,,15.0,,,4,Asia/Yangon,TRUE,1104750320
Tüngkawng,Tungkawng,,20.3619,98.0728,Burma,MM,MMR,Shan State,Shan State,MM-17,state,,14.1,,,4,Asia/Yangon,FALSE,1104873588
Panthe,Panthe,,24.0971,96.2902,Burma,MM,MMR,Sagaing,Sagaing,MM-01,region,,76.5,,,4,Asia/Yangon,FALSE,1104454827
Maibat,Maibat,,24.1184,97.7172,Burma,MM,MMR,Kachin State,Kachin State,MM-11,state,,17.4,,,4,Asia/Yangon,FALSE,1104773691
Chaungdaung,Chaungdaung,,21.4667,95.4000,Burma,MM,MMR,Mandalay,Mandalay,MM-04,region,,268.2,,,3,Asia/Yangon,FALSE,1104393285
Pyinma-don,Pyinma-don,,17.0770,94.7690,Burma,MM,MMR,Ayeyarwady,Ayeyarwady,MM-07,region,,80.6,,,4,Asia/Yangon,FALSE,1104323791
Nā-le,Na-le,,22.3000,97.5667,Burma,MM,MMR,Shan State,Shan State,MM-17,state,,35.8,,,4,Asia/Yangon,FALSE,1104558433
Wān Nā-mawn,Wan Na-mawn,,21.7685,98.3206,Burma,MM,MMR,Shan State,Shan State,MM-17,state,,40.2,,,4,Asia/Yangon,FALSE,1104953291
Wān Nā-mawn,Wan Na-mawn,,20.7999,98.3238,Burma,MM,MMR,Shan State,Shan State,MM-17,state,,11.1,,,4,Asia/Yangon,TRUE,1104168646
Wān Huangtien,Wan Huangtien,Wan Haungtien|Wān Huangtie,23.7225,98.6141,Burma,MM,MMR,Shan State,Shan State,MM-17,state,,124.9,,,4,Asia/Yangon,FALSE,1104121959
Pāngmaklāng,Pangmaklang,,22.7034,97.2749,Burma,MM,MMR,Shan State,Shan State,MM-17,state,,35.8,,,4,Asia/Yangon,FALSE,1104973300
Bwetkon,Bwetkon,,17.1631,96.0994,Burma,MM,MMR,Yangon,Yangon,MM-06,region,,445.1,,,3,Asia/Yangon,FALSE,1104524871
Oktwin,Oktwin,,18.8308,96.4103,Burma,MM,MMR,Bago,Bago,MM-02,region,,106.4,,,4,Asia/Yangon,FALSE,1104323840
Wān Panghon,Wan Panghon,,21.6737,98.0481,Burma,MM,MMR,Shan State,Shan State,MM-17,state,,16.4,,,4,Asia/Yangon,FALSE,1104787323
Sayan,Sayan,,19.1511,94.8631,Burma,MM,MMR,Magway,Magway,MM-03,region,,20.8,,,4,Asia/Yangon,FALSE,1104698518
Saung Hkar,Saung Hkar,,25.3456,96.7796,Burma,MM,MMR,Kachin State,Kachin State,MM-11,state,,44.0,,,4,Asia/Yangon,FALSE,1104007610
Sibaing,Sibaing,,19.2582,96.3702,Burma,MM,MMR,Bago,Bago,MM-02,region,,78.0,,,4,Asia/Yangon,FALSE,1104218673
Leiktho Kyaunggon,Leiktho Kyaunggon,,19.2096,96.5937,Burma,MM,MMR,Kayin State,Kayin State,MM-13,state,,34.9,,,4,Asia/Yangon,FALSE,1104054375
Thamase,Thamase,,19.1982,96.2195,Burma,MM,MMR,Bago,Bago,MM-02,region,,78.0,,,4,Asia/Yangon,FALSE,1104129326
Gway Aing,Gway Aing,Gweaing,20.8831,95.6695,Burma,MM,MMR,Mandalay,Mandalay,MM-04,region,,235.1,,,3,Asia/Yangon,FALSE,1104262012
Htipwa,Htipwa,,20.4265,97.2896,Burma,MM,MMR,Shan State,Shan State,MM-17,state,,77.7,,,4,Asia/Yangon,FALSE,1104731992
Agadwin,Agadwin,,19.4837,93.6390,Burma,MM,MMR,Rakhine State,Rakhine State,MM-16,state,,122.4,,,4,Asia/Yangon,FALSE,1104779042
Indaunggyi,Indaunggyi,,19.2282,93.5883,Burma,MM,MMR,Rakhine State,Rakhine State,MM-16,state,,122.4,,,4,Asia/Yangon,FALSE,1104731015
Kyônpayē,Kyonpaye,,16.8089,97.5480,Burma,MM,MMR,Kayin State,Kayin State,MM-13,state,,144.4,,,4,Asia/Yangon,FALSE,1104155164
Pônyo-auk,Ponyo-auk,,16.1041,95.5098,Burma,MM,MMR,Ayeyarwady,Ayeyarwady,MM-07,region,,147.8,,,4,Asia/Yangon,FALSE,1104523283
Phaidim,Phaidim,,23.6357,94.0418,Burma,MM,MMR,Chin State,Chin State,MM-14,state,,7.9,,,5,Asia/Yangon,FALSE,1104000924
Dawta-hku,Dawta-hku,,19.4746,97.4608,Burma,MM,MMR,Kayah State,Kayah State,MM-12,state,,49.1,,,4,Asia/Yangon,FALSE,1104000303
Watha,Watha,,18.9984,96.1155,Burma,MM,MMR,Bago,Bago,MM-02,region,,145.3,,,4,Asia/Yangon,FALSE,1104333061
Mādangyang,Madangyang,,24.0297,97.3325,Burma,MM,MMR,Kachin State,Kachin State,MM-11,state,,17.4,,,4,Asia/Yangon,FALSE,1104656915
Teikwagyi,Teikwagyi,,17.0020,95.5769,Burma,MM,MMR,Ayeyarwady,Ayeyarwady,MM-07,region,,235.9,,,3,Asia/Yangon,FALSE,1104107101
Bagan Su,Bagan Su,,22.2712,96.1586,Burma,MM,MMR,Mandalay,Mandalay,MM-04,region,,231.4,,,3,Asia/Yangon,FALSE,1104004803
Mān Pangsük,Man Pangsuk,,22.1891,98.5369,Burma,MM,MMR,Shan State,Shan State,MM-17,state,,38.2,,,4,Asia/Yangon,FALSE,1104092625
Hnyinshauk,Hnyinshauk,,21.8144,94.2550,Burma,MM,MMR,Magway,Magway,MM-03,region,,32.8,,,4,Asia/Yangon,FALSE,1104360349
Shabin,Shabin,,23.7462,94.4465,Burma,MM,MMR,Sagaing,Sagaing,MM-01,region,,14.3,,,4,Asia/Yangon,FALSE,1104634754
Ma Sut Yang,Ma Sut Yang,,25.6707,96.3534,Burma,MM,MMR,Kachin State,Kachin State,MM-11,state,,74.0,,,4,Asia/Yangon,FALSE,1104007071
Monhtwe,Monhtwe,,26.2091,95.4848,Burma,MM,MMR,Sagaing,Sagaing,MM-01,region,,13.7,,,4,Asia/Yangon,FALSE,1104374875
Sinbyushin,Sinbyushin,,13.9997,98.2066,Burma,MM,MMR,Tanintharyi,Tanintharyi,MM-05,region,,49.2,,,4,Asia/Yangon,FALSE,1104689824
Bar Bu Kone,Bar Bu Kone,,16.5129,97.6808,Burma,MM,MMR,Mon State,Mon State,MM-15,state,,129.2,,,4,Asia/Yangon,FALSE,1104004208
Letpangyitaw,Letpangyitaw,,23.3411,95.2912,Burma,MM,MMR,Sagaing,Sagaing,MM-01,region,,36.6,,,4,Asia/Yangon,FALSE,1104315657
Ka Li Htaw East,Ka Li Htaw East,,17.1463,96.2247,Burma,MM,MMR,Yangon,Yangon,MM-06,region,,200.9,,,3,Asia/Yangon,FALSE,1104006522
Ma Yoe Inn,Ma Yoe Inn,,19.6653,96.0074,Burma,MM,MMR,Nay Pyi Taw,Nay Pyi Taw,MM-18,union territory,,52.5,,,4,Asia/Yangon,FALSE,1104008456
Madetaung,Madetaung,,19.6997,93.7772,Burma,MM,MMR,Rakhine State,Rakhine State,MM-16,state,,59.2,,,4,Asia/Yangon,FALSE,1104366192
Pangwet,Pangwet,,21.9306,98.2331,Burma,MM,MMR,Shan State,Shan State,MM-17,state,,40.2,,,4,Asia/Yangon,FALSE,1104226340
M’shiip,M'shiip,,21.4131,93.5597,Burma,MM,MMR,Chin State,Chin State,MM-14,state,,12.8,,,4,Asia/Yangon,FALSE,1104004420
Kyanzein,Kyanzein,,21.5229,95.0779,Burma,MM,MMR,Magway,Magway,MM-03,region,,108.7,,,4,Asia/Yangon,FALSE,1104060024
Ta-yè-bi-hku,Ta-ye-bi-hku,,19.4700,97.0839,Burma,MM,MMR,Kayah State,Kayah State,MM-12,state,,17.5,,,4,Asia/Yangon,FALSE,1104147696
Ywa-ma,Ywa-ma,,21.1468,96.6316,Burma,MM,MMR,Shan State,Shan State,MM-17,state,,49.2,,,4,Asia/Yangon,FALSE,1104947671
Ngedaw,Ngedaw,,21.6395,96.1735,Burma,MM,MMR,Mandalay,Mandalay,MM-04,region,,126.4,,,4,Asia/Yangon,FALSE,1104478002
Panmwe,Panmwe,,21.3154,97.6300,Burma,MM,MMR,Shan State,Shan State,MM-17,state,,21.4,,,4,Asia/Yangon,FALSE,1104988220
Zee Pin Wea Lower,Zee Pin Wea Lower,,17.0685,96.2448,Burma,MM,MMR,Yangon,Yangon,MM-06,region,,200.9,,,3,Asia/Yangon,FALSE,1104006851
Ngar Shan Taung,Ngar Shan Taung,Ngashandaung,20.6456,95.0730,Burma,MM,MMR,Mandalay,Mandalay,MM-04,region,,123.4,,,4,Asia/Yangon,FALSE,1104995820
Mayut,Mayut,,27.7337,97.4648,Burma,MM,MMR,Kachin State,Kachin State,MM-11,state,,6.9,,,5,Asia/Yangon,FALSE,1104981912
Mayut,Mayut,,27.6778,98.1413,Burma,MM,MMR,Kachin State,Kachin State,MM-11,state,,0.9,,,5,Asia/Yangon,TRUE,1104112157
Aunggyantha,Aunggyantha,,22.3295,95.1520,Burma,MM,MMR,Sagaing,Sagaing,MM-01,region,,112.4,,,4,Asia/Yangon,FALSE,1104329986
Aunggyantha,Aunggyantha,,19.2123,96.3578,Burma,MM,MMR,Bago,Bago,MM-02,region,,78.0,,,4,Asia/Yangon,FALSE,1104654107
Wagalet,Wagalet,,20.7086,93.4489,Burma,MM,MMR,Rakhine State,Rakhine State,MM-16,state,,41.8,,,4,Asia/Yangon,FALSE,1104162950
Mingagye,Mingagye,,13.2407,98.5848,Burma,MM,MMR,Tanintharyi,Tanintharyi,MM-05,region,,37.7,,,4,Asia/Yangon,FALSE,1104224872
Pu Wut,Pu Wut,,20.6718,97.2387,Burma,MM,MMR,Shan State,Shan State,MM-17,state,,41.5,,,4,Asia/Yangon,FALSE,1104398900
Au Lai Yang,Au Lai Yang,,24.3267,97.4038,Burma,MM,MMR,Kachin State,Kachin State,MM-11,state,,44.5,,,4,Asia/Yangon,FALSE,1104007373
Leein,Leein,,18.6667,96.4333,Burma,MM,MMR,Bago,Bago,MM-02,region,,106.4,,,4,Asia/Yangon,FALSE,1104532046
Pānghki,Panghki,,22.7000,99.3000,Burma,MM,MMR,Shan State,Shan State,MM-17,state,,72.5,,,4,Asia/Yangon,FALSE,1104119347
Daungmi,Daungmi,,21.4417,96.3824,Burma,MM,MMR,Shan State,Shan State,MM-17,state,,29.8,,,4,Asia/Yangon,FALSE,1104284008
Mèmyaung,Memyaung,,18.0515,96.8947,Burma,MM,MMR,Bago,Bago,MM-02,region,,42.2,,,4,Asia/Yangon,FALSE,1104811932
Daing Chaung,Daing Chaung,,14.1686,98.2442,Burma,MM,MMR,Tanintharyi,Tanintharyi,MM-05,region,,25.4,,,4,Asia/Yangon,FALSE,1104968825
Daing Chaung,Daing Chaung,,20.6738,95.9598,Burma,MM,MMR,Mandalay,Mandalay,MM-04,region,,146.4,,,4,Asia/Yangon,FALSE,1104001850
Kasu Kawng,Kasu Kawng,,24.5840,97.4808,Burma,MM,MMR,Kachin State,Kachin State,MM-11,state,,10.2,,,4,Asia/Yangon,FALSE,1104331359
Wān Mè-sa-lawm,Wan Me-sa-lawm,Wān Mèisa-lawm,19.9135,97.6209,Burma,MM,MMR,Shan State,Shan State,MM-17,state,,14.8,,,4,Asia/Yangon,FALSE,1104248013
Saungyan,Saungyan,,20.3096,96.8111,Burma,MM,MMR,Shan State,Shan State,MM-17,state,,85.6,,,4,Asia/Yangon,FALSE,1104781635
Kwin Ka Lein,Kwin Ka Lein,Kwinkalein,16.2545,97.5045,Burma,MM,MMR,Mon State,Mon State,MM-15,state,,249.3,,,3,Asia/Yangon,FALSE,1104956549
Shwe Nan Ka Lay,Shwe Nan Ka Lay,,19.2901,96.6499,Burma,MM,MMR,Kayin State,Kayin State,MM-13,state,,34.9,,,4,Asia/Yangon,FALSE,1104008811
Hkong-im,Hkong-im,,21.3601,93.8243,Burma,MM,MMR,Chin State,Chin State,MM-14,state,,12.8,,,4,Asia/Yangon,FALSE,1104551144
Khamaungdaw,Khamaungdaw,,19.3275,94.0670,Burma,MM,MMR,Rakhine State,Rakhine State,MM-16,state,,22.5,,,4,Asia/Yangon,FALSE,1104571345
Salaunggya,Salaunggya,,16.1252,95.0680,Burma,MM,MMR,Ayeyarwady,Ayeyarwady,MM-07,region,,246.9,,,3,Asia/Yangon,FALSE,1104957922
Dawpa-sha,Dawpa-sha,,19.5759,97.3024,Burma,MM,MMR,Kayah State,Kayah State,MM-12,state,,82.3,,,4,Asia/Yangon,FALSE,1104542674
Latsawn,Latsawn,,26.6118,98.3314,Burma,MM,MMR,Kachin State,Kachin State,MM-11,state,,2.1,,,5,Asia/Yangon,FALSE,1104807019
Ta-einde,Ta-einde,Tainde,21.9831,95.9088,Burma,MM,MMR,Sagaing,Sagaing,MM-01,region,,246.4,,,3,Asia/Yangon,FALSE,1104371165
Inawgon,Inawgon,,18.9500,95.3500,Burma,MM,MMR,Bago,Bago,MM-02,region,,306.2,,,3,Asia/Yangon,FALSE,1104349853
Ningdawngyang,Ningdawngyang,,25.7117,97.8602,Burma,MM,MMR,Kachin State,Kachin State,MM-11,state,,0.4,,,5,Asia/Yangon,FALSE,1104500145
Kyaukkhôk,Kyaukkhok,,19.3724,94.2377,Burma,MM,MMR,Rakhine State,Rakhine State,MM-16,state,,19.8,,,4,Asia/Yangon,FALSE,1104411037
Sinmadaung,Sinmadaung,,19.5445,95.4506,Burma,MM,MMR,Magway,Magway,MM-03,region,,52.3,,,4,Asia/Yangon,FALSE,1104973036
Debinia,Debinia,,21.1811,92.1856,Burma,MM,MMR,Rakhine State,Rakhine State,MM-16,state,,832.1,,,3,Asia/Yangon,FALSE,1104558377
Seikkun,Seikkun,,22.5510,95.5873,Burma,MM,MMR,Sagaing,Sagaing,MM-01,region,,300.8,,,3,Asia/Yangon,FALSE,1104669013
Kyauk Khe Kone,Kyauk Khe Kone,,16.0571,98.1066,Burma,MM,MMR,Kayin State,Kayin State,MM-13,state,,60.5,,,4,Asia/Yangon,FALSE,1104007807
Kone Thaung Taw,Kone Thaung Taw,,17.0612,95.9372,Burma,MM,MMR,Yangon,Yangon,MM-06,region,,279.9,,,3,Asia/Yangon,FALSE,1104009051
Anyindaung,Anyindaung,,20.8680,93.1241,Burma,MM,MMR,Rakhine State,Rakhine State,MM-16,state,,87.3,,,4,Asia/Yangon,FALSE,1104290704
Pein Hne Ta Pin,Pein Hne Ta Pin,,21.3692,92.8090,Burma,MM,MMR,Chin State,Chin State,MM-14,state,,15.8,,,4,Asia/Yangon,FALSE,1104001387
Hsü-yinhpan,Hsu-yinhpan,,23.9681,98.5019,Burma,MM,MMR,Shan State,Shan State,MM-17,state,,43.4,,,4,Asia/Yangon,FALSE,1104708089
Oe Bo,Oe Bo,,21.8942,96.0746,Burma,MM,MMR,Mandalay,Mandalay,MM-04,region,,1373.6,,,3,Asia/Yangon,FALSE,1104004786
Shwe Paw Kone,Shwe Paw Kone,,21.4160,96.1371,Burma,MM,MMR,Mandalay,Mandalay,MM-04,region,,201.7,,,3,Asia/Yangon,FALSE,1104004996
Oe Bo,Oe Bo,,16.5795,95.9041,Burma,MM,MMR,Yangon,Yangon,MM-06,region,,210.4,,,3,Asia/Yangon,FALSE,1104006901
Thar Yar Kone Ywar Thit,Thar Yar Kone Ywar Thit,,17.2502,95.9867,Burma,MM,MMR,Yangon,Yangon,MM-06,region,,579.7,,,3,Asia/Yangon,FALSE,1104007966
Möng Kō,Mong Ko,,20.5675,99.9769,Burma,MM,MMR,Shan State,Shan State,MM-17,state,,66.3,,,4,Asia/Yangon,FALSE,1104273698
Koshwe-e,Koshwe-e,Koshwe-e-we,17.4824,97.7720,Burma,MM,MMR,Kayin State,Kayin State,MM-13,state,,17.2,,,4,Asia/Yangon,FALSE,1104330288
Pahu,Pahu,,20.5159,97.8368,Burma,MM,MMR,Shan State,Shan State,MM-17,state,,14.1,,,4,Asia/Yangon,FALSE,1104160575
Mēnēgon,Menegon,,17.1926,96.3193,Burma,MM,MMR,Yangon,Yangon,MM-06,region,,162.5,,,4,Asia/Yangon,FALSE,1104705116
Kaingshe,Kaingshe,,24.0664,95.1542,Burma,MM,MMR,Sagaing,Sagaing,MM-01,region,,33.1,,,4,Asia/Yangon,FALSE,1104650535
Gwayt Aing,Gwayt Aing,,21.2009,95.6498,Burma,MM,MMR,Mandalay,Mandalay,MM-04,region,,114.6,,,4,Asia/Yangon,FALSE,1104004816
Duhmang,Duhmang,,23.1792,93.7368,Burma,MM,MMR,Chin State,Chin State,MM-14,state,,35.9,,,4,Asia/Yangon,FALSE,1104953686
Shinkawn,Shinkawn,,25.8390,97.8840,Burma,MM,MMR,Kachin State,Kachin State,MM-11,state,,0.4,,,5,Asia/Yangon,FALSE,1104876064
Letpwegy,Letpwegy,,21.1651,92.2367,Burma,MM,MMR,Rakhine State,Rakhine State,MM-16,state,,21.9,,,4,Asia/Yangon,FALSE,1104334908
Lamudan,Lamudan,,17.0500,95.9333,Burma,MM,MMR,Yangon,Yangon,MM-06,region,,276.0,,,3,Asia/Yangon,FALSE,1104577828
Lahagamon,Lahagamon,,17.1660,94.8343,Burma,MM,MMR,Ayeyarwady,Ayeyarwady,MM-07,region,,80.6,,,4,Asia/Yangon,FALSE,1104770262
Pyinoolwin,Pyinoolwin,,21.4627,96.1813,Burma,MM,MMR,Mandalay,Mandalay,MM-04,region,,131.0,,,4,Asia/Yangon,FALSE,1104004976
Wān Lōm,Wan Lom,,20.4975,99.9357,Burma,MM,MMR,Shan State,Shan State,MM-17,state,,66.3,,,4,Asia/Yangon,FALSE,1104125827
Wān Lōm,Wan Lom,,21.3114,99.7091,Burma,MM,MMR,Shan State,Shan State,MM-17,state,,46.4,,,4,Asia/Yangon,TRUE,1104594049
Wān Lōm,Wan Lom,,21.7551,99.6986,Burma,MM,MMR,Shan State,Shan State,MM-17,state,,33.8,,,4,Asia/Yangon,TRUE,1104434682
Nat Sin Kone,Nat Sin Kone,Naseingon,16.5730,97.5724,Burma,MM,MMR,Kayin State,Kayin State,MM-13,state,,195.7,,,4,Asia/Yangon,FALSE,1104179009
Sarawa,Sarawa,,12.8226,98.9607,Burma,MM,MMR,Tanintharyi,Tanintharyi,MM-05,region,,9.2,,,5,Asia/Yangon,FALSE,1104397908
Lehkawhte,Lehkawhte,,17.5333,97.4686,Burma,MM,MMR,Kayin State,Kayin State,MM-13,state,,144.4,,,4,Asia/Yangon,FALSE,1104063342
Vithu,Vithu,,21.6374,93.4777,Burma,MM,MMR,Chin State,Chin State,MM-14,state,,7.8,,,5,Asia/Yangon,FALSE,1104407743
Htan Ma Kauk,Htan Ma Kauk,,21.1172,95.6391,Burma,MM,MMR,Mandalay,Mandalay,MM-04,region,,114.6,,,4,Asia/Yangon,FALSE,1104002186
Kayinzu,Kayinzu,,18.4863,95.1343,Burma,MM,MMR,Ayeyarwady,Ayeyarwady,MM-07,region,,79.1,,,4,Asia/Yangon,FALSE,1104844330
Hsunlöng,Hsunlong,,22.6300,97.3734,Burma,MM,MMR,Shan State,Shan State,MM-17,state,,35.8,,,4,Asia/Yangon,FALSE,1104705413
Nam-hawm,Nam-hawm,,22.7514,97.6803,Burma,MM,MMR,Shan State,Shan State,MM-17,state,,89.9,,,4,Asia/Yangon,FALSE,1104358213
Htipo-nwe,Htipo-nwe,,15.8508,98.2635,Burma,MM,MMR,Kayin State,Kayin State,MM-13,state,,60.5,,,4,Asia/Yangon,FALSE,1104471460
Hpaung Kar,Hpaung Kar,,21.4478,95.4507,Burma,MM,MMR,Mandalay,Mandalay,MM-04,region,,268.2,,,3,Asia/Yangon,FALSE,1104004535
Cicai,Cicai,,23.1350,93.6152,Burma,MM,MMR,Chin State,Chin State,MM-14,state,,16.7,,,4,Asia/Yangon,FALSE,1104002083
Ywakaingkaung,Ywakaingkaung,Palawkitko,17.1725,97.8914,Burma,MM,MMR,Kayin State,Kayin State,MM-13,state,,111.2,,,4,Asia/Yangon,FALSE,1104239532
Ywakaingkaung,Ywakaingkaung,,16.9435,97.9368,Burma,MM,MMR,Kayin State,Kayin State,MM-13,state,,50.5,,,4,Asia/Yangon,TRUE,1104727807
Nam-hu-kyeng,Nam-hu-kyeng,,22.7761,97.9192,Burma,MM,MMR,Shan State,Shan State,MM-17,state,,89.9,,,4,Asia/Yangon,FALSE,1104445424
Boosado,Boosado,,18.2786,97.5646,Burma,MM,MMR,Kayin State,Kayin State,MM-13,state,,2.6,,,5,Asia/Yangon,FALSE,1104178410
Mosit,Mosit,Moist,24.2145,96.8284,Burma,MM,MMR,Kachin State,Kachin State,MM-11,state,,69.8,,,4,Asia/Yangon,FALSE,1104762877
Pakin,Pakin,,20.9705,96.7603,Burma,MM,MMR,Shan State,Shan State,MM-17,state,,138.0,,,4,Asia/Yangon,FALSE,1104007766
Myaungshe,Myaungshe,,18.1679,96.4017,Burma,MM,MMR,Bago,Bago,MM-02,region,,84.1,,,4,Asia/Yangon,FALSE,1104638859
Mindat,Mindat,,19.5480,94.8157,Burma,MM,MMR,Magway,Magway,MM-03,region,,20.8,,,4,Asia/Yangon,FALSE,1104065002
Naunghin,Naunghin,,16.7120,98.0758,Burma,MM,MMR,Kayin State,Kayin State,MM-13,state,,89.3,,,4,Asia/Yangon,FALSE,1104226468
Thitchaukkin,Thitchaukkin,,18.5684,96.5240,Burma,MM,MMR,Bago,Bago,MM-02,region,,106.3,,,4,Asia/Yangon,FALSE,1104630549
Lungpang,Lungpang,,21.4646,93.2982,Burma,MM,MMR,Chin State,Chin State,MM-14,state,,7.8,,,5,Asia/Yangon,FALSE,1104858277
Lungpang,Lungpang,,26.0058,98.4090,Burma,MM,MMR,Kachin State,Kachin State,MM-11,state,,7.3,,,5,Asia/Yangon,FALSE,1104602979
Li Laung,Li Laung,,21.4304,93.8798,Burma,MM,MMR,Chin State,Chin State,MM-14,state,,12.8,,,4,Asia/Yangon,FALSE,1104002935
Ohnebok,Ohnebok,,24.1370,94.6113,Burma,MM,MMR,Sagaing,Sagaing,MM-01,region,,26.7,,,4,Asia/Yangon,FALSE,1104455396
Wān Wanghka,Wan Wanghka,Wanghka,21.1745,100.4050,Burma,MM,MMR,Shan State,Shan State,MM-17,state,,16.9,,,4,Asia/Yangon,FALSE,1104009781
Gwegyigon,Gwegyigon,,21.9617,96.1408,Burma,MM,MMR,Mandalay,Mandalay,MM-04,region,,417.9,,,3,Asia/Yangon,FALSE,1104885224
Wān Tawnglè,Wan Tawngle,,21.9273,99.4287,Burma,MM,MMR,Shan State,Shan State,MM-17,state,,44.2,,,4,Asia/Yangon,FALSE,1104850833
Khwi Ka Lon,Khwi Ka Lon,,16.2472,98.3344,Burma,MM,MMR,Kayin State,Kayin State,MM-13,state,,22.9,,,4,Asia/Yangon,FALSE,1104009276
Kywegodaw,Kywegodaw,,21.9696,95.0253,Burma,MM,MMR,Sagaing,Sagaing,MM-01,region,,175.0,,,4,Asia/Yangon,FALSE,1104207843
Htam Din,Htam Din,,10.9167,98.9667,Burma,MM,MMR,Tanintharyi,Tanintharyi,MM-05,region,,14.6,,,4,Asia/Yangon,FALSE,1104782350
Mak Mi,Mak Mi,,21.4559,97.0614,Burma,MM,MMR,Shan State,Shan State,MM-17,state,,51.6,,,4,Asia/Yangon,FALSE,1104095150
Tamasekan,Tamasekan,,21.7781,95.3115,Burma,MM,MMR,Sagaing,Sagaing,MM-01,region,,262.8,,,3,Asia/Yangon,FALSE,1104210285
Yobyè,Yobye,,17.9471,95.1713,Burma,MM,MMR,Ayeyarwady,Ayeyarwady,MM-07,region,,120.7,,,4,Asia/Yangon,FALSE,1104399992
Sangti,Sangti,Sangtai,26.7329,95.8114,Burma,MM,MMR,Sagaing,Sagaing,MM-01,region,,15.6,,,4,Asia/Yangon,FALSE,1104577708
Yèbin,Yebin,,22.1687,97.4371,Burma,MM,MMR,Shan State,Shan State,MM-17,state,,35.8,,,4,Asia/Yangon,FALSE,1104521143
Hponzo,Hponzo,,17.2225,95.4807,Burma,MM,MMR,Ayeyarwady,Ayeyarwady,MM-07,region,,231.2,,,3,Asia/Yangon,FALSE,1104454209
Kyaukyin,Kyaukyin,,21.2906,95.4246,Burma,MM,MMR,Mandalay,Mandalay,MM-04,region,,150.0,,,4,Asia/Yangon,FALSE,1104747995
Praunglaung,Praunglaung,,21.2000,93.0333,Burma,MM,MMR,Chin State,Chin State,MM-14,state,,7.7,,,5,Asia/Yangon,FALSE,1104624851
Kantu,Kantu,,13.3667,98.4500,Burma,MM,MMR,Tanintharyi,Tanintharyi,MM-05,region,,49.2,,,4,Asia/Yangon,FALSE,1104856112
Kantu,Kantu,,17.0053,96.7151,Burma,MM,MMR,Bago,Bago,MM-02,region,,179.5,,,4,Asia/Yangon,FALSE,1104567996
Aunglet,Aunglet,,18.8668,93.5215,Burma,MM,MMR,Rakhine State,Rakhine State,MM-16,state,,100.2,,,4,Asia/Yangon,FALSE,1104184732
Aunglet,Aunglet,,21.0511,93.0059,Burma,MM,MMR,Rakhine State,Rakhine State,MM-16,state,,87.3,,,4,Asia/Yangon,TRUE,1104816785
Magyigan,Magyigan,,22.0173,95.6531,Burma,MM,MMR,Sagaing,Sagaing,MM-01,region,,136.2,,,4,Asia/Yangon,FALSE,1104389070
Magyigan,Magyigan,,22.3655,95.4486,Burma,MM,MMR,Sagaing,Sagaing,MM-01,region,,121.6,,,4,Asia/Yangon,TRUE,1104685137
Magyigan,Magyigan,,22.4103,94.9746,Burma,MM,MMR,Sagaing,Sagaing,MM-01,region,,112.4,,,4,Asia/Yangon,TRUE,1104988216
Magyigan,Magyigan,,21.3562,94.9872,Burma,MM,MMR,Magway,Magway,MM-03,region,,214.8,,,3,Asia/Yangon,FALSE,1104415046
Magyigan,Magyigan,,20.6670,94.7968,Burma,MM,MMR,Magway,Magway,MM-03,region,,175.7,,,4,Asia/Yangon,TRUE,1104619507
Magyigan,Magyigan,,20.8223,94.7664,Burma,MM,MMR,Magway,Magway,MM-03,region,,175.7,,,4,Asia/Yangon,TRUE,1104702039
Magyigan,Magyigan,,20.7185,94.9911,Burma,MM,MMR,Magway,Magway,MM-03,region,,175.7,,,4,Asia/Yangon,TRUE,1104081691
Magyigan,Magyigan,,19.8547,95.1693,Burma,MM,MMR,Magway,Magway,MM-03,region,,152.4,,,4,Asia/Yangon,TRUE,1104601754
Magyigan,Magyigan,,20.1367,94.9871,Burma,MM,MMR,Magway,Magway,MM-03,region,,152.4,,,4,Asia/Yangon,TRUE,1104176029
Magyigan,Magyigan,,20.4685,94.6956,Burma,MM,MMR,Magway,Magway,MM-03,region,,124.0,,,4,Asia/Yangon,TRUE,1104280610
Magyigan,Magyigan,,20.4765,95.0811,Burma,MM,MMR,Magway,Magway,MM-03,region,,122.3,,,4,Asia/Yangon,TRUE,1104222408
Magyigan,Magyigan,,19.6726,95.6658,Burma,MM,MMR,Magway,Magway,MM-03,region,,118.0,,,4,Asia/Yangon,TRUE,1104784754
Magyigan,Magyigan,,20.2027,94.7784,Burma,MM,MMR,Magway,Magway,MM-03,region,,103.6,,,4,Asia/Yangon,TRUE,1104905517
Magyigan,Magyigan,,20.1494,95.4140,Burma,MM,MMR,Magway,Magway,MM-03,region,,89.5,,,4,Asia/Yangon,TRUE,1104168236
Magyigan,Magyigan,,19.5217,95.1842,Burma,MM,MMR,Magway,Magway,MM-03,region,,52.3,,,4,Asia/Yangon,TRUE,1104880698
Magyigan,Magyigan,,21.4623,96.0300,Burma,MM,MMR,Mandalay,Mandalay,MM-04,region,,201.7,,,3,Asia/Yangon,FALSE,1104645628
Magyigan,Magyigan,,21.3598,95.6421,Burma,MM,MMR,Mandalay,Mandalay,MM-04,region,,130.1,,,4,Asia/Yangon,TRUE,1104606150
Magyigan,Magyigan,,21.0666,95.7836,Burma,MM,MMR,Mandalay,Mandalay,MM-04,region,,114.6,,,4,Asia/Yangon,TRUE,1104951325
Magyigan,Magyigan,,16.8254,96.4571,Burma,MM,MMR,Yangon,Yangon,MM-06,region,,296.9,,,3,Asia/Yangon,FALSE,1104753316
Magyigan,Magyigan,,16.5667,96.0580,Burma,MM,MMR,Yangon,Yangon,MM-06,region,,210.4,,,3,Asia/Yangon,TRUE,1104590098
Magyigan,Magyigan,,17.1597,96.2445,Burma,MM,MMR,Yangon,Yangon,MM-06,region,,200.9,,,3,Asia/Yangon,TRUE,1104281779
Pangmun,Pangmun,,20.5397,97.5296,Burma,MM,MMR,Shan State,Shan State,MM-17,state,,40.0,,,4,Asia/Yangon,FALSE,1104569090
Mahtaw,Mahtaw,,17.8968,97.4209,Burma,MM,MMR,Kayin State,Kayin State,MM-13,state,,2.6,,,5,Asia/Yangon,FALSE,1104700602
Möng Hawm,Mong Hawm,,22.9383,98.2895,Burma,MM,MMR,Shan State,Shan State,MM-17,state,,86.2,,,4,Asia/Yangon,FALSE,1104752025
Möng Hawm,Mong Hawm,Mong Hawn,23.8467,98.3383,Burma,MM,MMR,Shan State,Shan State,MM-17,state,,34.3,,,4,Asia/Yangon,TRUE,1104896067
Panghai-yomlawt,Panghai-yomlawt,,22.0742,97.4897,Burma,MM,MMR,Shan State,Shan State,MM-17,state,,34.9,,,4,Asia/Yangon,FALSE,1104590362
Mān Hwe-wai,Man Hwe-wai,,22.3144,98.8977,Burma,MM,MMR,Shan State,Shan State,MM-17,state,,4.6,,,5,Asia/Yangon,FALSE,1104512953
Htu-ra-lā-lè,Htu-ra-la-le,,19.4174,97.3326,Burma,MM,MMR,Kayah State,Kayah State,MM-12,state,,64.6,,,4,Asia/Yangon,FALSE,1104402934
Dechaung,Dechaung,,12.3831,98.3864,Burma,MM,MMR,Tanintharyi,Tanintharyi,MM-05,region,,42.2,,,4,Asia/Yangon,FALSE,1104833988
Mān Kong,Man Kong,,20.7756,97.1754,Burma,MM,MMR,Shan State,Shan State,MM-17,state,,41.5,,,4,Asia/Yangon,FALSE,1104734614
Man Kong,Man Kong,,21.8567,97.8986,Burma,MM,MMR,Shan State,Shan State,MM-17,state,,31.6,,,4,Asia/Yangon,TRUE,1104615667
Pein Hne Seik,Pein Hne Seik,,16.1190,97.9956,Burma,MM,MMR,Kayin State,Kayin State,MM-13,state,,60.5,,,4,Asia/Yangon,FALSE,1104006987
Pein Hne Seik,Pein Hne Seik,,16.2261,98.3533,Burma,MM,MMR,Kayin State,Kayin State,MM-13,state,,22.9,,,4,Asia/Yangon,TRUE,1104006986
Long Sar Wam,Long Sar Wam,,27.1726,98.2840,Burma,MM,MMR,Kachin State,Kachin State,MM-11,state,,2.4,,,5,Asia/Yangon,FALSE,1104008731
Kawthuhkaw,Kawthuhkaw,,19.2269,96.9867,Burma,MM,MMR,Kayah State,Kayah State,MM-12,state,,17.5,,,4,Asia/Yangon,FALSE,1104336059
Tayawgaing,Tayawgaing,,23.7182,95.8769,Burma,MM,MMR,Sagaing,Sagaing,MM-01,region,,74.5,,,4,Asia/Yangon,FALSE,1104780492
Tayawgaing,Tayawgaing,,22.9069,95.7694,Burma,MM,MMR,Sagaing,Sagaing,MM-01,region,,70.9,,,4,Asia/Yangon,TRUE,1104203156
Loi Mun,Loi Mun,,18.8536,97.4593,Burma,MM,MMR,Kayah State,Kayah State,MM-12,state,,2.5,,,5,Asia/Yangon,FALSE,1104386299
San Gyi,San Gyi,,19.5268,96.2104,Burma,MM,MMR,Nay Pyi Taw,Nay Pyi Taw,MM-18,union territory,,52.5,,,4,Asia/Yangon,FALSE,1104007197
Taung Te,Taung Te,,20.5874,97.1554,Burma,MM,MMR,Shan State,Shan State,MM-17,state,,73.5,,,4,Asia/Yangon,FALSE,1104267658
Thebonpya,Thebonpya,,12.7310,98.7326,Burma,MM,MMR,Tanintharyi,Tanintharyi,MM-05,region,,61.9,,,4,Asia/Yangon,FALSE,1104271882
Nawnghka,Nawnghka,Nawnghko,20.0920,96.9912,Burma,MM,MMR,Shan State,Shan State,MM-17,state,,146.3,,,4,Asia/Yangon,FALSE,1104180031
Nawnghka,Nawnghka,,20.8236,97.2951,Burma,MM,MMR,Shan State,Shan State,MM-17,state,,41.5,,,4,Asia/Yangon,TRUE,1104757036
Lailente,Lailente,,21.8333,93.1333,Burma,MM,MMR,Chin State,Chin State,MM-14,state,,7.8,,,5,Asia/Yangon,FALSE,1104672659
Taungmyint Ywama,Taungmyint Ywama,,19.5167,96.5421,Burma,MM,MMR,Nay Pyi Taw,Nay Pyi Taw,MM-18,union territory,,65.2,,,4,Asia/Yangon,FALSE,1104428095
Mān Hleik,Man Hleik,,23.0895,98.8840,Burma,MM,MMR,Shan State,Shan State,MM-17,state,,44.9,,,4,Asia/Yangon,FALSE,1104986941
Wān Talam,Wan Talam,Talam,22.0411,99.9513,Burma,MM,MMR,Shan State,Shan State,MM-17,state,,39.3,,,4,Asia/Yangon,FALSE,1104307557
Maitawng,Maitawng,,25.8711,97.8759,Burma,MM,MMR,Kachin State,Kachin State,MM-11,state,,0.4,,,5,Asia/Yangon,FALSE,1104063661
Maitawng,Maitawng,,20.5936,97.5490,Burma,MM,MMR,Shan State,Shan State,MM-17,state,,40.0,,,4,Asia/Yangon,FALSE,1104481889
Lasai,Lasai,,23.9539,97.4312,Burma,MM,MMR,Kachin State,Kachin State,MM-11,state,,17.4,,,4,Asia/Yangon,FALSE,1104803908
Laolongko,Laolongko,,24.0346,98.6866,Burma,MM,MMR,Shan State,Shan State,MM-17,state,,43.4,,,4,Asia/Yangon,FALSE,1104666163
Talokpin,Talokpin,,18.7426,94.9948,Burma,MM,MMR,Bago,Bago,MM-02,region,,56.3,,,4,Asia/Yangon,FALSE,1104391467
Hpangrün,Hpangrun,,22.9673,98.9143,Burma,MM,MMR,Shan State,Shan State,MM-17,state,,44.9,,,4,Asia/Yangon,FALSE,1104450914
Khenan,Khenan,,17.2039,94.9203,Burma,MM,MMR,Ayeyarwady,Ayeyarwady,MM-07,region,,80.6,,,4,Asia/Yangon,FALSE,1104689497
Khenan,Khenan,,16.9955,96.8120,Burma,MM,MMR,Bago,Bago,MM-02,region,,179.5,,,4,Asia/Yangon,FALSE,1104932853
Lundaung,Lundaung,,22.1175,96.1152,Burma,MM,MMR,Mandalay,Mandalay,MM-04,region,,231.4,,,3,Asia/Yangon,FALSE,1104261788
Lundaung,Lundaung,,21.1657,95.3661,Burma,MM,MMR,Mandalay,Mandalay,MM-04,region,,150.0,,,4,Asia/Yangon,TRUE,1104183833
Lundaung,Lundaung,,11.6762,98.7589,Burma,MM,MMR,Tanintharyi,Tanintharyi,MM-05,region,,10.8,,,4,Asia/Yangon,FALSE,1104764472
Jar Ran,Jar Ran,,26.5945,98.3617,Burma,MM,MMR,Kachin State,Kachin State,MM-11,state,,2.1,,,5,Asia/Yangon,FALSE,1104006789
Ningya,Ningya,,17.2845,95.5067,Burma,MM,MMR,Ayeyarwady,Ayeyarwady,MM-07,region,,231.2,,,3,Asia/Yangon,FALSE,1104530159
Vuangtu,Vuangtu,,22.4833,93.2667,Burma,MM,MMR,Chin State,Chin State,MM-14,state,,14.6,,,4,Asia/Yangon,FALSE,1104564317
Wān Mak-ünlao,Wan Mak-unlao,,19.1189,97.3547,Burma,MM,MMR,Kayah State,Kayah State,MM-12,state,,13.4,,,4,Asia/Yangon,FALSE,1104489796
Palawng,Palawng,,24.8817,97.4449,Burma,MM,MMR,Kachin State,Kachin State,MM-11,state,,31.0,,,4,Asia/Yangon,FALSE,1104476883
Mairawn,Mairawn,,26.0882,97.9229,Burma,MM,MMR,Kachin State,Kachin State,MM-11,state,,0.4,,,5,Asia/Yangon,FALSE,1104343878
Ponaumedo,Ponaumedo,,18.2105,97.5593,Burma,MM,MMR,Kayin State,Kayin State,MM-13,state,,2.6,,,5,Asia/Yangon,FALSE,1104015571
Namsa-lan,Namsa-lan,,19.1245,97.4801,Burma,MM,MMR,Kayah State,Kayah State,MM-12,state,,3.7,,,5,Asia/Yangon,FALSE,1104648208
Wān Pāngwawn,Wan Pangwawn,Pāngwawn,20.9268,98.5982,Burma,MM,MMR,Shan State,Shan State,MM-17,state,,12.1,,,4,Asia/Yangon,FALSE,1104960528
Mwedaw,Mwedaw,,20.4337,97.1249,Burma,MM,MMR,Shan State,Shan State,MM-17,state,,73.5,,,4,Asia/Yangon,FALSE,1104487406
Mwedaw,Mwedaw,,21.2329,96.8928,Burma,MM,MMR,Shan State,Shan State,MM-17,state,,51.6,,,4,Asia/Yangon,TRUE,1104575899
Wing Kaü,Wing Kau,,21.7141,98.1137,Burma,MM,MMR,Shan State,Shan State,MM-17,state,,16.4,,,4,Asia/Yangon,FALSE,1104219071
Kong-paw,Kong-paw,Kongpow,22.7767,97.6271,Burma,MM,MMR,Shan State,Shan State,MM-17,state,,89.9,,,4,Asia/Yangon,FALSE,1104862135
Alebon,Alebon,,22.1812,96.1142,Burma,MM,MMR,Mandalay,Mandalay,MM-04,region,,231.4,,,3,Asia/Yangon,FALSE,1104121011
Wān-Mõ-hsö,Wan-Mo-hso,Wān Muhsö,20.4744,99.4544,Burma,MM,MMR,Shan State,Shan State,MM-17,state,,31.2,,,4,Asia/Yangon,FALSE,1104716914
Tekaido,Tekaido,,18.1211,97.3511,Burma,MM,MMR,Kayin State,Kayin State,MM-13,state,,2.6,,,5,Asia/Yangon,FALSE,1104114464
Hpayaungnekyun,Hpayaungnekyun,,12.2000,98.7667,Burma,MM,MMR,Tanintharyi,Tanintharyi,MM-05,region,,42.2,,,4,Asia/Yangon,FALSE,1104551631
Hpakkwahpaw,Hpakkwahpaw,,17.7935,97.6544,Burma,MM,MMR,Kayin State,Kayin State,MM-13,state,,14.8,,,4,Asia/Yangon,FALSE,1104619095
Okshitkon,Okshitkon,,20.3200,94.8198,Burma,MM,MMR,Magway,Magway,MM-03,region,,124.0,,,4,Asia/Yangon,FALSE,1104283916
Okshitkon,Okshitkon,,20.4778,94.9709,Burma,MM,MMR,Magway,Magway,MM-03,region,,122.3,,,4,Asia/Yangon,TRUE,1104110734
Okshitkôn,Okshitkon,,19.9919,95.5916,Burma,MM,MMR,Magway,Magway,MM-03,region,,118.0,,,4,Asia/Yangon,TRUE,1104903318
Okshitkon,Okshitkon,,20.7552,94.6578,Burma,MM,MMR,Magway,Magway,MM-03,region,,94.2,,,4,Asia/Yangon,TRUE,1104072344
Okshitkon,Okshitkon,,20.2487,95.4425,Burma,MM,MMR,Magway,Magway,MM-03,region,,89.5,,,4,Asia/Yangon,TRUE,1104287567
Okshitkon,Okshitkon,Okshithon,20.5470,95.1928,Burma,MM,MMR,Magway,Magway,MM-03,region,,80.6,,,4,Asia/Yangon,TRUE,1104433525
Okshitkon,Okshitkon,,20.7208,95.4728,Burma,MM,MMR,Magway,Magway,MM-03,region,,80.6,,,4,Asia/Yangon,TRUE,1104241306
Okshitkon,Okshitkon,,19.4182,95.1380,Burma,MM,MMR,Magway,Magway,MM-03,region,,79.4,,,4,Asia/Yangon,TRUE,1104910769
Okshitkon,Okshitkon,,19.6332,94.9864,Burma,MM,MMR,Magway,Magway,MM-03,region,,55.2,,,4,Asia/Yangon,TRUE,1104550586
Okshitkon,Okshitkon,,19.7443,94.9338,Burma,MM,MMR,Magway,Magway,MM-03,region,,55.2,,,4,Asia/Yangon,TRUE,1104967979
Ôkshitkôn,Okshitkon,,20.9325,94.1355,Burma,MM,MMR,Magway,Magway,MM-03,region,,27.7,,,4,Asia/Yangon,TRUE,1104846474
Okshitkon,Okshitkon,,17.9210,96.5059,Burma,MM,MMR,Bago,Bago,MM-02,region,,150.5,,,4,Asia/Yangon,FALSE,1104596531
Okshitkon,Okshitkon,,18.4332,95.4007,Burma,MM,MMR,Bago,Bago,MM-02,region,,122.8,,,4,Asia/Yangon,TRUE,1104648115
Okshitkon,Okshitkon,,18.2070,96.4557,Burma,MM,MMR,Bago,Bago,MM-02,region,,84.1,,,4,Asia/Yangon,TRUE,1104965158
Okshitkon,Okshitkon,,18.1113,96.5478,Burma,MM,MMR,Bago,Bago,MM-02,region,,84.1,,,4,Asia/Yangon,TRUE,1104082359
Okshitkon,Okshitkon,,18.2752,96.6764,Burma,MM,MMR,Bago,Bago,MM-02,region,,53.6,,,4,Asia/Yangon,TRUE,1104333918
Okshitkon,Okshitkon,,22.4757,95.3677,Burma,MM,MMR,Sagaing,Sagaing,MM-01,region,,121.6,,,4,Asia/Yangon,FALSE,1104746015
Okshitkon,Okshitkon,,22.9237,95.2768,Burma,MM,MMR,Sagaing,Sagaing,MM-01,region,,87.2,,,4,Asia/Yangon,TRUE,1104313647
Okshitkon,Okshitkon,,23.4948,95.8358,Burma,MM,MMR,Sagaing,Sagaing,MM-01,region,,70.9,,,4,Asia/Yangon,TRUE,1104612763
Okshitkon,Okshitkon,,23.4209,95.1810,Burma,MM,MMR,Sagaing,Sagaing,MM-01,region,,36.6,,,4,Asia/Yangon,TRUE,1104726427
Okshitkon,Okshitkon,Okshitko,23.8491,95.1889,Burma,MM,MMR,Sagaing,Sagaing,MM-01,region,,33.1,,,4,Asia/Yangon,TRUE,1104233933
Onbauk,Onbauk,,22.5797,95.8338,Burma,MM,MMR,Sagaing,Sagaing,MM-01,region,,107.4,,,4,Asia/Yangon,FALSE,1104431549
Okshitkon,Okshitkon,,17.7407,95.2767,Burma,MM,MMR,Ayeyarwady,Ayeyarwady,MM-07,region,,182.5,,,4,Asia/Yangon,FALSE,1104445966
Okshitkon,Okshitkon,,17.8649,95.1050,Burma,MM,MMR,Ayeyarwady,Ayeyarwady,MM-07,region,,120.7,,,4,Asia/Yangon,TRUE,1104376153
Okshitkon,Okshitkon,,17.9463,95.2477,Burma,MM,MMR,Ayeyarwady,Ayeyarwady,MM-07,region,,120.7,,,4,Asia/Yangon,TRUE,1104764446
Okshitkon,Okshitkon,,17.4055,95.8462,Burma,MM,MMR,Yangon,Yangon,MM-06,region,,177.9,,,4,Asia/Yangon,FALSE,1104890742
Okshitkon,Okshitkon,,21.5431,95.5336,Burma,MM,MMR,Mandalay,Mandalay,MM-04,region,,268.2,,,3,Asia/Yangon,FALSE,1104200337
Okshitkon,Okshitkon,,20.8979,95.9372,Burma,MM,MMR,Mandalay,Mandalay,MM-04,region,,235.0,,,3,Asia/Yangon,TRUE,1104966425
Okshitkon,Okshitkon,,21.3764,95.5534,Burma,MM,MMR,Mandalay,Mandalay,MM-04,region,,130.1,,,4,Asia/Yangon,TRUE,1104763595
Okshitkon,Okshitkon,,23.5342,96.2620,Burma,MM,MMR,Mandalay,Mandalay,MM-04,region,,50.0,,,4,Asia/Yangon,TRUE,1104549703
Gyogyagon,Gyogyagon,,19.2459,95.5571,Burma,MM,MMR,Magway,Magway,MM-03,region,,80.2,,,4,Asia/Yangon,FALSE,1104027997
Man Hkunhawng,Man Hkunhawng,Man Hkunhowng,24.0231,98.0278,Burma,MM,MMR,Shan State,Shan State,MM-17,state,,61.8,,,4,Asia/Yangon,FALSE,1104145485
Set Su,Set Su,,16.6034,96.2139,Burma,MM,MMR,Yangon,Yangon,MM-06,region,,467.6,,,3,Asia/Yangon,FALSE,1104005941
Set Su,Set Su,,16.9942,95.8701,Burma,MM,MMR,Yangon,Yangon,MM-06,region,,275.3,,,3,Asia/Yangon,TRUE,1104005942
Set Su,Set Su,,17.3766,95.9368,Burma,MM,MMR,Yangon,Yangon,MM-06,region,,177.9,,,4,Asia/Yangon,TRUE,1104005943
Wān Pangkai-taü,Wan Pangkai-tau,,21.8676,99.8251,Burma,MM,MMR,Shan State,Shan State,MM-17,state,,39.3,,,4,Asia/Yangon,FALSE,1104894218
Pemyauk,Pemyauk,,19.2169,94.7575,Burma,MM,MMR,Magway,Magway,MM-03,region,,20.8,,,4,Asia/Yangon,FALSE,1104971853
Nampangon,Nampangon,,25.2086,95.1546,Burma,MM,MMR,Sagaing,Sagaing,MM-01,region,,23.7,,,4,Asia/Yangon,FALSE,1104894772
Wan Namtenglik,Wan Namtenglik,,20.6348,97.3506,Burma,MM,MMR,Shan State,Shan State,MM-17,state,,41.5,,,4,Asia/Yangon,FALSE,1104465615
Wān Pangsai-lōng,Wan Pangsai-long,,20.6705,99.8148,Burma,MM,MMR,Shan State,Shan State,MM-17,state,,66.3,,,4,Asia/Yangon,FALSE,1104659462
Kyone Laung Ywar Thit,Kyone Laung Ywar Thit,,15.2500,97.9000,Burma,MM,MMR,Mon State,Mon State,MM-15,state,,120.1,,,4,Asia/Yangon,FALSE,1104001356
Legyidaung,Legyidaung,,19.4425,94.6621,Burma,MM,MMR,Magway,Magway,MM-03,region,,20.8,,,4,Asia/Yangon,FALSE,1104693023
Ah Nauk Yae Pyar Taw,Ah Nauk Yae Pyar Taw,,21.6150,96.2293,Burma,MM,MMR,Mandalay,Mandalay,MM-04,region,,126.4,,,4,Asia/Yangon,FALSE,1104005523
Tamyinchaung,Tamyinchaung,,12.1203,99.1947,Burma,MM,MMR,Tanintharyi,Tanintharyi,MM-05,region,,9.2,,,5,Asia/Yangon,FALSE,1104412616
Nam-yat,Nam-yat,,20.2644,97.1773,Burma,MM,MMR,Shan State,Shan State,MM-17,state,,77.7,,,4,Asia/Yangon,FALSE,1104086782
Ho-yawng,Ho-yawng,,23.0539,98.6346,Burma,MM,MMR,Shan State,Shan State,MM-17,state,,57.7,,,4,Asia/Yangon,FALSE,1104137627
Lawkwadaw,Lawkwadaw,,17.6500,97.0138,Burma,MM,MMR,Bago,Bago,MM-02,region,,42.2,,,4,Asia/Yangon,FALSE,1104498606
Wān Makma,Wan Makma,,21.7391,98.3081,Burma,MM,MMR,Shan State,Shan State,MM-17,state,,40.2,,,4,Asia/Yangon,FALSE,1104174163
Lang Sar Htu,Lang Sar Htu,,27.5185,97.9457,Burma,MM,MMR,Kachin State,Kachin State,MM-11,state,,2.0,,,5,Asia/Yangon,FALSE,1104008513
Wān Lawngmün,Wan Lawngmun,,20.5189,99.9429,Burma,MM,MMR,Shan State,Shan State,MM-17,state,,66.3,,,4,Asia/Yangon,FALSE,1104102765
Ingyizu,Ingyizu,,17.8473,96.4942,Burma,MM,MMR,Bago,Bago,MM-02,region,,150.5,,,4,Asia/Yangon,FALSE,1104495462
Wān Noi,Wan Noi,,21.2685,99.6359,Burma,MM,MMR,Shan State,Shan State,MM-17,state,,46.4,,,4,Asia/Yangon,FALSE,1104763170
Wān Noi,Wan Noi,,21.6540,100.1099,Burma,MM,MMR,Shan State,Shan State,MM-17,state,,23.4,,,4,Asia/Yangon,TRUE,1104344916
Wān Noi,Wan Noi,,21.8196,99.4829,Burma,MM,MMR,Shan State,Shan State,MM-17,state,,18.9,,,4,Asia/Yangon,TRUE,1104037463
Wān Noi,Wan Noi,,21.6761,99.3722,Burma,MM,MMR,Shan State,Shan State,MM-17,state,,18.9,,,4,Asia/Yangon,TRUE,1104224513
Wān Noi,Wan Noi,,21.7708,99.5413,Burma,MM,MMR,Shan State,Shan State,MM-17,state,,18.9,,,4,Asia/Yangon,TRUE,1104518108
Longhtawng,Longhtawng,,20.4312,97.0420,Burma,MM,MMR,Shan State,Shan State,MM-17,state,,73.5,,,4,Asia/Yangon,FALSE,1104382849
Kyetkaing,Kyetkaing,,18.9796,94.2296,Burma,MM,MMR,Rakhine State,Rakhine State,MM-16,state,,30.9,,,4,Asia/Yangon,FALSE,1104876915
Bogyisakkan,Bogyisakkan,,18.6191,95.7750,Burma,MM,MMR,Bago,Bago,MM-02,region,,122.8,,,4,Asia/Yangon,FALSE,1104432066
Bu Tar Zay Tan,Bu Tar Zay Tan,,21.8157,96.0625,Burma,MM,MMR,Mandalay,Mandalay,MM-04,region,,309.9,,,3,Asia/Yangon,FALSE,1104004682
Niu-wān,Niu-wan,,20.9442,97.7779,Burma,MM,MMR,Shan State,Shan State,MM-17,state,,40.0,,,4,Asia/Yangon,FALSE,1104629754
Kwin 29,Kwin 29,,22.7853,96.0811,Burma,MM,MMR,Mandalay,Mandalay,MM-04,region,,64.9,,,4,Asia/Yangon,FALSE,1104005576
Yon-ywa,Yon-ywa,,19.1650,94.1634,Burma,MM,MMR,Rakhine State,Rakhine State,MM-16,state,,22.5,,,4,Asia/Yangon,FALSE,1104525104
Sawkawde,Sawkawde,Sawkawdo|Sowkowdo,18.6351,96.8865,Burma,MM,MMR,Kayin State,Kayin State,MM-13,state,,27.5,,,4,Asia/Yangon,FALSE,1104098774
Tindaungchaung,Tindaungchaung,,16.7147,96.6717,Burma,MM,MMR,Yangon,Yangon,MM-06,region,,246.9,,,3,Asia/Yangon,FALSE,1104229372
Peingan,Peingan,,16.8778,96.4514,Burma,MM,MMR,Yangon,Yangon,MM-06,region,,296.9,,,3,Asia/Yangon,FALSE,1104657456
Naungdaw,Naungdaw,,24.1340,95.2035,Burma,MM,MMR,Sagaing,Sagaing,MM-01,region,,33.1,,,4,Asia/Yangon,FALSE,1104863345
Shauktaung,Shauktaung,,19.9680,94.4629,Burma,MM,MMR,Magway,Magway,MM-03,region,,35.5,,,4,Asia/Yangon,FALSE,1104762935
Peingan,Peingan,,23.8701,95.7568,Burma,MM,MMR,Sagaing,Sagaing,MM-01,region,,53.6,,,4,Asia/Yangon,FALSE,1104771102
Nawng Pein,Nawng Pein,,24.5928,97.3560,Burma,MM,MMR,Kachin State,Kachin State,MM-11,state,,10.2,,,4,Asia/Yangon,FALSE,1104008258
Zee Aing,Zee Aing,,21.6809,95.8962,Burma,MM,MMR,Mandalay,Mandalay,MM-04,region,,137.7,,,4,Asia/Yangon,FALSE,1104005264
Zein Gyi,Zein Gyi,,21.3478,96.1248,Burma,MM,MMR,Mandalay,Mandalay,MM-04,region,,201.7,,,3,Asia/Yangon,FALSE,1104005274
Yasilekun,Yasilekun,,18.7295,96.8091,Burma,MM,MMR,Kayin State,Kayin State,MM-13,state,,11.2,,,4,Asia/Yangon,FALSE,1104775912
Kamhpongput,Kamhpongput,,27.3618,98.4498,Burma,MM,MMR,Kachin State,Kachin State,MM-11,state,,2.4,,,5,Asia/Yangon,FALSE,1104499532
Sam Zin,Sam Zin,,26.2446,98.3180,Burma,MM,MMR,Kachin State,Kachin State,MM-11,state,,2.1,,,5,Asia/Yangon,FALSE,1104008822
Aung Kaung,Aung Kaung,,21.1833,93.0833,Burma,MM,MMR,Chin State,Chin State,MM-14,state,,7.7,,,5,Asia/Yangon,FALSE,1104693209
Wānpla,Wanpla,,19.0323,97.4746,Burma,MM,MMR,Kayah State,Kayah State,MM-12,state,,3.7,,,5,Asia/Yangon,FALSE,1104063949
Wān Hkōngnio,Wan Hkongnio,,20.4864,99.4831,Burma,MM,MMR,Shan State,Shan State,MM-17,state,,31.2,,,4,Asia/Yangon,FALSE,1104452268
Ma Sa Yin Dang,Ma Sa Yin Dang,,25.4740,98.0018,Burma,MM,MMR,Kachin State,Kachin State,MM-11,state,,12.7,,,4,Asia/Yangon,FALSE,1104006348
Potokbyu,Potokbyu,,21.4282,95.3551,Burma,MM,MMR,Mandalay,Mandalay,MM-04,region,,268.2,,,3,Asia/Yangon,FALSE,1104125685
Shingdan,Shingdan,,26.6375,97.6541,Burma,MM,MMR,Kachin State,Kachin State,MM-11,state,,0.6,,,5,Asia/Yangon,FALSE,1104613163
Wān Pa-kōk,Wan Pa-kok,Yön|Pa-kok,20.4170,100.0212,Burma,MM,MMR,Shan State,Shan State,MM-17,state,,66.3,,,4,Asia/Yangon,FALSE,1104030465
Kywēsagyet,Kywesagyet,,17.3695,96.8019,Burma,MM,MMR,Bago,Bago,MM-02,region,,154.3,,,4,Asia/Yangon,FALSE,1104701993
Kadawbyat,Kadawbyat,,12.7816,98.6175,Burma,MM,MMR,Tanintharyi,Tanintharyi,MM-05,region,,61.9,,,4,Asia/Yangon,FALSE,1104745875
Leik-kaba,Leik-kaba,,16.6680,94.8598,Burma,MM,MMR,Ayeyarwady,Ayeyarwady,MM-07,region,,211.4,,,3,Asia/Yangon,FALSE,1104679357
Namkawnhen,Namkawnhen,,20.3312,97.1907,Burma,MM,MMR,Shan State,Shan State,MM-17,state,,77.7,,,4,Asia/Yangon,FALSE,1104965590
Timhang Ga,Timhang Ga,,27.1500,96.1167,Burma,MM,MMR,Sagaing,Sagaing,MM-01,region,,13.9,,,4,Asia/Yangon,FALSE,1104630272
Thebyugyaung,Thebyugyaung,,16.7425,96.2744,Burma,MM,MMR,Yangon,Yangon,MM-06,region,,829.0,,,3,Asia/Yangon,FALSE,1104315166
Thēbyugyaung,Thebyugyaung,,16.7080,94.5752,Burma,MM,MMR,Ayeyarwady,Ayeyarwady,MM-07,region,,430.4,,,3,Asia/Yangon,FALSE,1104420742
Thēbyugyaung,Thebyugyaung,,15.8422,94.7550,Burma,MM,MMR,Ayeyarwady,Ayeyarwady,MM-07,region,,80.2,,,4,Asia/Yangon,TRUE,1104773616
Htiper,Htiper,,17.2238,97.9751,Burma,MM,MMR,Kayin State,Kayin State,MM-13,state,,50.5,,,4,Asia/Yangon,FALSE,1104468241
Dhamma Kya,Dhamma Kya,,21.9671,96.0349,Burma,MM,MMR,Mandalay,Mandalay,MM-04,region,,417.9,,,3,Asia/Yangon,FALSE,1104005912
Tetkon,Tetkon,,24.8114,94.8278,Burma,MM,MMR,Sagaing,Sagaing,MM-01,region,,23.7,,,4,Asia/Yangon,FALSE,1104447215
Pakho,Pakho,,18.7309,97.1197,Burma,MM,MMR,Kayah State,Kayah State,MM-12,state,,17.7,,,4,Asia/Yangon,FALSE,1104322821
Miasawkadit,Miasawkadit,,24.9381,97.5751,Burma,MM,MMR,Kachin State,Kachin State,MM-11,state,,31.0,,,4,Asia/Yangon,FALSE,1104372548
Tènandaw,Tenandaw,,18.6519,96.6523,Burma,MM,MMR,Bago,Bago,MM-02,region,,11.2,,,4,Asia/Yangon,FALSE,1104940688
Myaukchawgon,Myaukchawgon,,17.7027,95.1479,Burma,MM,MMR,Ayeyarwady,Ayeyarwady,MM-07,region,,120.7,,,4,Asia/Yangon,FALSE,1104806029
Hpadugyi,Hpadugyi,,19.9270,93.1069,Burma,MM,MMR,Rakhine State,Rakhine State,MM-16,state,,134.9,,,4,Asia/Yangon,FALSE,1104081006
Kalun,Kalun,,17.3883,96.9245,Burma,MM,MMR,Mon State,Mon State,MM-15,state,,177.7,,,4,Asia/Yangon,FALSE,1104455330
Lai-hka,Lai-hka,Lai-kha|Lègya,21.2722,97.6528,Burma,MM,MMR,Shan State,Shan State,MM-17,state,,21.4,,,4,Asia/Yangon,FALSE,1104622533
Hti Hpar,Hti Hpar,,16.5118,95.9539,Burma,MM,MMR,Yangon,Yangon,MM-06,region,,199.4,,,4,Asia/Yangon,FALSE,1104008862
Kawpamut,Kawpamut,,16.8388,97.9591,Burma,MM,MMR,Kayin State,Kayin State,MM-13,state,,50.5,,,4,Asia/Yangon,FALSE,1104814225
Mān Nawngsang,Man Nawngsang,,22.4675,98.4745,Burma,MM,MMR,Shan State,Shan State,MM-17,state,,38.2,,,4,Asia/Yangon,FALSE,1104895121
Mān Nawngsang,Man Nawngsang,,23.5940,98.4808,Burma,MM,MMR,Shan State,Shan State,MM-17,state,,34.3,,,4,Asia/Yangon,TRUE,1104805944
Mān Nawngsang,Man Nawngsang,,23.6909,98.5416,Burma,MM,MMR,Shan State,Shan State,MM-17,state,,34.3,,,4,Asia/Yangon,TRUE,1104693265
Kyauk Pyin Htaunt,Kyauk Pyin Htaunt,,21.3488,92.8168,Burma,MM,MMR,Chin State,Chin State,MM-14,state,,15.8,,,4,Asia/Yangon,FALSE,1104004247
Möng Wāk,Mong Wak,,21.4533,99.7720,Burma,MM,MMR,Shan State,Shan State,MM-17,state,,46.4,,,4,Asia/Yangon,FALSE,1104770782
Ywetnyodaung,Ywetnyodaung,Ywetnyoduang,20.9471,92.3021,Burma,MM,MMR,Rakhine State,Rakhine State,MM-16,state,,24.2,,,4,Asia/Yangon,FALSE,1104572039
Aungthadan,Aungthadan,,16.8176,96.7661,Burma,MM,MMR,Yangon,Yangon,MM-06,region,,249.3,,,3,Asia/Yangon,FALSE,1104259361
Htanigen,Htanigen,,16.7770,96.7021,Burma,MM,MMR,Yangon,Yangon,MM-06,region,,246.9,,,3,Asia/Yangon,FALSE,1104375696
Letpabya,Letpabya,Letpanbya,20.8153,95.3865,Burma,MM,MMR,Mandalay,Mandalay,MM-04,region,,123.4,,,4,Asia/Yangon,FALSE,1104190280
Maungba,Maungba,,16.0587,94.3608,Burma,MM,MMR,Ayeyarwady,Ayeyarwady,MM-07,region,,129.4,,,4,Asia/Yangon,FALSE,1104911378
Chiglai,Chiglai,,25.6252,98.0297,Burma,MM,MMR,Kachin State,Kachin State,MM-11,state,,12.7,,,4,Asia/Yangon,FALSE,1104629909
Chiglai,Chiglai,,25.8833,98.1833,Burma,MM,MMR,Kachin State,Kachin State,MM-11,state,,6.0,,,5,Asia/Yangon,TRUE,1104037287
Nethamein,Nethamein,Nethomein,17.0319,95.8212,Burma,MM,MMR,Ayeyarwady,Ayeyarwady,MM-07,region,,258.9,,,3,Asia/Yangon,FALSE,1104723624
Pongye,Pongye,,20.5626,97.7755,Burma,MM,MMR,Shan State,Shan State,MM-17,state,,14.1,,,4,Asia/Yangon,FALSE,1104244942