city,city_ascii,city_alt,lat,lng,country,iso2,iso3,admin_name,admin_name_ascii,admin_code,admin_type,capital,density,population,population_proper,ranking,timezone,same_name,id
Nawng Ma La,Nawng Ma La,,25.2456,97.4370,Burma,MM,MMR,Kachin State,Kachin State,MM-11,state,,31.0,,,4,Asia/Yangon,FALSE,1104007587
Ye-ngan,Ye-ngan,,21.1624,96.4404,Burma,MM,MMR,Shan State,Shan State,MM-17,state,,29.8,,,4,Asia/Yangon,FALSE,1104192911
Möng Mang,Mong Mang,,21.0976,99.0872,Burma,MM,MMR,Shan State,Shan State,MM-17,state,,12.1,,,4,Asia/Yangon,FALSE,1104705524
Hpa Yar Ywar,Hpa Yar Ywar,,17.2835,97.2209,Burma,MM,MMR,Mon State,Mon State,MM-15,state,,76.6,,,4,Asia/Yangon,FALSE,1104001789
Zwehtaw,Zwehtaw,Zwethaw,16.8129,96.5885,Burma,MM,MMR,Yangon,Yangon,MM-06,region,,246.9,,,3,Asia/Yangon,FALSE,1104658990
Zwehtaw,Zwehtaw,,17.1497,96.2397,Burma,MM,MMR,Yangon,Yangon,MM-06,region,,200.9,,,3,Asia/Yangon,TRUE,1104766327
Chaukkan,Chaukkan,,18.3434,95.4448,Burma,MM,MMR,Bago,Bago,MM-02,region,,122.8,,,4,Asia/Yangon,FALSE,1104120839
Chaukkan,Chaukkan,,21.3607,95.0400,Burma,MM,MMR,Magway,Magway,MM-03,region,,214.8,,,3,Asia/Yangon,FALSE,1104811764
Puhko,Puhko,,22.6737,96.6328,Burma,MM,MMR,Shan State,Shan State,MM-17,state,,22.9,,,4,Asia/Yangon,FALSE,1104399707
Maung Mei Shaung,Maung Mei Shaung,Maungmeshaung,14.1562,98.2066,Burma,MM,MMR,Tanintharyi,Tanintharyi,MM-05,region,,25.4,,,4,Asia/Yangon,FALSE,1104481000
Ye-e,Ye-e,,20.1091,96.1539,Burma,MM,MMR,Nay Pyi Taw,Nay Pyi Taw,MM-18,union territory,,45.3,,,4,Asia/Yangon,FALSE,1104766648
Hti De,Hti De,,20.5393,97.3555,Burma,MM,MMR,Shan State,Shan State,MM-17,state,,77.7,,,4,Asia/Yangon,FALSE,1104173387
Wakaung,Wakaung,,25.1307,97.3332,Burma,MM,MMR,Kachin State,Kachin State,MM-11,state,,76.4,,,4,Asia/Yangon,FALSE,1104521681
Wān Hsu-lè,Wan Hsu-le,,19.2581,97.6839,Burma,MM,MMR,Kayah State,Kayah State,MM-12,state,,3.0,,,5,Asia/Yangon,FALSE,1104497867
Wān Mākho,Wan Makho,,20.0703,98.8319,Burma,MM,MMR,Shan State,Shan State,MM-17,state,,25.0,,,4,Asia/Yangon,FALSE,1104536459
Kye,Kye,,12.7983,98.7225,Burma,MM,MMR,Tanintharyi,Tanintharyi,MM-05,region,,61.9,,,4,Asia/Yangon,FALSE,1104443542
Shan Hpa Yar,Shan Hpa Yar,,20.4313,95.8788,Burma,MM,MMR,Mandalay,Mandalay,MM-04,region,,110.9,,,4,Asia/Yangon,FALSE,1104002488
Dawn Ga,Dawn Ga,,26.5861,97.3664,Burma,MM,MMR,Kachin State,Kachin State,MM-11,state,,0.6,,,5,Asia/Yangon,FALSE,1104443858
Kingyi,Kingyi,,18.3415,96.5559,Burma,MM,MMR,Bago,Bago,MM-02,region,,106.3,,,4,Asia/Yangon,FALSE,1104000204
Kingyi,Kingyi,,18.1211,96.5414,Burma,MM,MMR,Bago,Bago,MM-02,region,,84.1,,,4,Asia/Yangon,TRUE,1104224893
Kingyi,Kingyi,,18.2008,96.5676,Burma,MM,MMR,Bago,Bago,MM-02,region,,84.1,,,4,Asia/Yangon,TRUE,1104607977
Kanyinbyin,Kanyinbyin,,18.9025,93.9343,Burma,MM,MMR,Rakhine State,Rakhine State,MM-16,state,,71.4,,,4,Asia/Yangon,FALSE,1104051621
Dut,Dut,,17.9204,95.5269,Burma,MM,MMR,Bago,Bago,MM-02,region,,209.3,,,3,Asia/Yangon,FALSE,1104422747
Pay Pin,Pay Pin,,19.7184,95.9226,Burma,MM,MMR,Nay Pyi Taw,Nay Pyi Taw,MM-18,union territory,,52.5,,,4,Asia/Yangon,FALSE,1104003921
Warahku,Warahku,,25.7225,96.9482,Burma,MM,MMR,Kachin State,Kachin State,MM-11,state,,37.6,,,4,Asia/Yangon,FALSE,1104830598
Yondaung,Yondaung,,24.1988,97.0548,Burma,MM,MMR,Kachin State,Kachin State,MM-11,state,,89.5,,,4,Asia/Yangon,FALSE,1104381845
Saipawn Ga,Saipawn Ga,,26.0281,96.8050,Burma,MM,MMR,Kachin State,Kachin State,MM-11,state,,18.7,,,4,Asia/Yangon,FALSE,1104515343
Pāng Pet,Pang Pet,,20.7444,97.1102,Burma,MM,MMR,Shan State,Shan State,MM-17,state,,339.9,,,3,Asia/Yangon,FALSE,1104189961
Hpaungga,Hpaungga,Pyinma,18.8514,94.0511,Burma,MM,MMR,Rakhine State,Rakhine State,MM-16,state,,30.9,,,4,Asia/Yangon,FALSE,1104989237
M’chum,M'chum,,21.4696,93.7029,Burma,MM,MMR,Chin State,Chin State,MM-14,state,,12.8,,,4,Asia/Yangon,FALSE,1104003064
Mān Sau-hpak,Man Sau-hpak,,22.4235,97.9161,Burma,MM,MMR,Shan State,Shan State,MM-17,state,,26.4,,,4,Asia/Yangon,FALSE,1104818482
Namkak,Namkak,,20.7416,97.5091,Burma,MM,MMR,Shan State,Shan State,MM-17,state,,40.0,,,4,Asia/Yangon,FALSE,1104740317
Htinyana,Htinyana,Tanyana,17.6327,97.0983,Burma,MM,MMR,Bago,Bago,MM-02,region,,42.2,,,4,Asia/Yangon,FALSE,1104894519
Taunggyi-ywagale,Taunggyi-ywagale,,18.1601,96.9094,Burma,MM,MMR,Bago,Bago,MM-02,region,,42.2,,,4,Asia/Yangon,FALSE,1104297770
Kayunchet,Kayunchet,,24.8026,97.5916,Burma,MM,MMR,Kachin State,Kachin State,MM-11,state,,31.0,,,4,Asia/Yangon,FALSE,1104406242
Hophai,Hophai,,24.3383,97.3296,Burma,MM,MMR,Kachin State,Kachin State,MM-11,state,,89.5,,,4,Asia/Yangon,FALSE,1104967562
Yedwingaung,Yedwingaung,,22.0923,95.8561,Burma,MM,MMR,Sagaing,Sagaing,MM-01,region,,246.4,,,3,Asia/Yangon,FALSE,1104634722
Yedwingaung,Yedwingaung,,19.8236,95.3462,Burma,MM,MMR,Magway,Magway,MM-03,region,,118.0,,,4,Asia/Yangon,FALSE,1104791172
Wān Tak,Wan Tak,Tak,21.2301,100.4306,Burma,MM,MMR,Shan State,Shan State,MM-17,state,,16.9,,,4,Asia/Yangon,FALSE,1104082271
Thittabwe,Thittabwe,,20.4412,94.8829,Burma,MM,MMR,Magway,Magway,MM-03,region,,122.3,,,4,Asia/Yangon,FALSE,1104167185
Thittabwe,Thittabwe,,19.5249,95.4151,Burma,MM,MMR,Magway,Magway,MM-03,region,,52.3,,,4,Asia/Yangon,TRUE,1104813601
Kawkhani,Kawkhani,,16.3941,97.6363,Burma,MM,MMR,Mon State,Mon State,MM-15,state,,1618.1,,,3,Asia/Yangon,FALSE,1104527805
Taungyo,Taungyo,,21.6116,94.7144,Burma,MM,MMR,Magway,Magway,MM-03,region,,99.1,,,4,Asia/Yangon,FALSE,1104853856
Kungpau,Kungpau,,21.6766,97.6753,Burma,MM,MMR,Shan State,Shan State,MM-17,state,,21.0,,,4,Asia/Yangon,FALSE,1104829289
Lao-yinhaw,Lao-yinhaw,,23.7889,98.4042,Burma,MM,MMR,Shan State,Shan State,MM-17,state,,34.3,,,4,Asia/Yangon,FALSE,1104842184
Aungmo,Aungmo,,22.1821,95.0675,Burma,MM,MMR,Sagaing,Sagaing,MM-01,region,,145.0,,,4,Asia/Yangon,FALSE,1104899757
Sinshin,Sinshin,,21.9675,94.7808,Burma,MM,MMR,Sagaing,Sagaing,MM-01,region,,87.8,,,4,Asia/Yangon,FALSE,1104399293
Sint Kaing Gyi,Sint Kaing Gyi,,21.7081,96.1049,Burma,MM,MMR,Mandalay,Mandalay,MM-04,region,,309.9,,,3,Asia/Yangon,FALSE,1104005379
Charadaung,Charadaung,,21.2263,92.9382,Burma,MM,MMR,Chin State,Chin State,MM-14,state,,15.8,,,4,Asia/Yangon,FALSE,1104705507
Kazingyi,Kazingyi,,18.3397,95.2036,Burma,MM,MMR,Ayeyarwady,Ayeyarwady,MM-07,region,,79.1,,,4,Asia/Yangon,FALSE,1104421178
Kangyi,Kangyi,,20.3815,95.0190,Burma,MM,MMR,Magway,Magway,MM-03,region,,122.3,,,4,Asia/Yangon,FALSE,1104294118
Kangyi,Kangyi,,21.6015,94.8470,Burma,MM,MMR,Magway,Magway,MM-03,region,,99.1,,,4,Asia/Yangon,TRUE,1104372242
Kangyi,Kangyi,,20.9099,94.6495,Burma,MM,MMR,Magway,Magway,MM-03,region,,94.2,,,4,Asia/Yangon,TRUE,1104248966
Kangyi,Kangyi,,19.2485,95.6977,Burma,MM,MMR,Magway,Magway,MM-03,region,,80.2,,,4,Asia/Yangon,TRUE,1104612141
Kangyi,Kangyi,,18.3641,95.7155,Burma,MM,MMR,Bago,Bago,MM-02,region,,250.9,,,3,Asia/Yangon,FALSE,1104000727
Kangyi,Kangyi,,16.9346,96.7628,Burma,MM,MMR,Bago,Bago,MM-02,region,,179.5,,,4,Asia/Yangon,TRUE,1104079050
Kangyi,Kangyi,,21.7764,95.3169,Burma,MM,MMR,Sagaing,Sagaing,MM-01,region,,262.8,,,3,Asia/Yangon,FALSE,1104830746
Kangyi,Kangyi,,23.4053,94.0813,Burma,MM,MMR,Sagaing,Sagaing,MM-01,region,,145.2,,,4,Asia/Yangon,TRUE,1104552164
Kangyi,Kangyi,,21.9054,94.8559,Burma,MM,MMR,Sagaing,Sagaing,MM-01,region,,87.8,,,4,Asia/Yangon,TRUE,1104806548
Kangyi,Kangyi,,23.0523,95.6645,Burma,MM,MMR,Sagaing,Sagaing,MM-01,region,,70.9,,,4,Asia/Yangon,TRUE,1104166454
Kangyi,Kangyi,,24.4712,95.6240,Burma,MM,MMR,Sagaing,Sagaing,MM-01,region,,32.0,,,4,Asia/Yangon,TRUE,1104000542
Chirang,Chirang,,27.2492,98.6261,Burma,MM,MMR,Kachin State,Kachin State,MM-11,state,,2.4,,,5,Asia/Yangon,FALSE,1104947127
Kangyi,Kangyi,,16.7308,95.0324,Burma,MM,MMR,Ayeyarwady,Ayeyarwady,MM-07,region,,243.3,,,3,Asia/Yangon,FALSE,1104612202
Kangyi,Kangyi,,16.8667,95.1761,Burma,MM,MMR,Ayeyarwady,Ayeyarwady,MM-07,region,,241.6,,,3,Asia/Yangon,TRUE,1104144499
Kangyi,Kangyi,Kangy,16.9406,94.4467,Burma,MM,MMR,Ayeyarwady,Ayeyarwady,MM-07,region,,57.8,,,4,Asia/Yangon,TRUE,1104326731
Tha Pyay San,Tha Pyay San,,20.3386,95.8727,Burma,MM,MMR,Mandalay,Mandalay,MM-04,region,,110.9,,,4,Asia/Yangon,FALSE,1104009571
Kangyi,Kangyi,,22.1144,96.1862,Burma,MM,MMR,Mandalay,Mandalay,MM-04,region,,417.9,,,3,Asia/Yangon,FALSE,1104147258
Kangyi,Kangyi,,21.7532,96.1816,Burma,MM,MMR,Mandalay,Mandalay,MM-04,region,,309.9,,,3,Asia/Yangon,TRUE,1104138238
Kangyi,Kangyi,,21.2435,95.9805,Burma,MM,MMR,Mandalay,Mandalay,MM-04,region,,151.8,,,4,Asia/Yangon,TRUE,1104696060
Kangyi,Kangyi,,21.2167,95.3333,Burma,MM,MMR,Mandalay,Mandalay,MM-04,region,,150.0,,,4,Asia/Yangon,TRUE,1104465431
Kangyi,Kangyi,,21.7537,95.8314,Burma,MM,MMR,Mandalay,Mandalay,MM-04,region,,137.7,,,4,Asia/Yangon,TRUE,1104572346
Kangyi,Kangyi,,21.6124,95.6817,Burma,MM,MMR,Mandalay,Mandalay,MM-04,region,,130.1,,,4,Asia/Yangon,TRUE,1104444378
Kangyi,Kangyi,,21.0950,95.6779,Burma,MM,MMR,Mandalay,Mandalay,MM-04,region,,114.6,,,4,Asia/Yangon,TRUE,1104551008
Lay Taing Sin,Lay Taing Sin,,20.9595,95.7529,Burma,MM,MMR,Mandalay,Mandalay,MM-04,region,,235.1,,,3,Asia/Yangon,FALSE,1104001139
Lay Taing Sin,Lay Taing Sin,,20.8871,95.4320,Burma,MM,MMR,Mandalay,Mandalay,MM-04,region,,123.4,,,4,Asia/Yangon,TRUE,1104001138
Lay Taing Sin,Lay Taing Sin,,20.9678,95.6523,Burma,MM,MMR,Mandalay,Mandalay,MM-04,region,,114.6,,,4,Asia/Yangon,TRUE,1104001137
Halin Pindale,Halin Pindale,,22.4898,95.8122,Burma,MM,MMR,Sagaing,Sagaing,MM-01,region,,146.0,,,4,Asia/Yangon,FALSE,1104317599
Shadan Kawng,Shadan Kawng,,24.3355,97.6067,Burma,MM,MMR,Kachin State,Kachin State,MM-11,state,,23.4,,,4,Asia/Yangon,FALSE,1104608331
Laingkyin,Laingkyin,,23.6618,94.4876,Burma,MM,MMR,Sagaing,Sagaing,MM-01,region,,14.3,,,4,Asia/Yangon,FALSE,1104858844
Lata,Lata,,24.5697,94.5444,Burma,MM,MMR,Sagaing,Sagaing,MM-01,region,,34.1,,,4,Asia/Yangon,FALSE,1104075243
Thanbatkwin,Thanbatkwin,,16.6250,94.3797,Burma,MM,MMR,Ayeyarwady,Ayeyarwady,MM-07,region,,33.4,,,4,Asia/Yangon,FALSE,1104261155
Pawngleng,Pawngleng,,20.7526,97.1912,Burma,MM,MMR,Shan State,Shan State,MM-17,state,,41.5,,,4,Asia/Yangon,FALSE,1104451773
Nyandaw,Nyandaw,,20.5231,95.8596,Burma,MM,MMR,Mandalay,Mandalay,MM-04,region,,146.4,,,4,Asia/Yangon,FALSE,1104116147
Nyandaw,Nyandaw,,21.3333,95.4667,Burma,MM,MMR,Mandalay,Mandalay,MM-04,region,,130.1,,,4,Asia/Yangon,TRUE,1104746974
Htanaungbin,Htanaungbin,,20.6502,96.6977,Burma,MM,MMR,Shan State,Shan State,MM-17,state,,138.0,,,4,Asia/Yangon,FALSE,1104353369
Talainggon,Talainggon,,17.0586,95.9991,Burma,MM,MMR,Yangon,Yangon,MM-06,region,,579.7,,,3,Asia/Yangon,FALSE,1104600487
Toke Kyay Chaung Hte,Toke Kyay Chaung Hte,,21.6684,92.7482,Burma,MM,MMR,Chin State,Chin State,MM-14,state,,15.8,,,4,Asia/Yangon,FALSE,1104001058
Si-tha,Si-tha,,23.7176,96.8645,Burma,MM,MMR,Shan State,Shan State,MM-17,state,,10.4,,,4,Asia/Yangon,FALSE,1104758158
Tanbingyaung,Tanbingyaung,,16.6271,97.3403,Burma,MM,MMR,Mon State,Mon State,MM-15,state,,195.7,,,4,Asia/Yangon,FALSE,1104148638
Tanbingyaung,Tanbingyaung,,16.7803,97.2890,Burma,MM,MMR,Mon State,Mon State,MM-15,state,,195.7,,,4,Asia/Yangon,TRUE,1104688169
Se Lein,Se Lein,,22.9664,96.5566,Burma,MM,MMR,Mandalay,Mandalay,MM-04,region,,130.3,,,4,Asia/Yangon,FALSE,1104005020
Pabaing,Pabaing,,20.6864,94.2564,Burma,MM,MMR,Magway,Magway,MM-03,region,,15.1,,,4,Asia/Yangon,FALSE,1104760181
Hokhe,Hokhe,,21.2068,96.9861,Burma,MM,MMR,Shan State,Shan State,MM-17,state,,51.6,,,4,Asia/Yangon,FALSE,1104465579
Kazaing-anauk,Kazaing-anauk,,17.2593,97.2082,Burma,MM,MMR,Mon State,Mon State,MM-15,state,,76.6,,,4,Asia/Yangon,FALSE,1104455844
Wetpyuye,Wetpyuye,,20.7040,96.5125,Burma,MM,MMR,Shan State,Shan State,MM-17,state,,138.0,,,4,Asia/Yangon,FALSE,1104952480
Daw Ka Law Le,Daw Ka Law Le,,19.3203,97.2064,Burma,MM,MMR,Kayah State,Kayah State,MM-12,state,,17.5,,,4,Asia/Yangon,FALSE,1104001077
Ka Myaing,Ka Myaing,,17.1417,95.8709,Burma,MM,MMR,Yangon,Yangon,MM-06,region,,276.0,,,3,Asia/Yangon,FALSE,1104008720
Bidutgale,Bidutgale,,16.1052,94.8693,Burma,MM,MMR,Ayeyarwady,Ayeyarwady,MM-07,region,,142.4,,,4,Asia/Yangon,FALSE,1104465849
Ngadet,Ngadet,,21.4742,92.7720,Burma,MM,MMR,Chin State,Chin State,MM-14,state,,15.8,,,4,Asia/Yangon,FALSE,1104751898
Mān Law,Man Law,,24.4190,97.3006,Burma,MM,MMR,Kachin State,Kachin State,MM-11,state,,44.5,,,4,Asia/Yangon,FALSE,1104952048
Payamaw,Payamaw,,18.6185,94.3204,Burma,MM,MMR,Rakhine State,Rakhine State,MM-16,state,,32.3,,,4,Asia/Yangon,FALSE,1104894570
Thikawmudo,Thikawmudo,,18.2941,97.3718,Burma,MM,MMR,Kayin State,Kayin State,MM-13,state,,2.6,,,5,Asia/Yangon,FALSE,1104785590
Tapekala,Tapekala,,17.0049,95.7892,Burma,MM,MMR,Ayeyarwady,Ayeyarwady,MM-07,region,,235.9,,,3,Asia/Yangon,FALSE,1104096727
La Chan Kawng,La Chan Kawng,,26.2098,97.9130,Burma,MM,MMR,Kachin State,Kachin State,MM-11,state,,0.4,,,5,Asia/Yangon,FALSE,1104009196
Loi-mi,Loi-mi,,23.1143,97.2582,Burma,MM,MMR,Shan State,Shan State,MM-17,state,,32.5,,,4,Asia/Yangon,FALSE,1104217338
Loi-mi,Loi-mi,,21.1300,97.9846,Burma,MM,MMR,Shan State,Shan State,MM-17,state,,16.7,,,4,Asia/Yangon,TRUE,1104519160
Thinbawzeik,Thinbawzeik,,20.1125,94.9491,Burma,MM,MMR,Magway,Magway,MM-03,region,,152.4,,,4,Asia/Yangon,FALSE,1104798336
Ka Net Thi Ri,Ka Net Thi Ri,Kanetthiri|Kanetthira|Kanatheri,13.6592,98.3007,Burma,MM,MMR,Tanintharyi,Tanintharyi,MM-05,region,,49.2,,,4,Asia/Yangon,FALSE,1104912212
Paungdok,Paungdok,,20.5487,93.2359,Burma,MM,MMR,Rakhine State,Rakhine State,MM-16,state,,131.9,,,4,Asia/Yangon,FALSE,1104384213
Pa-la,Pa-la,,21.9692,97.5089,Burma,MM,MMR,Shan State,Shan State,MM-17,state,,21.0,,,4,Asia/Yangon,FALSE,1104033039
Kanghāi,Kanghai,,26.5000,98.3000,Burma,MM,MMR,Kachin State,Kachin State,MM-11,state,,2.1,,,5,Asia/Yangon,FALSE,1104059930
Ywadaw,Ywadaw,,21.7529,96.0205,Burma,MM,MMR,Mandalay,Mandalay,MM-04,region,,309.9,,,3,Asia/Yangon,FALSE,1104666354
Ywadaw,Ywadaw,,21.1865,95.8768,Burma,MM,MMR,Mandalay,Mandalay,MM-04,region,,151.8,,,4,Asia/Yangon,TRUE,1104141024
Ywadaw,Ywadaw,,22.5219,96.0731,Burma,MM,MMR,Mandalay,Mandalay,MM-04,region,,101.0,,,4,Asia/Yangon,TRUE,1104627189
Ywadaw,Ywadaw,,20.5159,95.7010,Burma,MM,MMR,Magway,Magway,MM-03,region,,80.6,,,4,Asia/Yangon,FALSE,1104786540
Insalaung,Insalaung,,17.2570,96.3431,Burma,MM,MMR,Bago,Bago,MM-02,region,,162.5,,,4,Asia/Yangon,FALSE,1104289717
Ywadaw,Ywadaw,,22.6083,95.6317,Burma,MM,MMR,Sagaing,Sagaing,MM-01,region,,300.8,,,3,Asia/Yangon,FALSE,1104827452
Kude,Kude,,18.3501,97.1290,Burma,MM,MMR,Kayin State,Kayin State,MM-13,state,,2.6,,,5,Asia/Yangon,FALSE,1104433865
Kyar Ban,Kyar Ban,Kyaban,16.9548,97.4170,Burma,MM,MMR,Mon State,Mon State,MM-15,state,,169.9,,,4,Asia/Yangon,FALSE,1104899827
Wān Pu-hpen,Wan Pu-hpen,,20.9447,100.2504,Burma,MM,MMR,Shan State,Shan State,MM-17,state,,10.8,,,4,Asia/Yangon,FALSE,1104930695
Taklit,Taklit,,21.0478,97.5278,Burma,MM,MMR,Shan State,Shan State,MM-17,state,,98.1,,,4,Asia/Yangon,FALSE,1104042054
Taklit,Taklit,,21.0500,97.0333,Burma,MM,MMR,Shan State,Shan State,MM-17,state,,51.6,,,4,Asia/Yangon,TRUE,1104000321
Bidayi,Bidayi,,15.9757,98.1383,Burma,MM,MMR,Kayin State,Kayin State,MM-13,state,,60.5,,,4,Asia/Yangon,FALSE,1104329594
’Mba Tingkrang Ga,'Mba Tingkrang Ga,’Mba Tingkrang,26.5332,96.7271,Burma,MM,MMR,Kachin State,Kachin State,MM-11,state,,7.0,,,5,Asia/Yangon,FALSE,1104736542
Htay Ngha Hlar,Htay Ngha Hlar,,19.6934,97.1848,Burma,MM,MMR,Kayah State,Kayah State,MM-12,state,,82.3,,,4,Asia/Yangon,FALSE,1104001717
Htito,Htito,,12.9382,98.7960,Burma,MM,MMR,Tanintharyi,Tanintharyi,MM-05,region,,61.9,,,4,Asia/Yangon,FALSE,1104190717
Nampot,Nampot,,22.1617,98.2505,Burma,MM,MMR,Shan State,Shan State,MM-17,state,,26.4,,,4,Asia/Yangon,FALSE,1104814504
Mahton,Mahton,,19.7880,94.3255,Burma,MM,MMR,Rakhine State,Rakhine State,MM-16,state,,35.5,,,4,Asia/Yangon,FALSE,1104293413
Hoka,Hoka,,22.3691,97.1402,Burma,MM,MMR,Shan State,Shan State,MM-17,state,,61.0,,,4,Asia/Yangon,FALSE,1104883734
Thitya-aing,Thitya-aing,,22.7492,95.0634,Burma,MM,MMR,Sagaing,Sagaing,MM-01,region,,99.1,,,4,Asia/Yangon,FALSE,1104336564
Suphkawn,Suphkawn,Suphkawm,23.5321,97.0313,Burma,MM,MMR,Shan State,Shan State,MM-17,state,,10.1,,,4,Asia/Yangon,FALSE,1104308169
Nawngwan-gahtawng,Nawngwan-gahtawng,,24.6126,97.4394,Burma,MM,MMR,Kachin State,Kachin State,MM-11,state,,10.2,,,4,Asia/Yangon,FALSE,1104680481
Htar Laung,Htar Laung,,21.5144,93.9780,Burma,MM,MMR,Chin State,Chin State,MM-14,state,,12.8,,,4,Asia/Yangon,FALSE,1104002240
Pang-kut,Pang-kut,,22.6620,97.7408,Burma,MM,MMR,Shan State,Shan State,MM-17,state,,89.9,,,4,Asia/Yangon,FALSE,1104144169
Tamseldang,Tamseldang,,27.0500,98.4000,Burma,MM,MMR,Kachin State,Kachin State,MM-11,state,,2.4,,,5,Asia/Yangon,FALSE,1104270280
Auk Kunthidaw,Auk Kunthidaw,,11.8970,99.1788,Burma,MM,MMR,Tanintharyi,Tanintharyi,MM-05,region,,9.2,,,5,Asia/Yangon,FALSE,1104897901
Wān Na-lawn,Wan Na-lawn,,22.0002,99.6386,Burma,MM,MMR,Shan State,Shan State,MM-17,state,,44.2,,,4,Asia/Yangon,FALSE,1104393058
Kabyingyaung,Kabyingyaung,Kabyingyaung Chaung,23.5000,95.3500,Burma,MM,MMR,Sagaing,Sagaing,MM-01,region,,69.9,,,4,Asia/Yangon,FALSE,1104762898
Wān Hse-tankāt,Wan Hse-tankat,,20.7342,100.1417,Burma,MM,MMR,Shan State,Shan State,MM-17,state,,39.3,,,4,Asia/Yangon,FALSE,1104000004
Mwe Noi,Mwe Noi,,21.1837,99.7442,Burma,MM,MMR,Shan State,Shan State,MM-17,state,,46.4,,,4,Asia/Yangon,FALSE,1104256273
Wān Kyu,Wan Kyu,,20.4210,97.8299,Burma,MM,MMR,Shan State,Shan State,MM-17,state,,14.1,,,4,Asia/Yangon,FALSE,1104853753
Myingon,Myingon,,17.6363,95.1135,Burma,MM,MMR,Ayeyarwady,Ayeyarwady,MM-07,region,,95.7,,,4,Asia/Yangon,FALSE,1104562196
Sizongale,Sizongale,,22.8668,95.5718,Burma,MM,MMR,Sagaing,Sagaing,MM-01,region,,136.9,,,4,Asia/Yangon,FALSE,1104176321
Wān Tao,Wan Tao,,21.5917,99.8760,Burma,MM,MMR,Shan State,Shan State,MM-17,state,,23.4,,,4,Asia/Yangon,FALSE,1104435839
Wān Tao,Wan Tao,,21.7880,99.6371,Burma,MM,MMR,Shan State,Shan State,MM-17,state,,21.2,,,4,Asia/Yangon,TRUE,1104608574
Wān Tao,Wan Tao,,21.4389,100.4150,Burma,MM,MMR,Shan State,Shan State,MM-17,state,,17.2,,,4,Asia/Yangon,TRUE,1104945137
Htonyolaw,Htonyolaw,,17.9831,97.5569,Burma,MM,MMR,Kayin State,Kayin State,MM-13,state,,2.6,,,5,Asia/Yangon,FALSE,1104290701
Nyaung Pin Pu,Nyaung Pin Pu,,22.4913,96.0104,Burma,MM,MMR,Mandalay,Mandalay,MM-04,region,,101.0,,,4,Asia/Yangon,FALSE,1104005328
Auksu,Auksu,,16.2894,96.0004,Burma,MM,MMR,Ayeyarwady,Ayeyarwady,MM-07,region,,206.4,,,3,Asia/Yangon,FALSE,1104980982
Pinkyain Ywathit,Pinkyain Ywathit,Pinkyam Ywathit,20.0342,96.7787,Burma,MM,MMR,Shan State,Shan State,MM-17,state,,50.9,,,4,Asia/Yangon,FALSE,1104576276
Lay Myet Hnar,Lay Myet Hnar,Lemyethna,21.1565,95.8582,Burma,MM,MMR,Mandalay,Mandalay,MM-04,region,,151.8,,,3,Asia/Yangon,FALSE,1104000579
Hawwa,Hawwa,,23.9181,98.1137,Burma,MM,MMR,Shan State,Shan State,MM-17,state,,61.8,,,4,Asia/Yangon,FALSE,1104362843
Hriphi A,Hriphi A,Hripi|Hriphi,22.5469,93.3581,Burma,MM,MMR,Chin State,Chin State,MM-14,state,,14.6,,,4,Asia/Yangon,FALSE,1104569411
Bilusakan,Bilusakan,,13.0704,98.9709,Burma,MM,MMR,Tanintharyi,Tanintharyi,MM-05,region,,9.2,,,5,Asia/Yangon,FALSE,1104605136
Bungzung,Bungzung,,22.9906,93.4717,Burma,MM,MMR,Chin State,Chin State,MM-14,state,,16.7,,,4,Asia/Yangon,FALSE,1104004140
Bungzung,Bungzung,,22.2818,93.9549,Burma,MM,MMR,Chin State,Chin State,MM-14,state,,11.1,,,4,Asia/Yangon,TRUE,1104004141
Kawtodaw,Kawtodaw,,18.8241,96.8335,Burma,MM,MMR,Kayin State,Kayin State,MM-13,state,,11.2,,,4,Asia/Yangon,FALSE,1104000685
Ne Tha Mein,Ne Tha Mein,,17.0374,95.8214,Burma,MM,MMR,Yangon,Yangon,MM-06,region,,257.1,,,3,Asia/Yangon,FALSE,1104006016
Thangedaung,Thangedaung,,20.0427,96.1469,Burma,MM,MMR,Nay Pyi Taw,Nay Pyi Taw,MM-18,union territory,,45.3,,,4,Asia/Yangon,FALSE,1104775269
Mway Kyi Kone,Mway Kyi Kone,,22.2911,96.0446,Burma,MM,MMR,Mandalay,Mandalay,MM-04,region,,231.4,,,3,Asia/Yangon,FALSE,1104005705
Laungbok,Laungbok,,21.1667,92.3167,Burma,MM,MMR,Rakhine State,Rakhine State,MM-16,state,,24.2,,,4,Asia/Yangon,FALSE,1104416673
Kasin,Kasin,,16.8867,96.0825,Burma,MM,MMR,Yangon,Yangon,MM-06,region,,9606.8,,,2,Asia/Yangon,FALSE,1104720038
Si Son Kone,Si Son Kone,,19.5298,96.2818,Burma,MM,MMR,Nay Pyi Taw,Nay Pyi Taw,MM-18,union territory,,52.5,,,4,Asia/Yangon,FALSE,1104005994
Wān Hpakmaw,Wan Hpakmaw,,19.7611,98.2853,Burma,MM,MMR,Shan State,Shan State,MM-17,state,,3.3,,,5,Asia/Yangon,FALSE,1104067510
Singaing,Singaing,,19.6713,94.8972,Burma,MM,MMR,Magway,Magway,MM-03,region,,55.2,,,4,Asia/Yangon,FALSE,1104781637
Singaing,Singaing,,22.1883,95.9903,Burma,MM,MMR,Sagaing,Sagaing,MM-01,region,,244.8,,,3,Asia/Yangon,FALSE,1104000806
Singaing,Singaing,,21.7331,96.1167,Burma,MM,MMR,Mandalay,Mandalay,MM-04,region,,309.9,,,3,Asia/Yangon,FALSE,1104378631
Kyauksègan,Kyauksegan,,22.9370,95.6437,Burma,MM,MMR,Sagaing,Sagaing,MM-01,region,,70.9,,,4,Asia/Yangon,FALSE,1104801269
Hwè-yaw,Hwe-yaw,,21.0333,97.5285,Burma,MM,MMR,Shan State,Shan State,MM-17,state,,98.1,,,4,Asia/Yangon,FALSE,1104314118
Wān Lengpa-chai,Wan Lengpa-chai,Wan Lengoa-chai,23.5855,98.7436,Burma,MM,MMR,Shan State,Shan State,MM-17,state,,124.9,,,4,Asia/Yangon,FALSE,1104121358
Hrpè-hso-hku,Hrpe-hso-hku,,19.5441,97.2469,Burma,MM,MMR,Kayah State,Kayah State,MM-12,state,,64.6,,,4,Asia/Yangon,FALSE,1104314658
Kawt Hlaing Chaung,Kawt Hlaing Chaung,,17.0312,97.4333,Burma,MM,MMR,Mon State,Mon State,MM-15,state,,169.9,,,4,Asia/Yangon,FALSE,1104004192
Mān Nam-yu,Man Nam-yu,,23.8754,98.0021,Burma,MM,MMR,Shan State,Shan State,MM-17,state,,178.6,,,4,Asia/Yangon,FALSE,1104558585
Labo,Labo,,22.0870,94.8118,Burma,MM,MMR,Sagaing,Sagaing,MM-01,region,,145.0,,,4,Asia/Yangon,FALSE,1104928269
Wān Loi-mong,Wan Loi-mong,,21.1339,97.2560,Burma,MM,MMR,Shan State,Shan State,MM-17,state,,41.5,,,4,Asia/Yangon,FALSE,1104160395
Labo,Labo,,22.2288,94.1309,Burma,MM,MMR,Magway,Magway,MM-03,region,,48.1,,,4,Asia/Yangon,FALSE,1104838506
Sinhakaung,Sinhakaung,,17.2857,95.2617,Burma,MM,MMR,Ayeyarwady,Ayeyarwady,MM-07,region,,267.9,,,3,Asia/Yangon,FALSE,1104602617
Ton Lar,Ton Lar,,21.5342,93.8779,Burma,MM,MMR,Chin State,Chin State,MM-14,state,,12.8,,,4,Asia/Yangon,FALSE,1104002564
Ale Mahtein,Ale Mahtein,,19.7718,94.1108,Burma,MM,MMR,Rakhine State,Rakhine State,MM-16,state,,16.2,,,4,Asia/Yangon,FALSE,1104137072
Nam-hsan,Nam-hsan,,22.8064,97.7069,Burma,MM,MMR,Shan State,Shan State,MM-17,state,,89.9,,,4,Asia/Yangon,FALSE,1104334572
Prayang,Prayang,,26.4508,97.0838,Burma,MM,MMR,Kachin State,Kachin State,MM-11,state,,7.0,,,5,Asia/Yangon,FALSE,1104958301
Sayta,Sayta,,24.2883,94.9352,Burma,MM,MMR,Sagaing,Sagaing,MM-01,region,,26.7,,,4,Asia/Yangon,FALSE,1104254489
Wetlataw,Wetlataw,,18.1997,96.7692,Burma,MM,MMR,Bago,Bago,MM-02,region,,53.5,,,4,Asia/Yangon,FALSE,1104302550
Kawnhpa,Kawnhpa,,22.5544,99.1815,Burma,MM,MMR,Shan State,Shan State,MM-17,state,,72.5,,,4,Asia/Yangon,FALSE,1104185203
Kanbe,Kanbe,,21.5796,95.2322,Burma,MM,MMR,Magway,Magway,MM-03,region,,213.4,,,3,Asia/Yangon,FALSE,1104612637
Kanbe,Kanbe,,21.0574,95.8873,Burma,MM,MMR,Mandalay,Mandalay,MM-04,region,,151.8,,,4,Asia/Yangon,FALSE,1104812663
Kanbe,Kanbe,,16.8338,96.1660,Burma,MM,MMR,Yangon,Yangon,MM-06,region,,16257.6,,,2,Asia/Yangon,FALSE,1104391447
Kanbe,Kanbe,Kanhe,16.7073,96.0017,Burma,MM,MMR,Yangon,Yangon,MM-06,region,,350.6,,,3,Asia/Yangon,TRUE,1104092420
Hnan Pa Yoke,Hnan Pa Yoke,,14.2639,98.4372,Burma,MM,MMR,Tanintharyi,Tanintharyi,MM-05,region,,10.4,,,4,Asia/Yangon,FALSE,1104002537
Migathit,Migathit,,16.3069,97.9669,Burma,MM,MMR,Mon State,Mon State,MM-15,state,,129.2,,,4,Asia/Yangon,FALSE,1104470051
Tan Baw,Tan Baw,,25.3622,97.4802,Burma,MM,MMR,Kachin State,Kachin State,MM-11,state,,31.0,,,4,Asia/Yangon,FALSE,1104006483
Chunpang,Chunpang,,24.0325,98.5711,Burma,MM,MMR,Shan State,Shan State,MM-17,state,,43.4,,,4,Asia/Yangon,FALSE,1104458542
Hpaungzeik,Hpaungzeik,,23.2236,94.0976,Burma,MM,MMR,Sagaing,Sagaing,MM-01,region,,145.2,,,4,Asia/Yangon,FALSE,1104000555
Taungkham,Taungkham,,22.1167,96.8667,Burma,MM,MMR,Shan State,Shan State,MM-17,state,,49.1,,,4,Asia/Yangon,FALSE,1104700386
Wān Hsenhkamhöng,Wan Hsenhkamhong,,21.8233,99.3191,Burma,MM,MMR,Shan State,Shan State,MM-17,state,,18.9,,,4,Asia/Yangon,FALSE,1104178153
Wān Hsenhkamhöng,Wan Hsenhkamhong,,21.6414,99.5691,Burma,MM,MMR,Shan State,Shan State,MM-17,state,,18.9,,,4,Asia/Yangon,TRUE,1104534059
Wān Pangkawng,Wan Pangkawng,Pang-kawng,21.3563,100.0339,Burma,MM,MMR,Shan State,Shan State,MM-17,state,,23.4,,,4,Asia/Yangon,FALSE,1104062347
Kinbon,Kinbon,,17.7403,94.5419,Burma,MM,MMR,Rakhine State,Rakhine State,MM-16,state,,21.7,,,4,Asia/Yangon,FALSE,1104292541
Wān Nawnglam,Wan Nawnglam,,21.9762,98.1626,Burma,MM,MMR,Shan State,Shan State,MM-17,state,,35.0,,,4,Asia/Yangon,FALSE,1104414977
Pata,Pata,,16.7991,98.0719,Burma,MM,MMR,Kayin State,Kayin State,MM-13,state,,74.2,,,4,Asia/Yangon,FALSE,1104675473
Ah Myint Chaung,Ah Myint Chaung,,17.3999,95.7006,Burma,MM,MMR,Yangon,Yangon,MM-06,region,,177.9,,,4,Asia/Yangon,FALSE,1104006690
Lawngshe,Lawngshe,,26.9288,95.9365,Burma,MM,MMR,Sagaing,Sagaing,MM-01,region,,2.5,,,5,Asia/Yangon,FALSE,1104656575
Let Ku,Let Ku,Letku,12.9217,98.6377,Burma,MM,MMR,Tanintharyi,Tanintharyi,MM-05,region,,61.9,,,4,Asia/Yangon,FALSE,1104772826
Sakhāngyi,Sakhangyi,,17.1227,96.2199,Burma,MM,MMR,Yangon,Yangon,MM-06,region,,200.9,,,3,Asia/Yangon,FALSE,1104780398
Mān Na-hkai,Man Na-hkai,,23.5287,98.3268,Burma,MM,MMR,Shan State,Shan State,MM-17,state,,34.3,,,4,Asia/Yangon,FALSE,1104192635
Yar Hpar Dee,Yar Hpar Dee,,27.2735,98.5960,Burma,MM,MMR,Kachin State,Kachin State,MM-11,state,,2.4,,,5,Asia/Yangon,FALSE,1104009238
Takang,Takang,,22.9000,99.0667,Burma,MM,MMR,Shan State,Shan State,MM-17,state,,44.9,,,4,Asia/Yangon,FALSE,1104494003
Kin Mun Tan East,Kin Mun Tan East,,20.1040,96.2011,Burma,MM,MMR,Nay Pyi Taw,Nay Pyi Taw,MM-18,union territory,,45.3,,,4,Asia/Yangon,FALSE,1104008998
Kalephokhi,Kalephokhi,Kalephoki,17.3190,97.3836,Burma,MM,MMR,Mon State,Mon State,MM-15,state,,76.6,,,4,Asia/Yangon,FALSE,1104630037
Nambai Lung,Nambai Lung,,24.0000,97.2667,Burma,MM,MMR,Kachin State,Kachin State,MM-11,state,,17.4,,,4,Asia/Yangon,FALSE,1104840034
Kanang,Kanang,,26.5501,97.4339,Burma,MM,MMR,Kachin State,Kachin State,MM-11,state,,0.6,,,5,Asia/Yangon,FALSE,1104130137
Auk Sin Ki,Auk Sin Ki,,21.4064,93.2479,Burma,MM,MMR,Chin State,Chin State,MM-14,state,,7.7,,,5,Asia/Yangon,FALSE,1104003856
Ninglom,Ninglom,Nanglum,24.7760,97.5130,Burma,MM,MMR,Kachin State,Kachin State,MM-11,state,,10.2,,,4,Asia/Yangon,FALSE,1104420477
Gawlam,Gawlam,Ku-lang,26.0920,98.5850,Burma,MM,MMR,Kachin State,Kachin State,MM-11,state,,15.0,,,4,Asia/Shanghai,FALSE,1104437517
Könghsim,Konghsim,,22.2141,97.3333,Burma,MM,MMR,Shan State,Shan State,MM-17,state,,35.8,,,4,Asia/Yangon,FALSE,1104895817
Taung Ka Mar,Taung Ka Mar,,15.3748,97.7904,Burma,MM,MMR,Mon State,Mon State,MM-15,state,,120.1,,,4,Asia/Yangon,FALSE,1104000865
Shachawn,Shachawn,,26.6655,97.5459,Burma,MM,MMR,Kachin State,Kachin State,MM-11,state,,0.6,,,5,Asia/Yangon,FALSE,1104795473
Tha Pyay Pin,Tha Pyay Pin,,19.7968,96.2381,Burma,MM,MMR,Nay Pyi Taw,Nay Pyi Taw,MM-18,union territory,,87.7,,,4,Asia/Yangon,FALSE,1104002922
Taunggyaung,Taunggyaung,,20.6650,93.0134,Burma,MM,MMR,Rakhine State,Rakhine State,MM-16,state,,87.3,,,4,Asia/Yangon,FALSE,1104228869
Khengkang,Khengkang,,22.8953,93.6242,Burma,MM,MMR,Chin State,Chin State,MM-14,state,,16.7,,,4,Asia/Yangon,FALSE,1104001107
Wān Pawlong,Wan Pawlong,,21.2919,99.1097,Burma,MM,MMR,Shan State,Shan State,MM-17,state,,12.2,,,4,Asia/Yangon,FALSE,1104964993
Yele,Yele,,15.8841,98.1532,Burma,MM,MMR,Kayin State,Kayin State,MM-13,state,,60.5,,,4,Asia/Yangon,FALSE,1104020456
Yele,Yele,,24.2245,96.8177,Burma,MM,MMR,Kachin State,Kachin State,MM-11,state,,69.8,,,4,Asia/Yangon,FALSE,1104530141
Nanzatgyi,Nanzatgyi,Nansa,18.1985,96.6373,Burma,MM,MMR,Bago,Bago,MM-02,region,,84.1,,,4,Asia/Yangon,FALSE,1104400883
Wān Loi-mi,Wan Loi-mi,,21.6116,99.5463,Burma,MM,MMR,Shan State,Shan State,MM-17,state,,18.9,,,4,Asia/Yangon,FALSE,1104155056
Aunggon,Aunggon,,23.7074,95.5126,Burma,MM,MMR,Sagaing,Sagaing,MM-01,region,,74.5,,,4,Asia/Yangon,FALSE,1104710361
Aunggon,Aunggon,,24.0330,96.0475,Burma,MM,MMR,Sagaing,Sagaing,MM-01,region,,62.1,,,4,Asia/Yangon,TRUE,1104042871
Aunggon,Aunggon,,23.8500,95.6833,Burma,MM,MMR,Sagaing,Sagaing,MM-01,region,,53.6,,,4,Asia/Yangon,TRUE,1104463998
Aunggon,Aunggon,,23.9100,95.7640,Burma,MM,MMR,Sagaing,Sagaing,MM-01,region,,53.6,,,4,Asia/Yangon,TRUE,1104628287
Aunggon,Aunggon,Aungkon,23.9049,95.2551,Burma,MM,MMR,Sagaing,Sagaing,MM-01,region,,33.1,,,4,Asia/Yangon,TRUE,1104904531
Aunggon,Aunggon,,24.1289,95.3748,Burma,MM,MMR,Sagaing,Sagaing,MM-01,region,,33.1,,,4,Asia/Yangon,TRUE,1104075502
Aunggon,Aunggon,,24.0687,95.2088,Burma,MM,MMR,Sagaing,Sagaing,MM-01,region,,33.1,,,4,Asia/Yangon,TRUE,1104655810
Aunggon,Aunggon,,24.1831,95.5033,Burma,MM,MMR,Sagaing,Sagaing,MM-01,region,,33.1,,,4,Asia/Yangon,TRUE,1104353693
Hwè-mawnun,Hwe-mawnun,,19.0931,97.2292,Burma,MM,MMR,Kayah State,Kayah State,MM-12,state,,14.3,,,4,Asia/Yangon,FALSE,1104287249
Wunchon,Wunchon,,21.3252,94.3771,Burma,MM,MMR,Magway,Magway,MM-03,region,,62.4,,,4,Asia/Yangon,FALSE,1104197860
Daikkan,Daikkan,,17.3270,95.9079,Burma,MM,MMR,Yangon,Yangon,MM-06,region,,177.9,,,4,Asia/Yangon,FALSE,1104479228
Myay Ne Lay,Myay Ne Lay,,21.1824,94.9439,Burma,MM,MMR,Mandalay,Mandalay,MM-04,region,,174.5,,,4,Asia/Yangon,FALSE,1104004625
Hsalai,Hsalai,,21.2846,96.8892,Burma,MM,MMR,Shan State,Shan State,MM-17,state,,51.6,,,4,Asia/Yangon,FALSE,1104078971
Nyaung-ngu,Nyaung-ngu,,16.4779,96.0544,Burma,MM,MMR,Yangon,Yangon,MM-06,region,,199.4,,,4,Asia/Yangon,FALSE,1104974015
Maulvi,Maulvi,,21.1328,92.2375,Burma,MM,MMR,Rakhine State,Rakhine State,MM-16,state,,21.9,,,4,Asia/Yangon,FALSE,1104051285
Shwegyinkan,Shwegyinkan,Shwegyingan,20.4818,95.0556,Burma,MM,MMR,Magway,Magway,MM-03,region,,122.3,,,4,Asia/Yangon,FALSE,1104566674
Namwai,Namwai,,23.1119,98.0054,Burma,MM,MMR,Shan State,Shan State,MM-17,state,,89.9,,,4,Asia/Yangon,FALSE,1104766468
Chakwadām,Chakwadam,,27.4929,98.5075,Burma,MM,MMR,Kachin State,Kachin State,MM-11,state,,2.4,,,5,Asia/Yangon,FALSE,1104819869
Nyaung-u,Nyaung-u,,22.9773,95.3147,Burma,MM,MMR,Sagaing,Sagaing,MM-01,region,,87.2,,,4,Asia/Yangon,FALSE,1104616053
Kyontani,Kyontani,Kyondani,17.2337,95.4029,Burma,MM,MMR,Ayeyarwady,Ayeyarwady,MM-07,region,,256.0,,,3,Asia/Yangon,FALSE,1104000352
Kyontani,Kyontani,,16.9903,95.7289,Burma,MM,MMR,Ayeyarwady,Ayeyarwady,MM-07,region,,235.9,,,3,Asia/Yangon,TRUE,1104698583
Mèsè Ywathit,Mese Ywathit,,18.6559,97.6591,Burma,MM,MMR,Kayah State,Kayah State,MM-12,state,,2.5,,,5,Asia/Yangon,FALSE,1104034426
Loi-hpwi,Loi-hpwi,,20.8026,97.3340,Burma,MM,MMR,Shan State,Shan State,MM-17,state,,41.5,,,4,Asia/Yangon,FALSE,1104922821
Tazinaing,Tazinaing,,17.5500,95.7814,Burma,MM,MMR,Bago,Bago,MM-02,region,,139.4,,,4,Asia/Yangon,FALSE,1104172971
Gyindaw,Gyindaw,,20.5951,92.5264,Burma,MM,MMR,Rakhine State,Rakhine State,MM-16,state,,24.2,,,4,Asia/Yangon,FALSE,1104000329
Ratanpur,Ratanpur,,18.1250,96.6205,Burma,MM,MMR,Bago,Bago,MM-02,region,,84.1,,,4,Asia/Yangon,FALSE,1104410188
Kawhlansu,Kawhlansu,,17.0494,97.6596,Burma,MM,MMR,Kayin State,Kayin State,MM-13,state,,111.2,,,4,Asia/Yangon,FALSE,1104461147
Than Pa Yar Kone,Than Pa Yar Kone,,19.9865,96.2240,Burma,MM,MMR,Nay Pyi Taw,Nay Pyi Taw,MM-18,union territory,,190.5,,,4,Asia/Yangon,FALSE,1104008748
Mān Wap,Man Wap,,22.0716,97.9856,Burma,MM,MMR,Shan State,Shan State,MM-17,state,,31.6,,,4,Asia/Yangon,FALSE,1104431932
Hpa Yon Chaung,Hpa Yon Chaung,,16.5688,96.1517,Burma,MM,MMR,Yangon,Yangon,MM-06,region,,210.4,,,3,Asia/Yangon,FALSE,1104006418
Pakabo,Pakabo,,16.0086,97.9812,Burma,MM,MMR,Kayin State,Kayin State,MM-13,state,,60.5,,,4,Asia/Yangon,FALSE,1104162335
Petye,Petye,,18.2991,95.1487,Burma,MM,MMR,Ayeyarwady,Ayeyarwady,MM-07,region,,79.1,,,4,Asia/Yangon,FALSE,1104444338
He Par,He Par,,25.0719,96.3559,Burma,MM,MMR,Kachin State,Kachin State,MM-11,state,,32.1,,,4,Asia/Yangon,FALSE,1104007475
Pin Soke,Pin Soke,,21.8694,96.5507,Burma,MM,MMR,Mandalay,Mandalay,MM-04,region,,117.9,,,4,Asia/Yangon,FALSE,1104005556
Inbintha,Inbintha,,19.5759,96.1132,Burma,MM,MMR,Nay Pyi Taw,Nay Pyi Taw,MM-18,union territory,,52.5,,,4,Asia/Yangon,FALSE,1104202320
Tebokkan,Tebokkan,,20.4872,94.5987,Burma,MM,MMR,Magway,Magway,MM-03,region,,94.2,,,4,Asia/Yangon,FALSE,1104739294
Kanbyu Auk,Kanbyu Auk,,19.8243,96.6652,Burma,MM,MMR,Shan State,Shan State,MM-17,state,,50.9,,,4,Asia/Yangon,FALSE,1104121555
Kyauksaye,Kyauksaye,,21.8936,94.2216,Burma,MM,MMR,Magway,Magway,MM-03,region,,32.8,,,4,Asia/Yangon,FALSE,1104716269
Kongy,Kongy,Kongyi,23.1683,94.3460,Burma,MM,MMR,Sagaing,Sagaing,MM-01,region,,23.4,,,4,Asia/Yangon,FALSE,1104297848
Tlangkhan,Tlangkhan,,22.8922,93.5819,Burma,MM,MMR,Chin State,Chin State,MM-14,state,,16.7,,,4,Asia/Yangon,FALSE,1104002737
Pauk-taw,Pauk-taw,,21.8343,96.3769,Burma,MM,MMR,Mandalay,Mandalay,MM-04,region,,117.9,,,4,Asia/Yangon,FALSE,1104343897
Pauk-taw,Pauk-taw,,22.0860,96.5587,Burma,MM,MMR,Mandalay,Mandalay,MM-04,region,,117.9,,,4,Asia/Yangon,TRUE,1104099770
Lunghnam,Lunghnam,,22.6745,93.6824,Burma,MM,MMR,Chin State,Chin State,MM-14,state,,11.1,,,4,Asia/Yangon,FALSE,1104910783
Taungni Aukkyin,Taungni Aukkyin,,17.8271,95.1268,Burma,MM,MMR,Ayeyarwady,Ayeyarwady,MM-07,region,,120.7,,,4,Asia/Yangon,FALSE,1104236385
Pu Lin Lay,Pu Lin Lay,,21.2240,94.9868,Burma,MM,MMR,Mandalay,Mandalay,MM-04,region,,174.5,,,4,Asia/Yangon,FALSE,1104005142
Taung Ta Lone,Taung Ta Lone,,23.5792,96.0915,Burma,MM,MMR,Mandalay,Mandalay,MM-04,region,,50.0,,,4,Asia/Yangon,FALSE,1104005248
Pa Ni Pin,Pa Ni Pin,,17.5134,95.8647,Burma,MM,MMR,Yangon,Yangon,MM-06,region,,177.9,,,4,Asia/Yangon,FALSE,1104008554
Talaingzu,Talaingzu,,17.7580,96.7780,Burma,MM,MMR,Bago,Bago,MM-02,region,,150.5,,,4,Asia/Yangon,FALSE,1104678128
Tha Pyay Yoe,Tha Pyay Yoe,,21.7688,96.1092,Burma,MM,MMR,Mandalay,Mandalay,MM-04,region,,309.9,,,3,Asia/Yangon,FALSE,1104005180
Tha Pyay Yoe,Tha Pyay Yoe,,20.6905,96.0319,Burma,MM,MMR,Mandalay,Mandalay,MM-04,region,,146.4,,,4,Asia/Yangon,TRUE,1104002511
Tha Pyay Yoe,Tha Pyay Yoe,,20.7960,95.1782,Burma,MM,MMR,Mandalay,Mandalay,MM-04,region,,123.4,,,4,Asia/Yangon,TRUE,1104002510
Yawnglawng,Yawnglawng,,22.5994,98.9463,Burma,MM,MMR,Shan State,Shan State,MM-17,state,,78.9,,,4,Asia/Yangon,FALSE,1104265044
Yawnglawng,Yawnglawng,Yawngpang,22.8000,99.1333,Burma,MM,MMR,Shan State,Shan State,MM-17,state,,68.4,,,4,Asia/Yangon,TRUE,1104794634
Tawbyin,Tawbyin,,19.0975,93.6740,Burma,MM,MMR,Rakhine State,Rakhine State,MM-16,state,,122.4,,,4,Asia/Yangon,FALSE,1104724785
Linban,Linban,,19.2043,94.8345,Burma,MM,MMR,Magway,Magway,MM-03,region,,20.8,,,4,Asia/Yangon,FALSE,1104095847
Hnan Chaung,Hnan Chaung,,21.1933,92.9348,Burma,MM,MMR,Chin State,Chin State,MM-14,state,,15.8,,,4,Asia/Yangon,FALSE,1104004347
Wasalo,Wasalo,,18.6333,96.6833,Burma,MM,MMR,Kayin State,Kayin State,MM-13,state,,11.2,,,4,Asia/Yangon,FALSE,1104248418
Myingap,Myingap,,17.3351,96.4565,Burma,MM,MMR,Bago,Bago,MM-02,region,,162.5,,,4,Asia/Yangon,FALSE,1104450741
Cawnghawih,Cawnghawih,,23.1833,93.4667,Burma,MM,MMR,Chin State,Chin State,MM-14,state,,32.8,,,4,Asia/Yangon,FALSE,1104891886
Kanbalu,Kanbalu,,23.6960,95.7419,Burma,MM,MMR,Sagaing,Sagaing,MM-01,region,,74.5,,,4,Asia/Yangon,FALSE,1104765819
Kanbalu,Kanbalu,Kanbala,23.2039,95.5153,Burma,MM,MMR,Sagaing,Sagaing,MM-01,region,,70.9,,,4,Asia/Yangon,TRUE,1104378856
Wān Namkōk,Wan Namkok,,21.2783,100.5095,Burma,MM,MMR,Shan State,Shan State,MM-17,state,,21.9,,,4,Asia/Yangon,FALSE,1104944895
Sin Te Sakan,Sin Te Sakan,,17.5288,96.0106,Burma,MM,MMR,Yangon,Yangon,MM-06,region,,177.9,,,4,Asia/Yangon,FALSE,1104697121
Kanbalu,Kanbalu,,17.9134,95.3884,Burma,MM,MMR,Ayeyarwady,Ayeyarwady,MM-07,region,,134.0,,,4,Asia/Yangon,FALSE,1104974593
Taunggyi Atet,Taunggyi Atet,Taunggyi,18.7709,96.6121,Burma,MM,MMR,Kayin State,Kayin State,MM-13,state,,11.2,,,4,Asia/Yangon,FALSE,1104440430
Wān Hsa-mu,Wan Hsa-mu,Wān Hsaniu,19.9311,98.2244,Burma,MM,MMR,Shan State,Shan State,MM-17,state,,4.9,,,5,Asia/Yangon,FALSE,1104608522
Ka Thwee Dee,Ka Thwee Dee,,19.1185,96.6917,Burma,MM,MMR,Kayin State,Kayin State,MM-13,state,,37.7,,,4,Asia/Yangon,FALSE,1104007759
Wān Yawnglāk,Wan Yawnglak,,21.7110,99.1086,Burma,MM,MMR,Shan State,Shan State,MM-17,state,,18.9,,,4,Asia/Yangon,FALSE,1104994967
Thea Hpyu Kyun,Thea Hpyu Kyun,,12.0884,98.6119,Burma,MM,MMR,Tanintharyi,Tanintharyi,MM-05,region,,42.2,,,4,Asia/Yangon,FALSE,1104002040
Wān Hpya-hkao-hseng,Wan Hpya-hkao-hseng,,21.2833,100.1942,Burma,MM,MMR,Shan State,Shan State,MM-17,state,,46.4,,,4,Asia/Yangon,FALSE,1104434028
Ma-e,Ma-e,,12.4289,98.7441,Burma,MM,MMR,Tanintharyi,Tanintharyi,MM-05,region,,231.3,,,3,Asia/Yangon,FALSE,1104904283
Konbwe,Konbwe,,19.1468,93.6385,Burma,MM,MMR,Rakhine State,Rakhine State,MM-16,state,,122.4,,,4,Asia/Yangon,FALSE,1104877020
War Yit Kawng,War Yit Kawng,,24.6373,97.5661,Burma,MM,MMR,Kachin State,Kachin State,MM-11,state,,10.2,,,4,Asia/Yangon,FALSE,1104009248
Kwedwe,Kwedwe,,20.6235,93.7770,Burma,MM,MMR,Rakhine State,Rakhine State,MM-16,state,,41.8,,,4,Asia/Yangon,FALSE,1104577807
Kyawywa,Kyawywa,,20.6888,93.7416,Burma,MM,MMR,Rakhine State,Rakhine State,MM-16,state,,41.8,,,4,Asia/Yangon,FALSE,1104912997
Wān Namyāt,Wan Namyat,,20.8775,100.4688,Burma,MM,MMR,Shan State,Shan State,MM-17,state,,10.8,,,4,Asia/Yangon,FALSE,1104256351
Thu Htay Kone,Thu Htay Kone,,19.9852,96.2012,Burma,MM,MMR,Nay Pyi Taw,Nay Pyi Taw,MM-18,union territory,,190.5,,,4,Asia/Yangon,FALSE,1104008970
Onhnezan,Onhnezan,,20.1382,94.5680,Burma,MM,MMR,Magway,Magway,MM-03,region,,103.6,,,4,Asia/Yangon,FALSE,1104957415
Thu Htay Kone,Thu Htay Kone,,25.3582,96.9870,Burma,MM,MMR,Kachin State,Kachin State,MM-11,state,,44.0,,,4,Asia/Yangon,FALSE,1104007053
Segyidaw,Segyidaw,,22.0835,95.2327,Burma,MM,MMR,Sagaing,Sagaing,MM-01,region,,562.1,,,3,Asia/Yangon,FALSE,1104764481
Sègyidaw,Segyidaw,,22.1880,95.3297,Burma,MM,MMR,Sagaing,Sagaing,MM-01,region,,121.6,,,4,Asia/Yangon,TRUE,1104298661
Segyidaw,Segyidaw,,22.3039,95.5225,Burma,MM,MMR,Sagaing,Sagaing,MM-01,region,,121.6,,,4,Asia/Yangon,TRUE,1104657355
Thu Htay Kone,Thu Htay Kone,,16.5326,97.5960,Burma,MM,MMR,Mon State,Mon State,MM-15,state,,195.7,,,4,Asia/Yangon,FALSE,1104001896
Let Pan Wea,Let Pan Wea,,17.0674,95.9578,Burma,MM,MMR,Yangon,Yangon,MM-06,region,,579.7,,,3,Asia/Yangon,FALSE,1104008079
Yegyibauk,Yegyibauk,,21.8484,96.0453,Burma,MM,MMR,Mandalay,Mandalay,MM-04,region,,568.2,,,3,Asia/Yangon,FALSE,1104938945
Mān Nam Pawt,Man Nam Pawt,,22.3512,98.5184,Burma,MM,MMR,Shan State,Shan State,MM-17,state,,38.2,,,4,Asia/Yangon,FALSE,1104381950
Prung,Prung,,21.4434,93.7292,Burma,MM,MMR,Chin State,Chin State,MM-14,state,,12.8,,,4,Asia/Yangon,FALSE,1104165177
Wān Hwè-nawbo-lè,Wan Hwe-nawbo-le,,19.3457,97.7319,Burma,MM,MMR,Kayah State,Kayah State,MM-12,state,,3.0,,,5,Asia/Yangon,FALSE,1104044629
Gyoet Pin Seik,Gyoet Pin Seik,,17.2127,97.6292,Burma,MM,MMR,Kayin State,Kayin State,MM-13,state,,144.4,,,4,Asia/Yangon,FALSE,1104009191
Radui,Radui,,21.7959,93.4156,Burma,MM,MMR,Chin State,Chin State,MM-14,state,,7.8,,,5,Asia/Yangon,FALSE,1104001812
Thar Si Ywar Thit,Thar Si Ywar Thit,,21.8866,96.1910,Burma,MM,MMR,Mandalay,Mandalay,MM-04,region,,417.9,,,3,Asia/Yangon,FALSE,1104004773
Pinzin,Pinzin,,22.3676,95.7287,Burma,MM,MMR,Sagaing,Sagaing,MM-01,region,,146.0,,,4,Asia/Yangon,FALSE,1104150969
Kun Sai Yang,Kun Sai Yang,,26.2348,96.7137,Burma,MM,MMR,Kachin State,Kachin State,MM-11,state,,7.0,,,5,Asia/Yangon,FALSE,1104006805
Kar Ma Hta,Kar Ma Hta,,17.6279,97.3703,Burma,MM,MMR,Kayin State,Kayin State,MM-13,state,,137.6,,,4,Asia/Yangon,FALSE,1104006295
Kyein Chaung,Kyein Chaung,,21.0931,92.8745,Burma,MM,MMR,Chin State,Chin State,MM-14,state,,15.8,,,4,Asia/Yangon,FALSE,1104001739
Zingyaung,Zingyaung,,20.9016,92.9835,Burma,MM,MMR,Rakhine State,Rakhine State,MM-16,state,,87.3,,,4,Asia/Yangon,FALSE,1104346845
Nan Wen,Nan Wen,,21.0052,97.3154,Burma,MM,MMR,Shan State,Shan State,MM-17,state,,41.5,,,4,Asia/Yangon,FALSE,1104887243
Mān Namta,Man Namta,,23.5165,97.6042,Burma,MM,MMR,Shan State,Shan State,MM-17,state,,84.4,,,4,Asia/Yangon,FALSE,1104741219
Tabyegyi,Tabyegyi,,18.9916,96.5411,Burma,MM,MMR,Bago,Bago,MM-02,region,,145.3,,,4,Asia/Yangon,FALSE,1104021852
Saze Kywèdè,Saze Kywede,Sazē,17.8005,96.8872,Burma,MM,MMR,Bago,Bago,MM-02,region,,42.2,,,4,Asia/Yangon,FALSE,1104351845
Salzang,Salzang,,23.5577,93.7273,Burma,MM,MMR,Chin State,Chin State,MM-14,state,,7.9,,,5,Asia/Yangon,FALSE,1104291437
Kyaung Chaung,Kyaung Chaung,,21.5372,92.7422,Burma,MM,MMR,Chin State,Chin State,MM-14,state,,15.8,,,4,Asia/Yangon,FALSE,1104001562
Kainggyi-u,Kainggyi-u,,23.8348,95.8758,Burma,MM,MMR,Sagaing,Sagaing,MM-01,region,,74.5,,,4,Asia/Yangon,FALSE,1104347012
Set Hteik,Set Hteik,,22.0521,96.1434,Burma,MM,MMR,Mandalay,Mandalay,MM-04,region,,417.9,,,3,Asia/Yangon,FALSE,1104005647
Nyaungnigyin,Nyaungnigyin,,20.8673,95.0050,Burma,MM,MMR,Mandalay,Mandalay,MM-04,region,,174.5,,,4,Asia/Yangon,FALSE,1104056094
Wān Ho-pong,Wan Ho-pong,,21.6504,98.5281,Burma,MM,MMR,Shan State,Shan State,MM-17,state,,40.2,,,4,Asia/Yangon,FALSE,1104331138
Wān Ho-pong,Wan Ho-pong,,20.1948,97.6840,Burma,MM,MMR,Shan State,Shan State,MM-17,state,,14.8,,,4,Asia/Yangon,TRUE,1104170657
Pyinmalwin,Pyinmalwin,,17.7080,96.5930,Burma,MM,MMR,Bago,Bago,MM-02,region,,150.5,,,4,Asia/Yangon,FALSE,1104078082
Wān Nā-yok,Wan Na-yok,,20.7854,98.2804,Burma,MM,MMR,Shan State,Shan State,MM-17,state,,11.1,,,4,Asia/Yangon,FALSE,1104696728
Kyaukpyudaing,Kyaukpyudaing,,22.0401,95.0979,Burma,MM,MMR,Sagaing,Sagaing,MM-01,region,,175.0,,,4,Asia/Yangon,FALSE,1104373442
Dawwè-nè,Dawwe-ne,,19.3816,97.3991,Burma,MM,MMR,Kayah State,Kayah State,MM-12,state,,64.6,,,4,Asia/Yangon,FALSE,1104305917
Satchida,Satchida,,21.3170,94.0002,Burma,MM,MMR,Chin State,Chin State,MM-14,state,,12.8,,,4,Asia/Yangon,FALSE,1104768375
Pyaleik,Pyaleik,Pyaleikchaun,16.2832,95.1280,Burma,MM,MMR,Ayeyarwady,Ayeyarwady,MM-07,region,,246.9,,,3,Asia/Yangon,FALSE,1104589551
Kawpawdo,Kawpawdo,,18.1699,97.5032,Burma,MM,MMR,Kayin State,Kayin State,MM-13,state,,2.6,,,5,Asia/Yangon,FALSE,1104010984
Myat San,Myat San,Myasan,16.9306,97.4303,Burma,MM,MMR,Mon State,Mon State,MM-15,state,,169.9,,,4,Asia/Yangon,FALSE,1104550355
Tandawzeik,Tandawzeik,,22.1889,95.6586,Burma,MM,MMR,Sagaing,Sagaing,MM-01,region,,246.4,,,3,Asia/Yangon,FALSE,1104975965
Naywedaw,Naywedaw,,21.3614,95.7239,Burma,MM,MMR,Mandalay,Mandalay,MM-04,region,,130.1,,,4,Asia/Yangon,FALSE,1104413083
Leium A,Leium A,,22.3296,93.8946,Burma,MM,MMR,Chin State,Chin State,MM-14,state,,11.1,,,4,Asia/Yangon,FALSE,1104001899
Kongsot,Kongsot,,20.1992,97.1883,Burma,MM,MMR,Shan State,Shan State,MM-17,state,,77.7,,,4,Asia/Yangon,FALSE,1104577810
Taungbyi,Taungbyi,,18.8775,93.5829,Burma,MM,MMR,Rakhine State,Rakhine State,MM-16,state,,100.2,,,4,Asia/Yangon,FALSE,1104319334
Tluangram A,Tluangram A,,22.4954,93.1674,Burma,MM,MMR,Chin State,Chin State,MM-14,state,,14.6,,,4,Asia/Yangon,FALSE,1104002369
Ngamaw Ga,Ngamaw Ga,,26.2425,96.5935,Burma,MM,MMR,Kachin State,Kachin State,MM-11,state,,7.0,,,5,Asia/Yangon,FALSE,1104593463
Tagu,Tagu,,23.5121,97.2534,Burma,MM,MMR,Shan State,Shan State,MM-17,state,,16.7,,,4,Asia/Yangon,FALSE,1104374247
Yae Pone,Yae Pone,,12.4656,98.6253,Burma,MM,MMR,Tanintharyi,Tanintharyi,MM-05,region,,231.3,,,3,Asia/Yangon,FALSE,1104004051
Laitang,Laitang,,25.2087,96.8163,Burma,MM,MMR,Kachin State,Kachin State,MM-11,state,,44.0,,,4,Asia/Yangon,FALSE,1104214504
Gaungdoma,Gaungdoma,,16.9167,94.9333,Burma,MM,MMR,Ayeyarwady,Ayeyarwady,MM-07,region,,210.6,,,3,Asia/Yangon,FALSE,1104328064
Htee Tar Doe Pei,Htee Tar Doe Pei,,17.4506,97.7987,Burma,MM,MMR,Kayin State,Kayin State,MM-13,state,,17.2,,,4,Asia/Yangon,FALSE,1104006105
Lar War,Lar War,,19.1059,97.0550,Burma,MM,MMR,Kayah State,Kayah State,MM-12,state,,17.5,,,4,Asia/Yangon,FALSE,1104001755
Mān Nampung,Man Nampung,,23.2067,98.7506,Burma,MM,MMR,Shan State,Shan State,MM-17,state,,15.1,,,4,Asia/Yangon,FALSE,1104781147
Kasan Ga,Kasan Ga,,26.2478,96.7017,Burma,MM,MMR,Kachin State,Kachin State,MM-11,state,,7.0,,,5,Asia/Yangon,FALSE,1104150411
Thadin,Thadin,,22.0146,94.7708,Burma,MM,MMR,Sagaing,Sagaing,MM-01,region,,87.8,,,4,Asia/Yangon,FALSE,1104727145
Peinnegon,Peinnegon,Peinhnègôn,23.0040,95.3518,Burma,MM,MMR,Sagaing,Sagaing,MM-01,region,,87.2,,,4,Asia/Yangon,FALSE,1104168103
Peinnegôn,Peinnegon,,23.9337,96.0396,Burma,MM,MMR,Sagaing,Sagaing,MM-01,region,,68.9,,,4,Asia/Yangon,TRUE,1104574133
Peinnegon,Peinnegon,Pemnegon,24.1117,95.8786,Burma,MM,MMR,Sagaing,Sagaing,MM-01,region,,53.6,,,4,Asia/Yangon,TRUE,1104181630
Peinnegon,Peinnegon,,23.8610,95.7191,Burma,MM,MMR,Sagaing,Sagaing,MM-01,region,,53.6,,,4,Asia/Yangon,TRUE,1104193815
Peinnègon,Peinnegon,,23.5359,95.0518,Burma,MM,MMR,Sagaing,Sagaing,MM-01,region,,36.6,,,4,Asia/Yangon,TRUE,1104124554
Peinnegon,Peinnegon,,24.1579,95.6056,Burma,MM,MMR,Sagaing,Sagaing,MM-01,region,,33.1,,,4,Asia/Yangon,TRUE,1104157885
Buga,Buga,,20.6012,94.4944,Burma,MM,MMR,Magway,Magway,MM-03,region,,94.2,,,4,Asia/Yangon,FALSE,1104651136
Peinnegon,Peinnegon,,16.8818,96.1035,Burma,MM,MMR,Yangon,Yangon,MM-06,region,,11785.7,,,2,Asia/Yangon,FALSE,1104333349
Peinnegon,Peinnegon,,17.0674,96.1016,Burma,MM,MMR,Yangon,Yangon,MM-06,region,,2431.0,,,2,Asia/Yangon,TRUE,1104271719
Peinnegon,Peinnegon,,16.6372,96.0298,Burma,MM,MMR,Yangon,Yangon,MM-06,region,,218.5,,,3,Asia/Yangon,TRUE,1104405400
Peinnegon,Peinnegon,,17.5258,95.8816,Burma,MM,MMR,Yangon,Yangon,MM-06,region,,177.9,,,4,Asia/Yangon,TRUE,1104111283
Peinnegôn,Peinnegon,,15.9138,94.9805,Burma,MM,MMR,Ayeyarwady,Ayeyarwady,MM-07,region,,80.2,,,4,Asia/Yangon,FALSE,1104439962
Methaung,Methaung,,17.7545,97.0543,Burma,MM,MMR,Bago,Bago,MM-02,region,,42.2,,,4,Asia/Yangon,FALSE,1104226206
Wu Yang,Wu Yang,,25.3663,97.5029,Burma,MM,MMR,Kachin State,Kachin State,MM-11,state,,31.0,,,4,Asia/Yangon,FALSE,1104006664
Nlung-imnu,Nlung-imnu,,21.0792,93.7548,Burma,MM,MMR,Chin State,Chin State,MM-14,state,,8.4,,,5,Asia/Yangon,FALSE,1104021909
Methaung,Methaung,,17.4023,95.6732,Burma,MM,MMR,Ayeyarwady,Ayeyarwady,MM-07,region,,274.2,,,3,Asia/Yangon,FALSE,1104528936
Mān Namwai,Man Namwai,,23.0614,98.5281,Burma,MM,MMR,Shan State,Shan State,MM-17,state,,89.9,,,4,Asia/Yangon,FALSE,1104135826
Seiknyan,Seiknyan,,21.4339,95.2937,Burma,MM,MMR,Mandalay,Mandalay,MM-04,region,,268.2,,,3,Asia/Yangon,FALSE,1104015424
Thu Ngeit Chaung,Thu Ngeit Chaung,,17.1608,96.3170,Burma,MM,MMR,Yangon,Yangon,MM-06,region,,200.9,,,3,Asia/Yangon,FALSE,1104008124
Pangmai-nyè,Pangmai-nye,,19.8114,97.0438,Burma,MM,MMR,Shan State,Shan State,MM-17,state,,55.3,,,4,Asia/Yangon,FALSE,1104132150
Dayin,Dayin,,16.6482,95.1665,Burma,MM,MMR,Ayeyarwady,Ayeyarwady,MM-07,region,,244.9,,,3,Asia/Yangon,FALSE,1104841525
Nhkram,Nhkram,,25.0883,97.6441,Burma,MM,MMR,Kachin State,Kachin State,MM-11,state,,31.0,,,4,Asia/Yangon,FALSE,1104070173
Ngapôngôn,Ngapongon,,16.0203,94.8952,Burma,MM,MMR,Ayeyarwady,Ayeyarwady,MM-07,region,,142.4,,,4,Asia/Yangon,FALSE,1104188860
Lophei,Lophei,,23.2513,93.7374,Burma,MM,MMR,Chin State,Chin State,MM-14,state,,35.9,,,4,Asia/Yangon,FALSE,1104584276
Ngapongon,Ngapongon,,19.5121,94.6791,Burma,MM,MMR,Magway,Magway,MM-03,region,,20.8,,,4,Asia/Yangon,FALSE,1104404115
Mān Kapna,Man Kapna,,23.1568,98.2675,Burma,MM,MMR,Shan State,Shan State,MM-17,state,,89.9,,,4,Asia/Yangon,FALSE,1104615722
Letpantha,Letpantha,,21.9650,95.6705,Burma,MM,MMR,Sagaing,Sagaing,MM-01,region,,246.4,,,3,Asia/Yangon,FALSE,1104015532
Letpantha,Letpantha,,22.2139,95.6098,Burma,MM,MMR,Sagaing,Sagaing,MM-01,region,,133.9,,,4,Asia/Yangon,TRUE,1104962510
Letpantha,Letpantha,,24.3956,94.7702,Burma,MM,MMR,Sagaing,Sagaing,MM-01,region,,23.7,,,4,Asia/Yangon,TRUE,1104982005
Letpantha,Letpantha,,24.7695,94.8845,Burma,MM,MMR,Sagaing,Sagaing,MM-01,region,,23.7,,,4,Asia/Yangon,TRUE,1104458206
Yathan,Yathan,,22.7092,95.6324,Burma,MM,MMR,Sagaing,Sagaing,MM-01,region,,137.1,,,4,Asia/Yangon,FALSE,1104771946
Lai-tawng,Lai-tawng,,21.0736,97.9278,Burma,MM,MMR,Shan State,Shan State,MM-17,state,,16.7,,,4,Asia/Yangon,FALSE,1104626813
Tagugyan,Tagugyan,,16.9308,96.0737,Burma,MM,MMR,Yangon,Yangon,MM-06,region,,9245.4,,,2,Asia/Yangon,FALSE,1104652281
Tagugyan,Tagugyan,,16.5062,96.0698,Burma,MM,MMR,Yangon,Yangon,MM-06,region,,210.4,,,3,Asia/Yangon,TRUE,1104421379
Atharaw,Atharaw,,17.6757,95.6586,Burma,MM,MMR,Bago,Bago,MM-02,region,,139.4,,,4,Asia/Yangon,FALSE,1104183604
Yegamogin,Yegamogin,Yagamogin,21.6531,94.5412,Burma,MM,MMR,Magway,Magway,MM-03,region,,62.4,,,4,Asia/Yangon,FALSE,1104196063
Mai-tom,Mai-tom,,23.8900,96.8478,Burma,MM,MMR,Shan State,Shan State,MM-17,state,,11.7,,,4,Asia/Yangon,FALSE,1104307570
Namngai,Namngai,,20.2717,97.1222,Burma,MM,MMR,Shan State,Shan State,MM-17,state,,73.5,,,4,Asia/Yangon,FALSE,1104607840
Setlet,Setlet,,17.9906,96.9377,Burma,MM,MMR,Bago,Bago,MM-02,region,,42.2,,,4,Asia/Yangon,FALSE,1104451973
Taing Wei,Taing Wei,,21.3079,92.8298,Burma,MM,MMR,Chin State,Chin State,MM-14,state,,15.8,,,4,Asia/Yangon,FALSE,1104898181
Okpo,Okpo,,16.9727,96.0882,Burma,MM,MMR,Yangon,Yangon,MM-06,region,,6979.0,,,2,Asia/Yangon,FALSE,1104950452
Okpo,Okpo,,16.9936,96.2756,Burma,MM,MMR,Yangon,Yangon,MM-06,region,,1942.5,,,3,Asia/Yangon,TRUE,1104323725
Okpo,Okpo,,16.9369,96.4706,Burma,MM,MMR,Yangon,Yangon,MM-06,region,,296.9,,,3,Asia/Yangon,TRUE,1104649701
Okpo,Okpo,,17.1032,95.8726,Burma,MM,MMR,Yangon,Yangon,MM-06,region,,276.0,,,3,Asia/Yangon,TRUE,1104994521
Okpo,Okpo,,22.2930,96.2590,Burma,MM,MMR,Mandalay,Mandalay,MM-04,region,,231.4,,,3,Asia/Yangon,FALSE,1104177912
Okpo,Okpo,,20.8918,95.4694,Burma,MM,MMR,Mandalay,Mandalay,MM-04,region,,123.4,,,4,Asia/Yangon,TRUE,1104658373
Okpo,Okpo,,20.1286,94.9300,Burma,MM,MMR,Magway,Magway,MM-03,region,,152.4,,,4,Asia/Yangon,FALSE,1104581607
Okpo,Okpo,,20.3258,94.5688,Burma,MM,MMR,Magway,Magway,MM-03,region,,124.0,,,4,Asia/Yangon,TRUE,1104016308
Ôkpo,Okpo,,21.7418,94.8242,Burma,MM,MMR,Magway,Magway,MM-03,region,,99.1,,,4,Asia/Yangon,TRUE,1104736965
Okpo,Okpo,,20.4903,95.2687,Burma,MM,MMR,Magway,Magway,MM-03,region,,80.6,,,4,Asia/Yangon,TRUE,1104303439
Ôkpo,Okpo,,19.2915,95.0156,Burma,MM,MMR,Magway,Magway,MM-03,region,,79.4,,,4,Asia/Yangon,TRUE,1104846751
Ôkpo,Okpo,,19.3650,95.1924,Burma,MM,MMR,Magway,Magway,MM-03,region,,79.4,,,4,Asia/Yangon,TRUE,1104168808
Okpo,Okpo,,19.0406,95.0943,Burma,MM,MMR,Magway,Magway,MM-03,region,,59.9,,,4,Asia/Yangon,TRUE,1104116381
Okpo,Okpo,,19.3505,94.7379,Burma,MM,MMR,Magway,Magway,MM-03,region,,20.8,,,4,Asia/Yangon,TRUE,1104766830
Okpo,Okpo,,18.3001,95.5867,Burma,MM,MMR,Bago,Bago,MM-02,region,,250.9,,,3,Asia/Yangon,FALSE,1104057438
Okpo,Okpo,,18.3200,95.6838,Burma,MM,MMR,Bago,Bago,MM-02,region,,250.9,,,3,Asia/Yangon,TRUE,1104270057
Okpo,Okpo,,17.5493,96.8679,Burma,MM,MMR,Bago,Bago,MM-02,region,,178.3,,,4,Asia/Yangon,TRUE,1104435058
Okpo,Okpo,,17.6269,96.3171,Burma,MM,MMR,Bago,Bago,MM-02,region,,162.5,,,4,Asia/Yangon,TRUE,1104725676
Okpo,Okpo,,17.3616,96.4878,Burma,MM,MMR,Bago,Bago,MM-02,region,,162.5,,,4,Asia/Yangon,TRUE,1104655195
Okpo,Okpo,,18.6208,96.4233,Burma,MM,MMR,Bago,Bago,MM-02,region,,106.4,,,4,Asia/Yangon,TRUE,1104650032
Okpo,Okpo,,18.7076,96.3897,Burma,MM,MMR,Bago,Bago,MM-02,region,,106.4,,,4,Asia/Yangon,TRUE,1104639166
Okpo,Okpo,,17.9979,96.5290,Burma,MM,MMR,Bago,Bago,MM-02,region,,84.1,,,4,Asia/Yangon,TRUE,1104587279
Lungwai,Lungwai,,23.0544,98.1544,Burma,MM,MMR,Shan State,Shan State,MM-17,state,,89.9,,,4,Asia/Yangon,FALSE,1104039192
Sonhmyok,Sonhmyok,,19.2821,94.2191,Burma,MM,MMR,Rakhine State,Rakhine State,MM-16,state,,22.5,,,4,Asia/Yangon,FALSE,1104063364
Aung Zay Phyo,Aung Zay Phyo,,21.1712,95.2811,Burma,MM,MMR,Mandalay,Mandalay,MM-04,region,,150.0,,,4,Asia/Yangon,FALSE,1104005190
Khamon,Khamon,,16.5800,95.5019,Burma,MM,MMR,Ayeyarwady,Ayeyarwady,MM-07,region,,218.6,,,3,Asia/Yangon,FALSE,1104640410
War Kauk Taw,War Kauk Taw,,16.4311,95.9524,Burma,MM,MMR,Yangon,Yangon,MM-06,region,,199.4,,,4,Asia/Yangon,FALSE,1104008206
Ponglong,Ponglong,,22.6752,96.9759,Burma,MM,MMR,Shan State,Shan State,MM-17,state,,41.2,,,4,Asia/Yangon,FALSE,1104994515
Ponglong,Ponglong,,21.5790,97.9281,Burma,MM,MMR,Shan State,Shan State,MM-17,state,,16.4,,,4,Asia/Yangon,TRUE,1104007876
Wetthet,Wetthet,,21.7877,94.0631,Burma,MM,MMR,Magway,Magway,MM-03,region,,32.8,,,4,Asia/Yangon,FALSE,1104635458
Nan Taung,Nan Taung,,12.9717,98.6605,Burma,MM,MMR,Tanintharyi,Tanintharyi,MM-05,region,,61.9,,,4,Asia/Yangon,FALSE,1104002033
Sidaw,Sidaw,,15.1731,97.7990,Burma,MM,MMR,Mon State,Mon State,MM-15,state,,25.9,,,4,Asia/Yangon,FALSE,1104661694
Thamongaing,Thamongaing,,21.4601,95.4532,Burma,MM,MMR,Mandalay,Mandalay,MM-04,region,,268.2,,,3,Asia/Yangon,FALSE,1104805391
Peinnebin Sakan,Peinnebin Sakan,,18.3961,97.3425,Burma,MM,MMR,Kayin State,Kayin State,MM-13,state,,2.6,,,5,Asia/Yangon,FALSE,1104891699
Payongyaung,Payongyaung,,16.5690,96.1517,Burma,MM,MMR,Yangon,Yangon,MM-06,region,,210.4,,,3,Asia/Yangon,FALSE,1104708967
Ka Byar Wa,Ka Byar Wa,,15.0660,97.7887,Burma,MM,MMR,Mon State,Mon State,MM-15,state,,25.9,,,4,Asia/Yangon,FALSE,1104002605
Thit Pa Lway Kan,Thit Pa Lway Kan,Thitpalwegan,21.1134,95.9094,Burma,MM,MMR,Mandalay,Mandalay,MM-04,region,,151.8,,,4,Asia/Yangon,FALSE,1104108215
Kawlfang,Kawlfang,,23.0490,93.8935,Burma,MM,MMR,Chin State,Chin State,MM-14,state,,16.7,,,4,Asia/Yangon,FALSE,1104003161
Teza,Teza,,13.0365,98.6653,Burma,MM,MMR,Tanintharyi,Tanintharyi,MM-05,region,,61.9,,,4,Asia/Yangon,FALSE,1104459349
Teza,Teza,,20.3523,94.3246,Burma,MM,MMR,Magway,Magway,MM-03,region,,15.1,,,4,Asia/Yangon,FALSE,1104883571
Wān Loi-sawn,Wan Loi-sawn,,21.0254,97.4612,Burma,MM,MMR,Shan State,Shan State,MM-17,state,,98.1,,,4,Asia/Yangon,FALSE,1104274451
Thayetkyin,Thayetkyin,,23.6409,95.4132,Burma,MM,MMR,Sagaing,Sagaing,MM-01,region,,74.5,,,4,Asia/Yangon,FALSE,1104882074
Kunpu-kè,Kunpu-ke,,19.9591,97.6106,Burma,MM,MMR,Shan State,Shan State,MM-17,state,,14.8,,,4,Asia/Yangon,FALSE,1104530682
Wān Kongnio,Wan Kongnio,Wān Kongnoi,21.7930,98.0225,Burma,MM,MMR,Shan State,Shan State,MM-17,state,,31.6,,,4,Asia/Yangon,FALSE,1104768103
Nawngpu-möng,Nawngpu-mong,,20.3029,98.2077,Burma,MM,MMR,Shan State,Shan State,MM-17,state,,11.1,,,4,Asia/Yangon,FALSE,1104298250
Kyauk Sar,Kyauk Sar,,20.5498,96.1497,Burma,MM,MMR,Mandalay,Mandalay,MM-04,region,,136.9,,,4,Asia/Yangon,FALSE,1104004390
Nawngkawnggyi,Nawngkawnggyi,Nawngkawngkyi,20.0703,97.5334,Burma,MM,MMR,Shan State,Shan State,MM-17,state,,14.8,,,4,Asia/Yangon,FALSE,1104985734
Pàmaö,Pamao,,22.7405,96.9869,Burma,MM,MMR,Shan State,Shan State,MM-17,state,,41.2,,,4,Asia/Yangon,FALSE,1104877598
Paochu,Paochu,,25.5017,96.7018,Burma,MM,MMR,Kachin State,Kachin State,MM-11,state,,18.6,,,4,Asia/Yangon,FALSE,1104096896
Lwegyaung,Lwegyaung,Lwechaung,24.5726,95.6963,Burma,MM,MMR,Sagaing,Sagaing,MM-01,region,,32.0,,,4,Asia/Yangon,FALSE,1104320073
Pāngpala,Pangpala,,22.1499,97.2709,Burma,MM,MMR,Shan State,Shan State,MM-17,state,,35.8,,,4,Asia/Yangon,FALSE,1104079818
Tamangon,Tamangon,,17.9575,95.3777,Burma,MM,MMR,Ayeyarwady,Ayeyarwady,MM-07,region,,135.5,,,4,Asia/Yangon,FALSE,1104733526
Ngawt-savit,Ngawt-savit,,22.9715,96.9718,Burma,MM,MMR,Shan State,Shan State,MM-17,state,,41.2,,,4,Asia/Yangon,FALSE,1104859731
Thetkethaung,Thetkethaung,,15.9985,94.5291,Burma,MM,MMR,Ayeyarwady,Ayeyarwady,MM-07,region,,129.4,,,4,Asia/Yangon,FALSE,1104772652
Ah Pyo Gyi Te Su,Ah Pyo Gyi Te Su,,16.8813,96.5628,Burma,MM,MMR,Yangon,Yangon,MM-06,region,,296.9,,,3,Asia/Yangon,FALSE,1104008960
Ingale,Ingale,,17.1862,96.3391,Burma,MM,MMR,Yangon,Yangon,MM-06,region,,162.5,,,4,Asia/Yangon,FALSE,1104017774
Wān Pa-lan,Wan Pa-lan,,20.4349,100.0343,Burma,MM,MMR,Shan State,Shan State,MM-17,state,,66.3,,,4,Asia/Yangon,FALSE,1104162656
Wān Pa-lan,Wan Pa-lan,,20.8242,100.3011,Burma,MM,MMR,Shan State,Shan State,MM-17,state,,10.8,,,4,Asia/Yangon,TRUE,1104483268
Ingale,Ingale,Wāta,17.3215,96.3339,Burma,MM,MMR,Bago,Bago,MM-02,region,,162.5,,,4,Asia/Yangon,FALSE,1104623950
Lin-ten,Lin-ten,,22.2821,97.9609,Burma,MM,MMR,Shan State,Shan State,MM-17,state,,26.4,,,4,Asia/Yangon,FALSE,1104396516
Leu,Leu,,24.4461,94.4106,Burma,MM,MMR,Sagaing,Sagaing,MM-01,region,,35.6,,,4,Asia/Yangon,FALSE,1104755087
Gyogyandan,Gyogyandan,,18.3322,95.2047,Burma,MM,MMR,Ayeyarwady,Ayeyarwady,MM-07,region,,79.1,,,4,Asia/Yangon,FALSE,1104940624
Thayetpinzeik,Thayetpinzeik,,18.1205,95.7045,Burma,MM,MMR,Bago,Bago,MM-02,region,,114.8,,,4,Asia/Yangon,FALSE,1104645911
Lebyingan,Lebyingan,,20.6160,95.2037,Burma,MM,MMR,Magway,Magway,MM-03,region,,80.6,,,4,Asia/Yangon,FALSE,1104829010
Lekhi,Lekhi,,18.6497,97.0363,Burma,MM,MMR,Kayin State,Kayin State,MM-13,state,,2.6,,,5,Asia/Yangon,FALSE,1104860794
Wān Sa-lawng,Wan Sa-lawng,Salawng,20.0138,97.7401,Burma,MM,MMR,Shan State,Shan State,MM-17,state,,14.1,,,4,Asia/Yangon,FALSE,1104075097
Htee Kone,Htee Kone,,20.0759,96.2529,Burma,MM,MMR,Nay Pyi Taw,Nay Pyi Taw,MM-18,union territory,,45.3,,,4,Asia/Yangon,FALSE,1104008915
Panmaw,Panmaw,Pyan myaw,16.3740,94.2455,Burma,MM,MMR,Ayeyarwady,Ayeyarwady,MM-07,region,,33.4,,,4,Asia/Yangon,FALSE,1104043943
Ah Lel Chaung North,Ah Lel Chaung North,,21.0993,95.6875,Burma,MM,MMR,Mandalay,Mandalay,MM-04,region,,114.6,,,4,Asia/Yangon,FALSE,1104002932
Wān Na-henghkam,Wan Na-henghkam,,19.3939,97.7808,Burma,MM,MMR,Kayah State,Kayah State,MM-12,state,,3.0,,,5,Asia/Yangon,FALSE,1104643519
Paya-amagon,Paya-amagon,,22.1134,96.0471,Burma,MM,MMR,Mandalay,Mandalay,MM-04,region,,231.4,,,3,Asia/Yangon,FALSE,1104321445
Tihpul,Tihpul,,22.7667,93.6500,Burma,MM,MMR,Chin State,Chin State,MM-14,state,,11.1,,,4,Asia/Yangon,FALSE,1104258455
Hpondawbye,Hpondawbye,,15.9286,94.4581,Burma,MM,MMR,Ayeyarwady,Ayeyarwady,MM-07,region,,129.4,,,4,Asia/Yangon,FALSE,1104003268
Lakyin,Lakyin,,12.3875,99.1068,Burma,MM,MMR,Tanintharyi,Tanintharyi,MM-05,region,,9.2,,,5,Asia/Yangon,FALSE,1104207915
Konni,Konni,,21.7279,96.0779,Burma,MM,MMR,Mandalay,Mandalay,MM-04,region,,309.9,,,3,Asia/Yangon,FALSE,1104104020
Sindaung,Sindaung,,21.3559,96.8406,Burma,MM,MMR,Shan State,Shan State,MM-17,state,,51.6,,,4,Asia/Yangon,FALSE,1104633310
Sindaung,Sindaung,,20.0667,96.8000,Burma,MM,MMR,Shan State,Shan State,MM-17,state,,50.9,,,4,Asia/Yangon,TRUE,1104627293
Singat,Singat,,21.0549,96.7068,Burma,MM,MMR,Shan State,Shan State,MM-17,state,,134.8,,,4,Asia/Yangon,FALSE,1104834696
Kwinma,Kwinma,,22.3440,95.6281,Burma,MM,MMR,Sagaing,Sagaing,MM-01,region,,146.0,,,4,Asia/Yangon,FALSE,1104410020
Kanhtang,Kanhtang,,23.4558,97.9958,Burma,MM,MMR,Shan State,Shan State,MM-17,state,,60.4,,,4,Asia/Yangon,FALSE,1104042539
Karengahtawng,Karengahtawng,Karen Ga,25.3950,96.4755,Burma,MM,MMR,Kachin State,Kachin State,MM-11,state,,18.6,,,4,Asia/Yangon,FALSE,1104850520
Mān Mow,Man Mow,,23.0521,98.1581,Burma,MM,MMR,Shan State,Shan State,MM-17,state,,89.9,,,4,Asia/Yangon,FALSE,1104762210
Kanyinmyaung,Kanyinmyaung,,18.2193,96.4445,Burma,MM,MMR,Bago,Bago,MM-02,region,,84.1,,,4,Asia/Yangon,FALSE,1104675286
Chaukywa,Chaukywa,,16.6713,95.4706,Burma,MM,MMR,Ayeyarwady,Ayeyarwady,MM-07,region,,213.3,,,3,Asia/Yangon,FALSE,1104311962
Chaukywa,Chaukywa,,17.7146,95.2010,Burma,MM,MMR,Ayeyarwady,Ayeyarwady,MM-07,region,,120.7,,,4,Asia/Yangon,TRUE,1104547049
Gyoe Gyar Thar Hla,Gyoe Gyar Thar Hla,,20.2531,96.1700,Burma,MM,MMR,Nay Pyi Taw,Nay Pyi Taw,MM-18,union territory,,48.0,,,4,Asia/Yangon,FALSE,1104007370
Lepokaw,Lepokaw,,17.6412,97.5637,Burma,MM,MMR,Kayin State,Kayin State,MM-13,state,,14.8,,,4,Asia/Yangon,FALSE,1104593327
Let Pan Taw,Let Pan Taw,,20.1104,96.1839,Burma,MM,MMR,Nay Pyi Taw,Nay Pyi Taw,MM-18,union territory,,45.3,,,4,Asia/Yangon,FALSE,1104008423
Sein Long,Sein Long,,24.2475,97.5040,Burma,MM,MMR,Kachin State,Kachin State,MM-11,state,,44.5,,,4,Asia/Yangon,FALSE,1104008229
Natkadaw,Natkadaw,,16.2126,94.8324,Burma,MM,MMR,Ayeyarwady,Ayeyarwady,MM-07,region,,142.4,,,4,Asia/Yangon,FALSE,1104431528
Pāngnang,Pangnang,,22.9595,98.1793,Burma,MM,MMR,Shan State,Shan State,MM-17,state,,89.9,,,4,Asia/Yangon,FALSE,1104081956
Pangnang,Pangnang,,21.7281,98.3534,Burma,MM,MMR,Shan State,Shan State,MM-17,state,,40.2,,,4,Asia/Yangon,TRUE,1104485823
Pangnang,Pangnang,,23.3001,97.3099,Burma,MM,MMR,Shan State,Shan State,MM-17,state,,16.7,,,4,Asia/Yangon,TRUE,1104409940
Mothigon,Mothigon,,21.9884,96.1550,Burma,MM,MMR,Mandalay,Mandalay,MM-04,region,,417.9,,,3,Asia/Yangon,FALSE,1104072024
Mayatha,Mayatha,,23.7087,95.2685,Burma,MM,MMR,Sagaing,Sagaing,MM-01,region,,36.6,,,4,Asia/Yangon,FALSE,1104427361
Sinthewa,Sinthewa,,19.7053,96.2825,Burma,MM,MMR,Nay Pyi Taw,Nay Pyi Taw,MM-18,union territory,,65.2,,,4,Asia/Yangon,FALSE,1104385981
Mān Sao-la,Man Sao-la,,23.3875,97.5300,Burma,MM,MMR,Shan State,Shan State,MM-17,state,,16.7,,,4,Asia/Yangon,FALSE,1104437895
Leingon,Leingon,,17.0010,96.0482,Burma,MM,MMR,Yangon,Yangon,MM-06,region,,1234.1,,,3,Asia/Yangon,FALSE,1104715616
Shwegyaungbyin,Shwegyaungbyin,,18.4785,94.3533,Burma,MM,MMR,Rakhine State,Rakhine State,MM-16,state,,32.3,,,4,Asia/Yangon,FALSE,1104981276
Alanwa,Alanwa,,16.5782,95.4906,Burma,MM,MMR,Ayeyarwady,Ayeyarwady,MM-07,region,,213.3,,,3,Asia/Yangon,FALSE,1104106720
Hkyangale,Hkyangale,,16.7971,95.9992,Burma,MM,MMR,Yangon,Yangon,MM-06,region,,350.6,,,3,Asia/Yangon,FALSE,1104256294
Hön-lawn,Hon-lawn,,22.6816,97.6244,Burma,MM,MMR,Shan State,Shan State,MM-17,state,,89.9,,,4,Asia/Yangon,FALSE,1104344209
Pebin-inywa,Pebin-inywa,,20.5632,96.9387,Burma,MM,MMR,Shan State,Shan State,MM-17,state,,146.3,,,4,Asia/Yangon,FALSE,1104843622
Kingyaung,Kingyaung,,16.4494,95.7379,Burma,MM,MMR,Ayeyarwady,Ayeyarwady,MM-07,region,,206.5,,,3,Asia/Yangon,FALSE,1104584620
Htee Doe Hta,Htee Doe Hta,,17.8313,97.4843,Burma,MM,MMR,Kayin State,Kayin State,MM-13,state,,14.8,,,4,Asia/Yangon,FALSE,1104008486
Ba Hpang,Ba Hpang,,23.7003,97.2313,Burma,MM,MMR,Kachin State,Kachin State,MM-11,state,,17.4,,,4,Asia/Yangon,FALSE,1104632420
Hseng Yar Ywar Thit,Hseng Yar Ywar Thit,,25.7459,96.3772,Burma,MM,MMR,Kachin State,Kachin State,MM-11,state,,74.0,,,4,Asia/Yangon,FALSE,1104009219
Wān Bokhtrö,Wan Bokhtro,,21.9531,99.5745,Burma,MM,MMR,Shan State,Shan State,MM-17,state,,39.3,,,4,Asia/Yangon,FALSE,1104036074
Sha Ba Kawng,Sha Ba Kawng,,26.5177,97.5347,Burma,MM,MMR,Kachin State,Kachin State,MM-11,state,,0.6,,,5,Asia/Yangon,FALSE,1104006207
Par Pawng,Par Pawng,,24.3095,97.1689,Burma,MM,MMR,Kachin State,Kachin State,MM-11,state,,89.5,,,4,Asia/Yangon,FALSE,1104009198
Hu-huk,Hu-huk,,23.0467,97.2402,Burma,MM,MMR,Shan State,Shan State,MM-17,state,,51.3,,,4,Asia/Yangon,FALSE,1104942011
Minwa Taung,Minwa Taung,Minywa Taung,20.1522,95.0567,Burma,MM,MMR,Magway,Magway,MM-03,region,,152.4,,,4,Asia/Yangon,FALSE,1104313968
Mohauk,Mohauk,,23.0978,96.4605,Burma,MM,MMR,Shan State,Shan State,MM-17,state,,25.0,,,4,Asia/Yangon,FALSE,1104014921
Nancha,Nancha,Mancha,24.0860,98.8400,Burma,MM,MMR,Shan State,Shan State,MM-17,state,,43.4,,,4,Asia/Yangon,FALSE,1104000012
Shweyaungdwe,Shweyaungdwe,,18.4457,95.2443,Burma,MM,MMR,Bago,Bago,MM-02,region,,180.7,,,4,Asia/Yangon,FALSE,1104959847
Dawhprē-tu,Dawhpre-tu,,19.4001,97.3482,Burma,MM,MMR,Kayah State,Kayah State,MM-12,state,,64.6,,,4,Asia/Yangon,FALSE,1104888973
Tilum,Tilum,,23.0918,93.4983,Burma,MM,MMR,Chin State,Chin State,MM-14,state,,16.7,,,4,Asia/Yangon,FALSE,1104004161
Moreh,Moreh,Nampalein,24.2500,94.3167,Burma,MM,MMR,Sagaing,Sagaing,MM-01,region,,54.9,,,4,Asia/Yangon,FALSE,1104281132
Wet Swei Hpyu,Wet Swei Hpyu,,15.5544,97.9120,Burma,MM,MMR,Mon State,Mon State,MM-15,state,,90.4,,,4,Asia/Yangon,FALSE,1104001362
Kataung,Kataung,,20.3333,94.8167,Burma,MM,MMR,Magway,Magway,MM-03,region,,124.0,,,4,Asia/Yangon,FALSE,1104308629
Nonywa,Nonywa,Monywa,22.2495,95.0378,Burma,MM,MMR,Sagaing,Sagaing,MM-01,region,,145.0,,,4,Asia/Yangon,FALSE,1104187096
Nônywa,Nonywa,,22.1085,94.8827,Burma,MM,MMR,Sagaing,Sagaing,MM-01,region,,145.0,,,4,Asia/Yangon,TRUE,1104650886
Ywar Lay Paing,Ywar Lay Paing,,16.6240,97.3404,Burma,MM,MMR,Mon State,Mon State,MM-15,state,,195.7,,,4,Asia/Yangon,FALSE,1104003350
Zokhua,Zokhua,,22.5381,93.6844,Burma,MM,MMR,Chin State,Chin State,MM-14,state,,11.1,,,4,Asia/Yangon,FALSE,1104375760
Dahatpin Sakan,Dahatpin Sakan,,19.7721,94.9357,Burma,MM,MMR,Magway,Magway,MM-03,region,,55.2,,,4,Asia/Yangon,FALSE,1104965806
Hsinhkamhsau,Hsinhkamhsau,,20.4450,99.2456,Burma,MM,MMR,Shan State,Shan State,MM-17,state,,31.2,,,4,Asia/Yangon,FALSE,1104164526
Pa-sao-sin,Pa-sao-sin,,23.7500,98.7500,Burma,MM,MMR,Shan State,Shan State,MM-17,state,,124.9,,,4,Asia/Yangon,FALSE,1104856364
Ti Thea Lel,Ti Thea Lel,,16.2550,98.7360,Burma,MM,MMR,Kayin State,Kayin State,MM-13,state,,15.9,,,4,Asia/Yangon,FALSE,1104009177
Ah Pyin Yae Kyaw,Ah Pyin Yae Kyaw,,16.5963,95.8838,Burma,MM,MMR,Yangon,Yangon,MM-06,region,,345.6,,,3,Asia/Yangon,FALSE,1104009405
Ah Pyin Yae Kyaw,Ah Pyin Yae Kyaw,,17.0301,95.9198,Burma,MM,MMR,Yangon,Yangon,MM-06,region,,276.0,,,3,Asia/Yangon,TRUE,1104009404
Khurelaw,Khurelaw,,17.9294,97.1932,Burma,MM,MMR,Kayin State,Kayin State,MM-13,state,,2.6,,,5,Asia/Yangon,FALSE,1104388731
Pauktaik,Pauktaik,,22.1739,94.7995,Burma,MM,MMR,Sagaing,Sagaing,MM-01,region,,145.0,,,4,Asia/Yangon,FALSE,1104477605
Kyangun,Kyangun,Kyangan,17.2612,96.3338,Burma,MM,MMR,Bago,Bago,MM-02,region,,162.5,,,4,Asia/Yangon,FALSE,1104857644
Kanglai,Kanglai,,22.2400,97.5017,Burma,MM,MMR,Shan State,Shan State,MM-17,state,,35.8,,,4,Asia/Yangon,FALSE,1104353754
Malakyun,Malakyun,,19.3821,93.4834,Burma,MM,MMR,Rakhine State,Rakhine State,MM-16,state,,122.4,,,4,Asia/Yangon,FALSE,1104527264
Kohawdo,Kohawdo,,19.0020,96.8740,Burma,MM,MMR,Kayin State,Kayin State,MM-13,state,,37.7,,,4,Asia/Yangon,FALSE,1104892313
Wān Kyaung,Wan Kyaung,,21.3705,97.8248,Burma,MM,MMR,Shan State,Shan State,MM-17,state,,21.4,,,4,Asia/Yangon,FALSE,1104830559
Wān Hpa,Wan Hpa,,21.3234,99.6183,Burma,MM,MMR,Shan State,Shan State,MM-17,state,,46.4,,,4,Asia/Yangon,FALSE,1104345263
Wān Hpa,Wan Hpa,,21.7022,98.5343,Burma,MM,MMR,Shan State,Shan State,MM-17,state,,40.2,,,4,Asia/Yangon,TRUE,1104287698
Wān Hpa,Wan Hpa,,21.0254,100.1939,Burma,MM,MMR,Shan State,Shan State,MM-17,state,,16.9,,,4,Asia/Yangon,TRUE,1104244670
Wān Hpā,Wan Hpa,,20.1814,98.4572,Burma,MM,MMR,Shan State,Shan State,MM-17,state,,11.1,,,4,Asia/Yangon,TRUE,1104524580
Kadingyi,Kadingyi,,12.9163,98.7823,Burma,MM,MMR,Tanintharyi,Tanintharyi,MM-05,region,,61.9,,,4,Asia/Yangon,FALSE,1104977587
Tatmingyaungywa,Tatmingyaungywa,Tatmingyaung,20.8842,92.4775,Burma,MM,MMR,Rakhine State,Rakhine State,MM-16,state,,21.2,,,4,Asia/Yangon,FALSE,1104612815
Bon Shey Kone,Bon Shey Kone,,16.9761,96.0988,Burma,MM,MMR,Yangon,Yangon,MM-06,region,,6979.0,,,2,Asia/Yangon,FALSE,1104008351
Yae Mon,Yae Mon,Yemon,12.9451,98.5973,Burma,MM,MMR,Tanintharyi,Tanintharyi,MM-05,region,,61.9,,,4,Asia/Yangon,FALSE,1104855214
Tinhmaw,Tinhmaw,,23.5370,95.7244,Burma,MM,MMR,Sagaing,Sagaing,MM-01,region,,70.9,,,4,Asia/Yangon,FALSE,1104582310
Na-mong,Na-mong,,22.2988,96.8574,Burma,MM,MMR,Shan State,Shan State,MM-17,state,,49.1,,,4,Asia/Yangon,FALSE,1104257830
Na-möng,Na-mong,,22.6100,98.1894,Burma,MM,MMR,Shan State,Shan State,MM-17,state,,38.2,,,4,Asia/Yangon,TRUE,1104907090
Na-möng,Na-mong,,22.8423,98.1045,Burma,MM,MMR,Shan State,Shan State,MM-17,state,,38.2,,,4,Asia/Yangon,TRUE,1104609273
Nā-mong,Na-mong,,22.5772,97.8030,Burma,MM,MMR,Shan State,Shan State,MM-17,state,,31.3,,,4,Asia/Yangon,TRUE,1104750903
Na-möng,Na-mong,,20.8609,98.9368,Burma,MM,MMR,Shan State,Shan State,MM-17,state,,12.1,,,4,Asia/Yangon,TRUE,1104231306
Htangsan,Htangsan,,26.1787,95.2831,Burma,MM,MMR,Sagaing,Sagaing,MM-01,region,,13.7,,,4,Asia/Yangon,FALSE,1104290930
Kywèzwè,Kywezwe,,22.9328,95.3772,Burma,MM,MMR,Sagaing,Sagaing,MM-01,region,,87.2,,,4,Asia/Yangon,FALSE,1104091160
Thagala,Thagala,,19.8644,96.2047,Burma,MM,MMR,Nay Pyi Taw,Nay Pyi Taw,MM-18,union territory,,190.5,,,4,Asia/Yangon,FALSE,1104107477
Ngadandi,Ngadandi,,19.0818,94.2328,Burma,MM,MMR,Rakhine State,Rakhine State,MM-16,state,,22.5,,,4,Asia/Yangon,FALSE,1104297317
Na-hka,Na-hka,,22.8616,97.9958,Burma,MM,MMR,Shan State,Shan State,MM-17,state,,89.9,,,4,Asia/Yangon,FALSE,1104197530
Na-hka,Na-hka,,23.7771,98.3909,Burma,MM,MMR,Shan State,Shan State,MM-17,state,,34.3,,,4,Asia/Yangon,TRUE,1104344023
Nā-hka,Na-hka,,20.3412,97.8069,Burma,MM,MMR,Shan State,Shan State,MM-17,state,,14.8,,,4,Asia/Yangon,TRUE,1104053772
Taung Yar Hte,Taung Yar Hte,,12.4006,98.7948,Burma,MM,MMR,Tanintharyi,Tanintharyi,MM-05,region,,231.3,,,3,Asia/Yangon,FALSE,1104001766
Panghkan,Panghkan,,20.5214,97.5857,Burma,MM,MMR,Shan State,Shan State,MM-17,state,,40.0,,,4,Asia/Yangon,FALSE,1104721458
Khin Gyi Ya,Khin Gyi Ya,,20.5831,96.0810,Burma,MM,MMR,Mandalay,Mandalay,MM-04,region,,146.4,,,4,Asia/Yangon,FALSE,1104002863
Thetkègyin,Thetkegyin,,22.0935,95.2020,Burma,MM,MMR,Sagaing,Sagaing,MM-01,region,,562.1,,,3,Asia/Yangon,FALSE,1104803668
Thetkegyin,Thetkegyin,,22.0534,94.5298,Burma,MM,MMR,Sagaing,Sagaing,MM-01,region,,87.8,,,4,Asia/Yangon,TRUE,1104338678
Thetkegyin,Thetkegyin,,23.9673,96.3937,Burma,MM,MMR,Sagaing,Sagaing,MM-01,region,,76.5,,,4,Asia/Yangon,TRUE,1104211984
Thetkegyin,Thetkegyin,,23.7380,96.1752,Burma,MM,MMR,Sagaing,Sagaing,MM-01,region,,70.8,,,4,Asia/Yangon,TRUE,1104159790
Thetkegyin,Thetkegyin,,24.2730,96.1248,Burma,MM,MMR,Sagaing,Sagaing,MM-01,region,,62.1,,,4,Asia/Yangon,TRUE,1104172845
Thetkegyin,Thetkegyin,,24.0627,95.9023,Burma,MM,MMR,Sagaing,Sagaing,MM-01,region,,53.6,,,4,Asia/Yangon,TRUE,1104393883
Thetkegyin,Thetkegyin,,23.4730,95.1333,Burma,MM,MMR,Sagaing,Sagaing,MM-01,region,,36.6,,,4,Asia/Yangon,TRUE,1104223470
Thetkegyin,Thetkegyin,,24.2042,94.8137,Burma,MM,MMR,Sagaing,Sagaing,MM-01,region,,26.7,,,4,Asia/Yangon,TRUE,1104511868
Thetkegyin,Thetkegyin,,24.3559,94.8521,Burma,MM,MMR,Sagaing,Sagaing,MM-01,region,,26.7,,,4,Asia/Yangon,TRUE,1104611114
Thetkegyin,Thetkegyin,,23.2033,94.6100,Burma,MM,MMR,Sagaing,Sagaing,MM-01,region,,23.4,,,4,Asia/Yangon,TRUE,1104733130
Thetkegyin,Thetkegyin,,19.0505,96.2230,Burma,MM,MMR,Bago,Bago,MM-02,region,,145.3,,,4,Asia/Yangon,FALSE,1104989803
Thetkegyin,Thetkegyin,,21.2883,94.2863,Burma,MM,MMR,Magway,Magway,MM-03,region,,62.4,,,4,Asia/Yangon,FALSE,1104035067
Thetkegyin,Thetkegyin,,20.1825,94.2594,Burma,MM,MMR,Magway,Magway,MM-03,region,,15.1,,,4,Asia/Yangon,TRUE,1104722820
Thetkegyin,Thetkegyin,,21.5641,95.8375,Burma,MM,MMR,Mandalay,Mandalay,MM-04,region,,137.7,,,4,Asia/Yangon,FALSE,1104866258
Thetkegyin,Thetkegyin,,17.0256,94.6990,Burma,MM,MMR,Ayeyarwady,Ayeyarwady,MM-07,region,,80.6,,,4,Asia/Yangon,FALSE,1104741977
Kuntawng,Kuntawng,,24.8658,95.0244,Burma,MM,MMR,Sagaing,Sagaing,MM-01,region,,23.7,,,4,Asia/Yangon,FALSE,1104917659
Kalanzin,Kalanzin,,19.7282,95.0469,Burma,MM,MMR,Magway,Magway,MM-03,region,,52.3,,,4,Asia/Yangon,FALSE,1104656836
Baw Thar,Baw Thar,,21.4909,93.9132,Burma,MM,MMR,Chin State,Chin State,MM-14,state,,12.8,,,4,Asia/Yangon,FALSE,1104004284
Wān Tao-long,Wan Tao-long,,20.5912,100.1458,Burma,MM,MMR,Shan State,Shan State,MM-17,state,,66.3,,,4,Asia/Yangon,FALSE,1104063520
Mônbin,Monbin,,21.9021,94.5441,Burma,MM,MMR,Sagaing,Sagaing,MM-01,region,,87.8,,,4,Asia/Yangon,FALSE,1104405318
Monbin,Monbin,,23.2905,95.0654,Burma,MM,MMR,Sagaing,Sagaing,MM-01,region,,85.8,,,4,Asia/Yangon,TRUE,1104403959
Kawnglai,Kawnglai,,22.7296,98.9885,Burma,MM,MMR,Shan State,Shan State,MM-17,state,,72.5,,,4,Asia/Yangon,FALSE,1104104684
Wān Tungong,Wan Tungong,Wān Tunglöng,21.0806,99.6981,Burma,MM,MMR,Shan State,Shan State,MM-17,state,,46.4,,,4,Asia/Yangon,FALSE,1104743196
Dogon,Dogon,,17.9017,95.2801,Burma,MM,MMR,Ayeyarwady,Ayeyarwady,MM-07,region,,120.7,,,4,Asia/Yangon,FALSE,1104096829
Nyaungbin,Nyaungbin,,18.8495,94.9857,Burma,MM,MMR,Bago,Bago,MM-02,region,,56.3,,,4,Asia/Yangon,FALSE,1104400771
Nyaungbin,Nyaungbin,,21.4077,95.1810,Burma,MM,MMR,Magway,Magway,MM-03,region,,214.5,,,3,Asia/Yangon,FALSE,1104373521
Nyaungbin,Nyaungbin,,21.6474,95.1450,Burma,MM,MMR,Magway,Magway,MM-03,region,,213.4,,,3,Asia/Yangon,TRUE,1104501080
Nyaungbin,Nyaungbin,,20.3638,94.6967,Burma,MM,MMR,Magway,Magway,MM-03,region,,124.0,,,4,Asia/Yangon,TRUE,1104900379
Nyaungbin,Nyaungbin,,20.7408,94.6508,Burma,MM,MMR,Magway,Magway,MM-03,region,,94.2,,,4,Asia/Yangon,TRUE,1104020476
Nyaungbin,Nyaungbin,,22.1397,95.2439,Burma,MM,MMR,Sagaing,Sagaing,MM-01,region,,562.1,,,3,Asia/Yangon,FALSE,1104254491
Nyaungbin,Nyaungbin,,23.4542,95.0841,Burma,MM,MMR,Sagaing,Sagaing,MM-01,region,,36.6,,,4,Asia/Yangon,TRUE,1104648130
Nyaungbin,Nyaungbin,,16.9237,96.3262,Burma,MM,MMR,Yangon,Yangon,MM-06,region,,2503.6,,,2,Asia/Yangon,FALSE,1104773748
Nyaungbin,Nyaungbin,,16.6258,96.1509,Burma,MM,MMR,Yangon,Yangon,MM-06,region,,840.2,,,3,Asia/Yangon,TRUE,1104488128
Nyaungbin,Nyaungbin,,16.8639,96.3945,Burma,MM,MMR,Yangon,Yangon,MM-06,region,,353.0,,,3,Asia/Yangon,TRUE,1104683274
Nyaungbin,Nyaungbin,,17.8427,95.4218,Burma,MM,MMR,Ayeyarwady,Ayeyarwady,MM-07,region,,120.7,,,4,Asia/Yangon,FALSE,1104052316
Nyaungbin,Nyaungbin,,21.4345,95.3154,Burma,MM,MMR,Mandalay,Mandalay,MM-04,region,,268.2,,,3,Asia/Yangon,FALSE,1104164745
Nyaungbin,Nyaungbin,,21.4725,95.4925,Burma,MM,MMR,Mandalay,Mandalay,MM-04,region,,268.2,,,3,Asia/Yangon,TRUE,1104030876
Nyaungbin,Nyaungbin,Nyaunghin,23.0020,96.5486,Burma,MM,MMR,Mandalay,Mandalay,MM-04,region,,130.3,,,4,Asia/Yangon,TRUE,1104003952
Nyaungbin,Nyaungbin,,21.4031,95.9306,Burma,MM,MMR,Mandalay,Mandalay,MM-04,region,,130.1,,,4,Asia/Yangon,TRUE,1104913504
Ke Sakan,Ke Sakan,,22.0749,94.2662,Burma,MM,MMR,Magway,Magway,MM-03,region,,48.1,,,4,Asia/Yangon,FALSE,1104179149
Yenatha,Yenatha,,23.2289,94.1830,Burma,MM,MMR,Sagaing,Sagaing,MM-01,region,,145.2,,,4,Asia/Yangon,FALSE,1104082155
Konkailon,Konkailon,,25.3692,94.7659,Burma,MM,MMR,Sagaing,Sagaing,MM-01,region,,10.1,,,4,Asia/Yangon,FALSE,1104826908
Yenatha,Yenatha,,22.3052,96.1480,Burma,MM,MMR,Mandalay,Mandalay,MM-04,region,,231.4,,,3,Asia/Yangon,FALSE,1104308898
Man Ku Hta,Man Ku Hta,,26.8201,98.4930,Burma,MM,MMR,Kachin State,Kachin State,MM-11,state,,2.4,,,5,Asia/Yangon,FALSE,1104008128
Tā Hkè,Ta Hke,,21.5244,98.5663,Burma,MM,MMR,Shan State,Shan State,MM-17,state,,12.6,,,4,Asia/Yangon,FALSE,1104208425
Kywēgo,Kywego,,20.2711,93.3492,Burma,MM,MMR,Rakhine State,Rakhine State,MM-16,state,,41.8,,,4,Asia/Yangon,FALSE,1104740505
Nam-mai-kut,Nam-mai-kut,,22.5494,97.5304,Burma,MM,MMR,Shan State,Shan State,MM-17,state,,35.8,,,4,Asia/Yangon,FALSE,1104041034
Nam-mai-kut,Nam-mai-kut,,22.3203,97.4679,Burma,MM,MMR,Shan State,Shan State,MM-17,state,,35.8,,,4,Asia/Yangon,TRUE,1104886073
Zee Hpyu Kone,Zee Hpyu Kone,,19.6676,96.1354,Burma,MM,MMR,Nay Pyi Taw,Nay Pyi Taw,MM-18,union territory,,137.2,,,4,Asia/Yangon,FALSE,1104054087
Sonde,Sonde,,21.2513,95.6168,Burma,MM,MMR,Mandalay,Mandalay,MM-04,region,,128.5,,,4,Asia/Yangon,FALSE,1104398887
Ah Hleit,Ah Hleit,,20.9521,96.0097,Burma,MM,MMR,Mandalay,Mandalay,MM-04,region,,91.9,,,4,Asia/Yangon,FALSE,1104001162
Saolagahtawng,Saolagahtawng,Saola Ga,25.9244,96.8321,Burma,MM,MMR,Kachin State,Kachin State,MM-11,state,,74.0,,,4,Asia/Yangon,FALSE,1104518362
Zee Hpyu Kone,Zee Hpyu Kone,,19.5940,97.2187,Burma,MM,MMR,Kayah State,Kayah State,MM-12,state,,64.6,,,4,Asia/Yangon,FALSE,1104001889
Ban Baw,Ban Baw,,23.8170,98.3883,Burma,MM,MMR,Shan State,Shan State,MM-17,state,,34.3,,,4,Asia/Yangon,FALSE,1104690864
Ki Phu,Ki Phu,,19.5603,97.0826,Burma,MM,MMR,Kayah State,Kayah State,MM-12,state,,64.6,,,4,Asia/Yangon,FALSE,1104002586
Pyindaung,Pyindaung,,19.2339,95.5361,Burma,MM,MMR,Magway,Magway,MM-03,region,,80.2,,,4,Asia/Yangon,FALSE,1104658204
Pyindaung,Pyindaung,,19.3130,95.1351,Burma,MM,MMR,Magway,Magway,MM-03,region,,79.4,,,4,Asia/Yangon,TRUE,1104712541
Pyindaung,Pyindaung,,19.0100,94.9335,Burma,MM,MMR,Magway,Magway,MM-03,region,,59.9,,,4,Asia/Yangon,TRUE,1104207824
Pyindaung,Pyindaung,,19.7706,94.6651,Burma,MM,MMR,Magway,Magway,MM-03,region,,55.2,,,4,Asia/Yangon,TRUE,1104146265
Tawnghkai-ho-na,Tawnghkai-ho-na,,20.2843,98.4465,Burma,MM,MMR,Shan State,Shan State,MM-17,state,,11.1,,,4,Asia/Yangon,FALSE,1104737398
Sanle,Sanle,Sanie,19.4318,94.9630,Burma,MM,MMR,Magway,Magway,MM-03,region,,79.4,,,4,Asia/Yangon,FALSE,1104495193
Sanle,Sanle,,19.6229,94.6560,Burma,MM,MMR,Magway,Magway,MM-03,region,,55.2,,,4,Asia/Yangon,TRUE,1104692395
Akyat-in,Akyat-in,Akya-in,18.4654,96.4944,Burma,MM,MMR,Bago,Bago,MM-02,region,,106.3,,,4,Asia/Yangon,FALSE,1104000811
Lay Ein Tan,Lay Ein Tan,,17.3633,95.7036,Burma,MM,MMR,Yangon,Yangon,MM-06,region,,177.9,,,4,Asia/Yangon,FALSE,1104006306
Tunhon,Tunhon,,24.4274,97.4453,Burma,MM,MMR,Kachin State,Kachin State,MM-11,state,,44.5,,,4,Asia/Yangon,FALSE,1104575090
Nawngnim,Nawngnim,,22.2122,97.4213,Burma,MM,MMR,Shan State,Shan State,MM-17,state,,35.8,,,4,Asia/Yangon,FALSE,1104569439
Tocho,Tocho,,21.1906,93.1308,Burma,MM,MMR,Chin State,Chin State,MM-14,state,,7.7,,,5,Asia/Yangon,FALSE,1104276022
Daw Ta Char,Daw Ta Char,Dawta-cha,19.6579,97.2771,Burma,MM,MMR,Kayah State,Kayah State,MM-12,state,,82.3,,,4,Asia/Yangon,FALSE,1104002039
Kyauktongyaung,Kyauktongyaung,,13.7890,98.7062,Burma,MM,MMR,Tanintharyi,Tanintharyi,MM-05,region,,25.4,,,4,Asia/Yangon,FALSE,1104812971
Myogyan,Myogyan,,18.4201,95.5243,Burma,MM,MMR,Bago,Bago,MM-02,region,,122.8,,,4,Asia/Yangon,FALSE,1104778031
Yone Pin,Yone Pin,,24.3338,96.6232,Burma,MM,MMR,Kachin State,Kachin State,MM-11,state,,69.8,,,4,Asia/Yangon,FALSE,1104006298
Sa Dup,Sa Dup,,27.3836,98.4608,Burma,MM,MMR,Kachin State,Kachin State,MM-11,state,,2.4,,,5,Asia/Yangon,FALSE,1104009116
Bagan Taung,Bagan Taung,,16.8555,96.3685,Burma,MM,MMR,Yangon,Yangon,MM-06,region,,829.0,,,3,Asia/Yangon,FALSE,1104006332
Ta-ni-dawla,Ta-ni-dawla,,19.5120,97.0523,Burma,MM,MMR,Kayah State,Kayah State,MM-12,state,,64.6,,,4,Asia/Yangon,FALSE,1104147305
Yaung Chi oo,Yaung Chi oo,,21.1992,95.3755,Burma,MM,MMR,Mandalay,Mandalay,MM-04,region,,150.0,,,4,Asia/Yangon,FALSE,1104005143
Sittaung,Sittaung,,24.1626,94.5893,Burma,MM,MMR,Sagaing,Sagaing,MM-01,region,,26.7,,,4,Asia/Yangon,FALSE,1104391771
Loi Se,Loi Se,,24.5260,97.3630,Burma,MM,MMR,Kachin State,Kachin State,MM-11,state,,44.5,,,4,Asia/Yangon,FALSE,1104008791
Thamangyin,Thamangyin,,19.9019,94.8980,Burma,MM,MMR,Magway,Magway,MM-03,region,,55.2,,,4,Asia/Yangon,FALSE,1104035158
Pindin,Pindin,,22.8179,95.6422,Burma,MM,MMR,Sagaing,Sagaing,MM-01,region,,137.1,,,4,Asia/Yangon,FALSE,1104190227
Pindin,Pindin,,22.8991,94.6224,Burma,MM,MMR,Sagaing,Sagaing,MM-01,region,,25.9,,,4,Asia/Yangon,TRUE,1104386034
Laikawng,Laikawng,,25.7645,97.7934,Burma,MM,MMR,Kachin State,Kachin State,MM-11,state,,0.4,,,5,Asia/Yangon,FALSE,1104583860
No-pi,No-pi,,19.6431,97.2207,Burma,MM,MMR,Kayah State,Kayah State,MM-12,state,,82.3,,,4,Asia/Yangon,FALSE,1104286227
Myauk-taw,Myauk-taw,,22.1087,96.4962,Burma,MM,MMR,Mandalay,Mandalay,MM-04,region,,117.9,,,4,Asia/Yangon,FALSE,1104216935
Kabin,Kabin,,16.7059,96.0131,Burma,MM,MMR,Yangon,Yangon,MM-06,region,,350.6,,,3,Asia/Yangon,FALSE,1104194772
Kabin,Kabin,,12.5298,98.6978,Burma,MM,MMR,Tanintharyi,Tanintharyi,MM-05,region,,231.3,,,3,Asia/Yangon,FALSE,1104181867
Kabin,Kabin,,11.7833,98.8500,Burma,MM,MMR,Tanintharyi,Tanintharyi,MM-05,region,,42.2,,,3,Asia/Yangon,TRUE,1104626216
Kabin,Kabin,,12.0084,98.5457,Burma,MM,MMR,Tanintharyi,Tanintharyi,MM-05,region,,42.2,,,4,Asia/Yangon,TRUE,1104282858
Kan Pat Yoe,Kan Pat Yoe,,16.7238,95.9917,Burma,MM,MMR,Yangon,Yangon,MM-06,region,,350.6,,,3,Asia/Yangon,FALSE,1104006075
Ta Pun,Ta Pun,,17.0210,95.9221,Burma,MM,MMR,Yangon,Yangon,MM-06,region,,276.0,,,3,Asia/Yangon,FALSE,1104007698
Auyawpa,Auyawpa,,17.4571,96.3358,Burma,MM,MMR,Bago,Bago,MM-02,region,,162.5,,,4,Asia/Yangon,FALSE,1104039988
Pa Thaung,Pa Thaung,Pathaung,12.3531,98.7827,Burma,MM,MMR,Tanintharyi,Tanintharyi,MM-05,region,,231.3,,,3,Asia/Yangon,FALSE,1104241433
Wān Ten,Wan Ten,,21.3108,99.6957,Burma,MM,MMR,Shan State,Shan State,MM-17,state,,46.4,,,4,Asia/Yangon,FALSE,1104062008
Po Pa Kun Zu,Po Pa Kun Zu,,17.6607,96.8611,Burma,MM,MMR,Bago,Bago,MM-02,region,,162.0,,,4,Asia/Yangon,FALSE,1104427955
Shin Hla North,Shin Hla North,,22.2088,96.0315,Burma,MM,MMR,Mandalay,Mandalay,MM-04,region,,231.4,,,3,Asia/Yangon,FALSE,1104005511
Nyaunggyin,Nyaunggyin,Nyaungkyit,21.8699,95.6836,Burma,MM,MMR,Mandalay,Mandalay,MM-04,region,,126.5,,,4,Asia/Yangon,FALSE,1104898057
Nyaunggyin,Nyaunggyin,,23.0270,96.0161,Burma,MM,MMR,Mandalay,Mandalay,MM-04,region,,64.9,,,4,Asia/Yangon,TRUE,1104849533
Utha,Utha,,23.1458,95.5329,Burma,MM,MMR,Sagaing,Sagaing,MM-01,region,,70.9,,,4,Asia/Yangon,FALSE,1104035555
Nawngmawn,Nawngmawn,,24.5756,95.1744,Burma,MM,MMR,Sagaing,Sagaing,MM-01,region,,23.7,,,4,Asia/Yangon,FALSE,1104166220
Tan Lyar Lay,Tan Lyar Lay,,16.6651,95.9384,Burma,MM,MMR,Yangon,Yangon,MM-06,region,,350.6,,,3,Asia/Yangon,FALSE,1104008438
Wan Mengtü,Wan Mengtu,,20.8378,99.4458,Burma,MM,MMR,Shan State,Shan State,MM-17,state,,17.9,,,4,Asia/Yangon,FALSE,1104248031
Kong-wan-tok,Kong-wan-tok,,22.1654,96.7843,Burma,MM,MMR,Shan State,Shan State,MM-17,state,,49.1,,,4,Asia/Yangon,FALSE,1104040505
Wan Hsenhpong,Wan Hsenhpong,Wān Hsenhoong,20.8306,99.3069,Burma,MM,MMR,Shan State,Shan State,MM-17,state,,11.5,,,4,Asia/Yangon,FALSE,1104006476
Tungkwang,Tungkwang,,22.1085,98.2564,Burma,MM,MMR,Shan State,Shan State,MM-17,state,,26.4,,,4,Asia/Yangon,FALSE,1104670321
Kannya,Kannya,,23.1479,96.9099,Burma,MM,MMR,Shan State,Shan State,MM-17,state,,44.9,,,4,Asia/Yangon,FALSE,1104988288
Shitzaw,Shitzaw,,25.8809,98.1941,Burma,MM,MMR,Kachin State,Kachin State,MM-11,state,,6.0,,,5,Asia/Yangon,FALSE,1104304909
Taung Hpi Lar,Taung Hpi Lar,,20.7900,95.8704,Burma,MM,MMR,Mandalay,Mandalay,MM-04,region,,235.1,,,3,Asia/Yangon,FALSE,1104002214
Taung Hpi Lar,Taung Hpi Lar,Taungpila,12.3669,98.7427,Burma,MM,MMR,Tanintharyi,Tanintharyi,MM-05,region,,231.3,,,3,Asia/Yangon,FALSE,1104159547
Taung Hpi Lar,Taung Hpi Lar,,14.2898,98.4161,Burma,MM,MMR,Tanintharyi,Tanintharyi,MM-05,region,,25.4,,,4,Asia/Yangon,TRUE,1104002280
Tungtuang,Tungtuang,Tung Taung,23.5749,93.6848,Burma,MM,MMR,Chin State,Chin State,MM-14,state,,7.9,,,5,Asia/Yangon,FALSE,1104655637
Ngamaw,Ngamaw,,26.0099,98.2633,Burma,MM,MMR,Kachin State,Kachin State,MM-11,state,,6.0,,,5,Asia/Yangon,FALSE,1104083837
Pyitmangu,Pyitmangu,,16.9430,95.0093,Burma,MM,MMR,Ayeyarwady,Ayeyarwady,MM-07,region,,210.6,,,3,Asia/Yangon,FALSE,1104138485
Ta Laing Ngoke,Ta Laing Ngoke,,22.5876,96.0637,Burma,MM,MMR,Mandalay,Mandalay,MM-04,region,,101.0,,,4,Asia/Yangon,FALSE,1104004673
Shwezu,Shwezu,,22.1814,95.0133,Burma,MM,MMR,Sagaing,Sagaing,MM-01,region,,145.0,,,4,Asia/Yangon,FALSE,1104821075
Ingyaung,Ingyaung,,21.3560,95.5584,Burma,MM,MMR,Mandalay,Mandalay,MM-04,region,,130.1,,,4,Asia/Yangon,FALSE,1104711533
Meinma-the,Meinma-the,,20.9277,94.8096,Burma,MM,MMR,Magway,Magway,MM-03,region,,214.8,,,3,Asia/Yangon,FALSE,1104000375
Regaunggyaung,Regaunggyaung,,20.7155,92.6900,Burma,MM,MMR,Rakhine State,Rakhine State,MM-16,state,,76.0,,,4,Asia/Yangon,FALSE,1104601125
Thakutkon,Thakutkon,,18.5853,95.1804,Burma,MM,MMR,Bago,Bago,MM-02,region,,180.7,,,4,Asia/Yangon,FALSE,1104067716
Thakutkon,Thakutkon,,18.2130,95.7018,Burma,MM,MMR,Bago,Bago,MM-02,region,,145.5,,,4,Asia/Yangon,TRUE,1104148592
Tini,Tini,,22.0500,93.5000,Burma,MM,MMR,Chin State,Chin State,MM-14,state,,11.9,,,4,Asia/Yangon,FALSE,1104381608
Pon Peng,Pon Peng,,20.5562,97.1191,Burma,MM,MMR,Shan State,Shan State,MM-17,state,,73.5,,,4,Asia/Yangon,FALSE,1104562399
Kawngrang,Kawngrang,Kowngrang,22.9662,99.1060,Burma,MM,MMR,Shan State,Shan State,MM-17,state,,68.4,,,4,Asia/Yangon,FALSE,1104903846
Motte,Motte,,22.6167,99.3167,Burma,MM,MMR,Shan State,Shan State,MM-17,state,,72.5,,,4,Asia/Yangon,FALSE,1104187219
Tinan,Tinan,,22.4667,93.7833,Burma,MM,MMR,Chin State,Chin State,MM-14,state,,11.1,,,4,Asia/Yangon,FALSE,1104019165
Ma Gyi Kan,Ma Gyi Kan,,20.9581,95.9358,Burma,MM,MMR,Mandalay,Mandalay,MM-04,region,,235.1,,,3,Asia/Yangon,FALSE,1104002391
Ma Gyi Kan,Ma Gyi Kan,,20.8579,96.0676,Burma,MM,MMR,Mandalay,Mandalay,MM-04,region,,91.9,,,4,Asia/Yangon,TRUE,1104002390
Zibyugon,Zibyugon,,22.5916,95.5562,Burma,MM,MMR,Sagaing,Sagaing,MM-01,region,,300.8,,,3,Asia/Yangon,FALSE,1104014052
Zibyugon,Zibyugon,,21.9229,95.5897,Burma,MM,MMR,Sagaing,Sagaing,MM-01,region,,136.2,,,4,Asia/Yangon,TRUE,1104630412
Zibyugon,Zibyugon,,23.8880,94.2353,Burma,MM,MMR,Sagaing,Sagaing,MM-01,region,,86.7,,,4,Asia/Yangon,TRUE,1104012255
Zibyugon,Zibyugon,,23.6737,95.7922,Burma,MM,MMR,Sagaing,Sagaing,MM-01,region,,74.5,,,4,Asia/Yangon,TRUE,1104886363
Zibyugon,Zibyugon,,22.9906,95.5750,Burma,MM,MMR,Sagaing,Sagaing,MM-01,region,,70.9,,,4,Asia/Yangon,TRUE,1104069134
Zibyugon,Zibyugon,,23.9089,95.9101,Burma,MM,MMR,Sagaing,Sagaing,MM-01,region,,53.6,,,4,Asia/Yangon,TRUE,1104105202
Zibyugon,Zibyugon,,24.3548,94.7902,Burma,MM,MMR,Sagaing,Sagaing,MM-01,region,,26.7,,,4,Asia/Yangon,TRUE,1104529980
Zibyugon,Zibyugon,,24.5866,94.7486,Burma,MM,MMR,Sagaing,Sagaing,MM-01,region,,23.7,,,4,Asia/Yangon,TRUE,1104848683
Shanlebyin Atet,Shanlebyin Atet,,19.3591,96.5079,Burma,MM,MMR,Kayin State,Kayin State,MM-13,state,,34.9,,,4,Asia/Yangon,FALSE,1104574779
Wān Öp,Wan Op,,21.6587,99.2547,Burma,MM,MMR,Shan State,Shan State,MM-17,state,,18.9,,,4,Asia/Yangon,FALSE,1104292462
Nyinaung,Nyinaung,,16.2926,95.3569,Burma,MM,MMR,Ayeyarwady,Ayeyarwady,MM-07,region,,147.8,,,4,Asia/Yangon,FALSE,1104883821
Zibyugon,Zibyugon,,22.2600,96.1463,Burma,MM,MMR,Mandalay,Mandalay,MM-04,region,,231.4,,,3,Asia/Yangon,FALSE,1104628256
Zibyugon,Zibyugon,,22.7334,96.0641,Burma,MM,MMR,Mandalay,Mandalay,MM-04,region,,64.9,,,4,Asia/Yangon,TRUE,1104930828
Zibyugôn,Zibyugon,,15.9711,94.7778,Burma,MM,MMR,Ayeyarwady,Ayeyarwady,MM-07,region,,80.2,,,4,Asia/Yangon,FALSE,1104027218
Zibyugon,Zibyugon,,16.8994,96.3111,Burma,MM,MMR,Yangon,Yangon,MM-06,region,,2503.6,,,2,Asia/Yangon,FALSE,1104761081
Zibyugon,Zibyugon,,16.7365,95.9174,Burma,MM,MMR,Yangon,Yangon,MM-06,region,,350.6,,,3,Asia/Yangon,TRUE,1104474607
Zibyugon,Zibyugon,,16.9906,96.5267,Burma,MM,MMR,Yangon,Yangon,MM-06,region,,262.2,,,3,Asia/Yangon,TRUE,1104714161
Laiphu,Laiphu,,15.6411,97.8094,Burma,MM,MMR,Mon State,Mon State,MM-15,state,,90.4,,,4,Asia/Yangon,FALSE,1104062485
Chengau Shaga,Chengau Shaga,,26.1989,97.4471,Burma,MM,MMR,Kachin State,Kachin State,MM-11,state,,0.6,,,5,Asia/Yangon,FALSE,1104309021
Yae Lel Kwayt,Yae Lel Kwayt,,19.5907,96.2448,Burma,MM,MMR,Nay Pyi Taw,Nay Pyi Taw,MM-18,union territory,,52.5,,,4,Asia/Yangon,FALSE,1104007476
Shandatgyi,Shandatgyi,Shandatkyi,19.6264,94.7126,Burma,MM,MMR,Magway,Magway,MM-03,region,,55.2,,,4,Asia/Yangon,FALSE,1104459131
Obogon,Obogon,,17.7834,95.2565,Burma,MM,MMR,Ayeyarwady,Ayeyarwady,MM-07,region,,120.7,,,4,Asia/Yangon,FALSE,1104551596
Pa-aing,Pa-aing,,20.8699,94.4302,Burma,MM,MMR,Magway,Magway,MM-03,region,,94.2,,,4,Asia/Yangon,FALSE,1104953117
Pa-aing,Pa-aing,,20.2536,94.3413,Burma,MM,MMR,Magway,Magway,MM-03,region,,15.1,,,4,Asia/Yangon,TRUE,1104390192
Obogon,Obogon,Obogan,18.2142,95.5828,Burma,MM,MMR,Bago,Bago,MM-02,region,,145.5,,,4,Asia/Yangon,FALSE,1104892230
Obogon,Obogon,,18.5918,96.4239,Burma,MM,MMR,Bago,Bago,MM-02,region,,106.4,,,4,Asia/Yangon,TRUE,1104241882
Obogon,Obogon,,18.4779,96.4033,Burma,MM,MMR,Bago,Bago,MM-02,region,,106.3,,,4,Asia/Yangon,TRUE,1104062286
Obogon,Obogon,Pongyibyin,18.5327,96.5529,Burma,MM,MMR,Bago,Bago,MM-02,region,,106.3,,,4,Asia/Yangon,TRUE,1104637746
Obogon,Obogon,,19.8781,94.7812,Burma,MM,MMR,Magway,Magway,MM-03,region,,55.2,,,4,Asia/Yangon,FALSE,1104545495
Kayin Su,Kayin Su,,17.0699,97.8612,Burma,MM,MMR,Kayin State,Kayin State,MM-13,state,,111.2,,,4,Asia/Yangon,FALSE,1104006999
Bawlè-daw,Bawle-daw,,19.5730,97.1807,Burma,MM,MMR,Kayah State,Kayah State,MM-12,state,,64.6,,,4,Asia/Yangon,FALSE,1104018229
Bumwang Ga,Bumwang Ga,,26.6513,97.8413,Burma,MM,MMR,Kachin State,Kachin State,MM-11,state,,0.6,,,5,Asia/Yangon,FALSE,1104040001
Kayin Su,Kayin Su,,16.7531,97.3003,Burma,MM,MMR,Mon State,Mon State,MM-15,state,,195.7,,,4,Asia/Yangon,FALSE,1104001824
Pin Tee,Pin Tee,,19.9361,96.0565,Burma,MM,MMR,Nay Pyi Taw,Nay Pyi Taw,MM-18,union territory,,38.4,,,4,Asia/Yangon,FALSE,1104008922
Kayin Kan Kone,Kayin Kan Kone,,17.2565,95.9519,Burma,MM,MMR,Yangon,Yangon,MM-06,region,,177.9,,,4,Asia/Yangon,FALSE,1104006932
Ngofewngrowa,Ngofewngrowa,Ngabayônwa|Ngotewngrowa,21.2353,92.5309,Burma,MM,MMR,Rakhine State,Rakhine State,MM-16,state,,21.2,,,4,Asia/Yangon,FALSE,1104605423
Pāngping,Pangping,,20.9000,97.3740,Burma,MM,MMR,Shan State,Shan State,MM-17,state,,41.5,,,4,Asia/Yangon,FALSE,1104476639
Songyin,Songyin,,22.1661,95.0782,Burma,MM,MMR,Sagaing,Sagaing,MM-01,region,,145.0,,,4,Asia/Yangon,FALSE,1104454928
Dawhso-klè,Dawhso-kle,,19.4370,97.2793,Burma,MM,MMR,Kayah State,Kayah State,MM-12,state,,64.6,,,4,Asia/Yangon,FALSE,1104236990
Dawhso-klè,Dawhso-kle,,19.7507,97.4600,Burma,MM,MMR,Kayah State,Kayah State,MM-12,state,,3.0,,,5,Asia/Yangon,TRUE,1104306554
Ingyinbinhla,Ingyinbinhla,,20.5429,94.5162,Burma,MM,MMR,Magway,Magway,MM-03,region,,94.2,,,4,Asia/Yangon,FALSE,1104291216
Pulun,Pulun,,24.0796,95.7304,Burma,MM,MMR,Sagaing,Sagaing,MM-01,region,,53.6,,,4,Asia/Yangon,FALSE,1104379857
Done Let Wa,Done Let Wa,,21.5789,92.7845,Burma,MM,MMR,Chin State,Chin State,MM-14,state,,15.8,,,4,Asia/Yangon,FALSE,1104002997
Pawleba,Pawleba,,17.8155,97.3989,Burma,MM,MMR,Kayin State,Kayin State,MM-13,state,,2.6,,,5,Asia/Yangon,FALSE,1104760402
Möng Pawk,Mong Pawk,,22.0167,99.3167,Burma,MM,MMR,Shan State,Shan State,MM-17,state,,44.2,,,4,Asia/Yangon,FALSE,1104100968
Kanyat,Kanyat,,21.3914,94.9687,Burma,MM,MMR,Magway,Magway,MM-03,region,,214.8,,,3,Asia/Yangon,FALSE,1104172783
La Mong Hpan,La Mong Hpan,,26.5182,97.9156,Burma,MM,MMR,Kachin State,Kachin State,MM-11,state,,0.6,,,5,Asia/Yangon,FALSE,1104006876
Wān Pawhsi,Wan Pawhsi,,20.8259,100.2472,Burma,MM,MMR,Shan State,Shan State,MM-17,state,,10.8,,,4,Asia/Yangon,FALSE,1104497672
Nawngkaw,Nawngkaw,,20.8228,97.1760,Burma,MM,MMR,Shan State,Shan State,MM-17,state,,41.5,,,4,Asia/Yangon,FALSE,1104115691
Nawngkaw,Nawngkaw,,22.5146,97.4261,Burma,MM,MMR,Shan State,Shan State,MM-17,state,,35.8,,,4,Asia/Yangon,TRUE,1104041027
Nawngkaw,Nawngkaw,,21.9000,97.8667,Burma,MM,MMR,Shan State,Shan State,MM-17,state,,31.6,,,4,Asia/Yangon,TRUE,1104456914
Nawngkaw,Nawngkaw,,22.2652,98.2598,Burma,MM,MMR,Shan State,Shan State,MM-17,state,,26.4,,,4,Asia/Yangon,TRUE,1104399591
Nawngkaw,Nawngkaw,,21.2231,97.8743,Burma,MM,MMR,Shan State,Shan State,MM-17,state,,21.4,,,4,Asia/Yangon,TRUE,1104340110
Inbala,Inbala,,18.0443,96.8003,Burma,MM,MMR,Bago,Bago,MM-02,region,,42.2,,,4,Asia/Yangon,FALSE,1104089226
Hkangadaw,Hkangadaw,,25.8487,96.2242,Burma,MM,MMR,Kachin State,Kachin State,MM-11,state,,74.0,,,4,Asia/Yangon,FALSE,1104114510
Nathabu,Nathabu,Nathahu,16.5337,94.2614,Burma,MM,MMR,Ayeyarwady,Ayeyarwady,MM-07,region,,33.4,,,4,Asia/Yangon,FALSE,1104967892
Mān Mai-hpang,Man Mai-hpang,,23.2600,98.6962,Burma,MM,MMR,Shan State,Shan State,MM-17,state,,53.4,,,4,Asia/Yangon,FALSE,1104633535
Wān Nawn,Wan Nawn,,21.7233,98.8414,Burma,MM,MMR,Shan State,Shan State,MM-17,state,,4.6,,,5,Asia/Yangon,FALSE,1104997185
Sihtui,Sihtui,,23.1546,93.6778,Burma,MM,MMR,Chin State,Chin State,MM-14,state,,16.7,,,4,Asia/Yangon,FALSE,1104001662
Tar Pa Thun,Tar Pa Thun,,16.3344,97.6804,Burma,MM,MMR,Mon State,Mon State,MM-15,state,,224.3,,,3,Asia/Yangon,FALSE,1104001525
Pannyosan,Pannyosan,,19.6653,95.9715,Burma,MM,MMR,Nay Pyi Taw,Nay Pyi Taw,MM-18,union territory,,52.5,,,4,Asia/Yangon,FALSE,1104387488
Hpunginhku,Hpunginhku,Hounginhku|Noumzup,26.5946,97.2369,Burma,MM,MMR,Kachin State,Kachin State,MM-11,state,,0.6,,,5,Asia/Yangon,FALSE,1104447609
Pa-hpang,Pa-hpang,,23.6246,97.4885,Burma,MM,MMR,Shan State,Shan State,MM-17,state,,84.4,,,4,Asia/Yangon,FALSE,1104046393
Pa-hpang,Pa-hpang,,23.9591,98.3048,Burma,MM,MMR,Shan State,Shan State,MM-17,state,,30.7,,,4,Asia/Yangon,TRUE,1104381190
Pa-hpang,Pa-hpang,,21.4780,98.4930,Burma,MM,MMR,Shan State,Shan State,MM-17,state,,24.1,,,4,Asia/Yangon,TRUE,1104057440
Nyawnghtawk,Nyawnghtawk,,22.4451,97.4556,Burma,MM,MMR,Shan State,Shan State,MM-17,state,,35.8,,,4,Asia/Yangon,FALSE,1104779156
Bweson,Bweson,,21.7799,93.3393,Burma,MM,MMR,Chin State,Chin State,MM-14,state,,7.8,,,5,Asia/Yangon,FALSE,1104127369
Hkamkang,Hkamkang,,20.8213,98.4804,Burma,MM,MMR,Shan State,Shan State,MM-17,state,,11.1,,,4,Asia/Yangon,FALSE,1104333720
Tayokpaung,Tayokpaung,,15.9161,97.7186,Burma,MM,MMR,Mon State,Mon State,MM-15,state,,193.8,,,4,Asia/Yangon,FALSE,1104601149
Wān Sa-hpūmma,Wan Sa-hpumma,Sa-hpūmma,21.5296,100.7712,Burma,MM,MMR,Shan State,Shan State,MM-17,state,,21.9,,,4,Asia/Yangon,FALSE,1104378365
Wān Sa-hpūmma,Wan Sa-hpumma,,21.3581,100.8619,Burma,MM,MMR,Shan State,Shan State,MM-17,state,,21.9,,,4,Asia/Yangon,TRUE,1104075185
Tarazin,Tarazin,,13.3146,98.9571,Burma,MM,MMR,Tanintharyi,Tanintharyi,MM-05,region,,9.2,,,5,Asia/Yangon,FALSE,1104346183
Sankauk,Sankauk,San-gauk,16.5329,96.0001,Burma,MM,MMR,Yangon,Yangon,MM-06,region,,208.5,,,3,Asia/Yangon,FALSE,1104926569
Kyauk Taung,Kyauk Taung,,19.5434,97.3236,Burma,MM,MMR,Kayah State,Kayah State,MM-12,state,,82.3,,,4,Asia/Yangon,FALSE,1104001767
Taung Pa Laung,Taung Pa Laung,,17.0025,97.9527,Burma,MM,MMR,Kayin State,Kayin State,MM-13,state,,50.5,,,4,Asia/Yangon,FALSE,1104008336
Kyauk Taung,Kyauk Taung,,21.3526,94.0437,Burma,MM,MMR,Chin State,Chin State,MM-14,state,,28.3,,,4,Asia/Yangon,FALSE,1104001769
Kyauk Taung,Kyauk Taung,Kyauktaung,17.1447,97.4064,Burma,MM,MMR,Mon State,Mon State,MM-15,state,,169.9,,,4,Asia/Yangon,FALSE,1104391974
Kwedugyi,Kwedugyi,,19.8572,96.4343,Burma,MM,MMR,Nay Pyi Taw,Nay Pyi Taw,MM-18,union territory,,85.9,,,4,Asia/Yangon,FALSE,1104449464
Seingon,Seingon,,18.9539,96.5990,Burma,MM,MMR,Kayin State,Kayin State,MM-13,state,,40.2,,,4,Asia/Yangon,FALSE,1104029241
Daw Pawgale,Daw Pawgale,,19.5159,97.1914,Burma,MM,MMR,Kayah State,Kayah State,MM-12,state,,64.6,,,4,Asia/Yangon,FALSE,1104797168
Hpalo,Hpalo,,18.5577,94.9533,Burma,MM,MMR,Bago,Bago,MM-02,region,,56.3,,,4,Asia/Yangon,FALSE,1104811270
Dawdu,Dawdu,,19.2022,97.3371,Burma,MM,MMR,Kayah State,Kayah State,MM-12,state,,13.4,,,4,Asia/Yangon,FALSE,1104880091
Mān-pong,Man-pong,,22.8644,97.6295,Burma,MM,MMR,Shan State,Shan State,MM-17,state,,89.9,,,4,Asia/Yangon,FALSE,1104446720
Wa-um,Wa-um,,24.8031,97.5991,Burma,MM,MMR,Kachin State,Kachin State,MM-11,state,,31.0,,,4,Asia/Yangon,FALSE,1104090534
Kwetkwin,Kwetkwin,,22.0779,95.5545,Burma,MM,MMR,Sagaing,Sagaing,MM-01,region,,136.2,,,4,Asia/Yangon,FALSE,1104643606
Mouklok,Mouklok,,22.1245,94.7012,Burma,MM,MMR,Sagaing,Sagaing,MM-01,region,,141.0,,,4,Asia/Yangon,FALSE,1104031740
Dayelu,Dayelu,,16.4376,96.1942,Burma,MM,MMR,Yangon,Yangon,MM-06,region,,199.4,,,4,Asia/Yangon,FALSE,1104414811
Layanglap,Layanglap,,27.2438,98.2055,Burma,MM,MMR,Kachin State,Kachin State,MM-11,state,,2.4,,,5,Asia/Yangon,FALSE,1104284419
Dwecha,Dwecha,,19.2446,93.7157,Burma,MM,MMR,Rakhine State,Rakhine State,MM-16,state,,122.4,,,4,Asia/Yangon,FALSE,1104000480
Aung Myay,Aung Myay,,25.4624,97.3659,Burma,MM,MMR,Kachin State,Kachin State,MM-11,state,,76.4,,,4,Asia/Yangon,FALSE,1104006344
Wān Pan,Wan Pan,,20.8884,97.4174,Burma,MM,MMR,Shan State,Shan State,MM-17,state,,103.9,,,4,Asia/Yangon,FALSE,1104043610
Wān Pan,Wan Pan,,21.8226,98.5587,Burma,MM,MMR,Shan State,Shan State,MM-17,state,,4.6,,,5,Asia/Yangon,TRUE,1104789182
Sin Min Aing,Sin Min Aing,,16.9006,96.7506,Burma,MM,MMR,Yangon,Yangon,MM-06,region,,296.9,,,3,Asia/Yangon,FALSE,1104007218
Kyebin,Kyebin,,18.1700,94.4853,Burma,MM,MMR,Rakhine State,Rakhine State,MM-16,state,,32.3,,,4,Asia/Yangon,FALSE,1104519659
Wan Pan,Wan Pan,,19.8778,97.2440,Burma,MM,MMR,Kayah State,Kayah State,MM-12,state,,82.3,,,4,Asia/Yangon,FALSE,1104002618
Loi-mak,Loi-mak,,20.4653,97.7880,Burma,MM,MMR,Shan State,Shan State,MM-17,state,,14.1,,,4,Asia/Yangon,FALSE,1104000289
Sheltui,Sheltui,,23.2483,93.5841,Burma,MM,MMR,Chin State,Chin State,MM-14,state,,35.9,,,4,Asia/Yangon,FALSE,1104002930
Hymingan,Hymingan,,19.9920,93.0517,Burma,MM,MMR,Rakhine State,Rakhine State,MM-16,state,,134.9,,,4,Asia/Yangon,FALSE,1104248792
Nyaung Pin,Nyaung Pin,,21.9553,96.1823,Burma,MM,MMR,Mandalay,Mandalay,MM-04,region,,417.9,,,3,Asia/Yangon,FALSE,1104004669
Nyaung Pin,Nyaung Pin,,20.8338,95.7642,Burma,MM,MMR,Mandalay,Mandalay,MM-04,region,,235.1,,,3,Asia/Yangon,TRUE,1104001265
Nyaung Pin,Nyaung Pin,,21.3725,96.2029,Burma,MM,MMR,Mandalay,Mandalay,MM-04,region,,201.7,,,3,Asia/Yangon,TRUE,1104004670
Nyaung Pin,Nyaung Pin,,20.9596,94.9871,Burma,MM,MMR,Mandalay,Mandalay,MM-04,region,,174.5,,,4,Asia/Yangon,TRUE,1104001264
Nyaung Pin,Nyaung Pin,Nyaungbin,21.1326,95.7005,Burma,MM,MMR,Mandalay,Mandalay,MM-04,region,,114.6,,,4,Asia/Yangon,TRUE,1104838498
Nyaung Pin,Nyaung Pin,,17.0861,95.9394,Burma,MM,MMR,Yangon,Yangon,MM-06,region,,503.3,,,3,Asia/Yangon,FALSE,1104006715
Atet-Sinkwe,Atet-Sinkwe,Atet Singwe,23.9282,95.2794,Burma,MM,MMR,Sagaing,Sagaing,MM-01,region,,33.1,,,4,Asia/Yangon,FALSE,1104339812
Chaungbo,Chaungbo,,16.5037,96.0974,Burma,MM,MMR,Yangon,Yangon,MM-06,region,,210.4,,,3,Asia/Yangon,FALSE,1104838859
Thitkyingyi,Thitkyingyi,,22.2778,95.3109,Burma,MM,MMR,Sagaing,Sagaing,MM-01,region,,121.6,,,4,Asia/Yangon,FALSE,1104636101
Lishaw,Lishaw,,23.0352,96.4257,Burma,MM,MMR,Shan State,Shan State,MM-17,state,,25.0,,,4,Asia/Yangon,FALSE,1104028869
Thar Yar Aye,Thar Yar Aye,,19.7816,96.2523,Burma,MM,MMR,Nay Pyi Taw,Nay Pyi Taw,MM-18,union territory,,85.9,,,4,Asia/Yangon,FALSE,1104009591
Thar Yar Aye,Thar Yar Aye,,19.5385,96.1421,Burma,MM,MMR,Nay Pyi Taw,Nay Pyi Taw,MM-18,union territory,,52.5,,,4,Asia/Yangon,TRUE,1104009592
Thar Yar Aye,Thar Yar Aye,,20.1156,96.2389,Burma,MM,MMR,Nay Pyi Taw,Nay Pyi Taw,MM-18,union territory,,45.3,,,4,Asia/Yangon,TRUE,1104003046
Thar Yar Aye,Thar Yar Aye,,20.2241,95.9800,Burma,MM,MMR,Nay Pyi Taw,Nay Pyi Taw,MM-18,union territory,,45.3,,,4,Asia/Yangon,TRUE,1104009590
Pa-kang,Pa-kang,,22.3041,96.9691,Burma,MM,MMR,Shan State,Shan State,MM-17,state,,61.0,,,4,Asia/Yangon,FALSE,1104949599
Pa-kang,Pa-kang,,22.2522,97.9290,Burma,MM,MMR,Shan State,Shan State,MM-17,state,,35.8,,,4,Asia/Yangon,TRUE,1104329928
Hti-re,Hti-re,,20.9129,97.2252,Burma,MM,MMR,Shan State,Shan State,MM-17,state,,41.5,,,4,Asia/Yangon,FALSE,1104591460
Kwayt Tang Shey,Kwayt Tang Shey,,17.1990,95.8965,Burma,MM,MMR,Yangon,Yangon,MM-06,region,,276.0,,,3,Asia/Yangon,FALSE,1104006037
Tawshaw,Tawshaw,,24.0811,95.8091,Burma,MM,MMR,Sagaing,Sagaing,MM-01,region,,53.6,,,4,Asia/Yangon,FALSE,1104577313
Yindamyang,Yindamyang,,25.6474,97.3361,Burma,MM,MMR,Kachin State,Kachin State,MM-11,state,,76.4,,,4,Asia/Yangon,FALSE,1104823126
Wān Ta-pūng,Wan Ta-pung,,20.8644,99.9062,Burma,MM,MMR,Shan State,Shan State,MM-17,state,,17.4,,,4,Asia/Yangon,FALSE,1104148754
Tunhkong-hkam,Tunhkong-hkam,,23.3028,96.9618,Burma,MM,MMR,Shan State,Shan State,MM-17,state,,25.0,,,4,Asia/Yangon,FALSE,1104153767
Loihan,Loihan,,23.2941,96.8150,Burma,MM,MMR,Shan State,Shan State,MM-17,state,,25.0,,,4,Asia/Yangon,FALSE,1104027747
Pakaw,Pakaw,,24.1990,95.8619,Burma,MM,MMR,Sagaing,Sagaing,MM-01,region,,32.0,,,4,Asia/Yangon,FALSE,1104997670
Mān Hto,Man Hto,,23.8576,98.5616,Burma,MM,MMR,Shan State,Shan State,MM-17,state,,83.1,,,4,Asia/Yangon,FALSE,1104065548
Nam-tawn,Nam-tawn,,22.9002,97.6212,Burma,MM,MMR,Shan State,Shan State,MM-17,state,,89.9,,,4,Asia/Yangon,FALSE,1104023893
Anyakadin,Anyakadin,,21.1843,94.1468,Burma,MM,MMR,Magway,Magway,MM-03,region,,27.7,,,4,Asia/Yangon,FALSE,1104851805
’Nlam Ga,'Nlam Ga,,26.2695,96.6786,Burma,MM,MMR,Kachin State,Kachin State,MM-11,state,,7.0,,,5,Asia/Yangon,FALSE,1104279764
Pan Par,Pan Par,,21.5025,94.0114,Burma,MM,MMR,Chin State,Chin State,MM-14,state,,12.8,,,4,Asia/Yangon,FALSE,1104004418
Inn Waing Gyi,Inn Waing Gyi,Inwaing,16.8822,97.4402,Burma,MM,MMR,Mon State,Mon State,MM-15,state,,169.9,,,4,Asia/Yangon,FALSE,1104453469
Sindè,Sinde,,18.7770,95.2038,Burma,MM,MMR,Bago,Bago,MM-02,region,,56.3,,,4,Asia/Yangon,FALSE,1104575838
Lajung,Lajung,,25.2844,97.0587,Burma,MM,MMR,Kachin State,Kachin State,MM-11,state,,44.0,,,4,Asia/Yangon,FALSE,1104272916
Tha Nat Aint,Tha Nat Aint,,20.8629,95.7991,Burma,MM,MMR,Mandalay,Mandalay,MM-04,region,,235.1,,,3,Asia/Yangon,FALSE,1104003346
In-gyangyi,In-gyangyi,,17.2483,96.3217,Burma,MM,MMR,Bago,Bago,MM-02,region,,165.1,,,4,Asia/Yangon,FALSE,1104152275
Kuhchah,Kuhchah,,22.6000,93.4500,Burma,MM,MMR,Chin State,Chin State,MM-14,state,,14.6,,,4,Asia/Yangon,FALSE,1104644269
Hpolē,Hpole,,16.1887,95.5263,Burma,MM,MMR,Ayeyarwady,Ayeyarwady,MM-07,region,,147.8,,,4,Asia/Yangon,FALSE,1104769498
Kuzeik,Kuzeik,,16.8822,97.6111,Burma,MM,MMR,Kayin State,Kayin State,MM-13,state,,144.4,,,4,Asia/Yangon,FALSE,1104060707
Kuzeik,Kuzeik,Kuseik,17.9400,97.4295,Burma,MM,MMR,Kayin State,Kayin State,MM-13,state,,2.6,,,5,Asia/Yangon,TRUE,1104490222
Kywenadauk,Kywenadauk,,22.0027,96.4047,Burma,MM,MMR,Mandalay,Mandalay,MM-04,region,,117.9,,,4,Asia/Yangon,FALSE,1104380093
Hwè-hit,Hwe-hit,,21.2700,98.6971,Burma,MM,MMR,Shan State,Shan State,MM-17,state,,12.1,,,4,Asia/Yangon,FALSE,1104274756
Sabahton,Sabahton,,19.8785,94.1364,Burma,MM,MMR,Rakhine State,Rakhine State,MM-16,state,,16.2,,,4,Asia/Yangon,FALSE,1104885124
Winlewa,Winlewa,,16.8859,96.5982,Burma,MM,MMR,Yangon,Yangon,MM-06,region,,296.9,,,3,Asia/Yangon,FALSE,1104456535
Gwedauksho,Gwedauksho,,17.6434,96.2805,Burma,MM,MMR,Bago,Bago,MM-02,region,,162.5,,,4,Asia/Yangon,FALSE,1104017984
Winthayettaw,Winthayettaw,,18.1879,95.8456,Burma,MM,MMR,Bago,Bago,MM-02,region,,114.8,,,4,Asia/Yangon,FALSE,1104125733
Lezang,Lezang,,23.4780,93.6508,Burma,MM,MMR,Chin State,Chin State,MM-14,state,,35.9,,,4,Asia/Yangon,FALSE,1104003338
Nampa-lum,Nampa-lum,,22.3404,97.9572,Burma,MM,MMR,Shan State,Shan State,MM-17,state,,26.4,,,4,Asia/Yangon,FALSE,1104475068
Ba Mar Hman Ni Kone,Ba Mar Hman Ni Kone,,17.4411,95.8728,Burma,MM,MMR,Yangon,Yangon,MM-06,region,,177.9,,,4,Asia/Yangon,FALSE,1104008722
Dar Yoe,Dar Yoe,,19.3229,96.7827,Burma,MM,MMR,Kayin State,Kayin State,MM-13,state,,34.9,,,4,Asia/Yangon,FALSE,1104007307
Nyaungdauk,Nyaungdauk,,16.6939,95.9868,Burma,MM,MMR,Yangon,Yangon,MM-06,region,,350.6,,,3,Asia/Yangon,FALSE,1104104642
Wagingon,Wagingon,,16.9046,96.1062,Burma,MM,MMR,Yangon,Yangon,MM-06,region,,11785.7,,,2,Asia/Yangon,FALSE,1104357274
Wagingon,Wagingon,,21.9334,96.1789,Burma,MM,MMR,Mandalay,Mandalay,MM-04,region,,417.9,,,3,Asia/Yangon,FALSE,1104381501
Maletto,Maletto,,16.7338,95.7164,Burma,MM,MMR,Ayeyarwady,Ayeyarwady,MM-07,region,,213.3,,,3,Asia/Yangon,FALSE,1104509182
Za Yat Hpyu,Za Yat Hpyu,,16.9029,97.5704,Burma,MM,MMR,Kayin State,Kayin State,MM-13,state,,144.4,,,4,Asia/Yangon,FALSE,1104009549
Za Yat Hpyu,Za Yat Hpyu,,19.6039,97.2632,Burma,MM,MMR,Kayah State,Kayah State,MM-12,state,,82.3,,,4,Asia/Yangon,FALSE,1104001712
Za Yat Hpyu,Za Yat Hpyu,,16.6669,97.5939,Burma,MM,MMR,Mon State,Mon State,MM-15,state,,195.7,,,4,Asia/Yangon,FALSE,1104001846
Namkinwān,Namkinwan,,21.1789,97.5828,Burma,MM,MMR,Shan State,Shan State,MM-17,state,,83.6,,,4,Asia/Yangon,FALSE,1104605071
Kyatu,Kyatu,,19.4285,95.1871,Burma,MM,MMR,Magway,Magway,MM-03,region,,79.5,,,4,Asia/Yangon,FALSE,1104002855
Namtaung,Namtaung,,23.1743,97.7994,Burma,MM,MMR,Shan State,Shan State,MM-17,state,,40.7,,,4,Asia/Yangon,FALSE,1104531944
Pyaukseikkon,Pyaukseikkon,Uyingyit,20.3971,94.6780,Burma,MM,MMR,Magway,Magway,MM-03,region,,124.0,,,4,Asia/Yangon,FALSE,1104175629
Pyaukseikkon,Pyaukseikkon,,19.9010,95.5599,Burma,MM,MMR,Magway,Magway,MM-03,region,,118.0,,,4,Asia/Yangon,TRUE,1104947668
Mangtong,Mangtong,,25.9522,98.1610,Burma,MM,MMR,Kachin State,Kachin State,MM-11,state,,6.0,,,5,Asia/Yangon,FALSE,1104654548
Paokaw,Paokaw,,25.5591,96.8659,Burma,MM,MMR,Kachin State,Kachin State,MM-11,state,,74.0,,,4,Asia/Yangon,FALSE,1104116772
Hkin Dam Taung,Hkin Dam Taung,,26.1884,97.7009,Burma,MM,MMR,Kachin State,Kachin State,MM-11,state,,0.6,,,5,Asia/Yangon,FALSE,1104006002
Nawngyāsai,Nawngyasai,,20.8510,97.1898,Burma,MM,MMR,Shan State,Shan State,MM-17,state,,41.5,,,4,Asia/Yangon,FALSE,1104167226
Hsen Möng Kwang,Hsen Mong Kwang,,20.9667,98.2333,Burma,MM,MMR,Shan State,Shan State,MM-17,state,,16.6,,,4,Asia/Yangon,FALSE,1104521466
Inga,Inga,,23.8500,95.4000,Burma,MM,MMR,Sagaing,Sagaing,MM-01,region,,33.1,,,4,Asia/Yangon,FALSE,1104647953
Wān Ta-hku,Wan Ta-hku,,19.3495,97.4588,Burma,MM,MMR,Kayah State,Kayah State,MM-12,state,,82.3,,,4,Asia/Yangon,FALSE,1104157037
Kyonhpayo,Kyonhpayo,,17.1310,95.1019,Burma,MM,MMR,Ayeyarwady,Ayeyarwady,MM-07,region,,220.7,,,3,Asia/Yangon,FALSE,1104496620
Nam Yio Mu,Nam Yio Mu,,21.1269,97.4060,Burma,MM,MMR,Shan State,Shan State,MM-17,state,,98.1,,,4,Asia/Yangon,FALSE,1104844112
Poke Ta,Poke Ta,,17.2572,95.9425,Burma,MM,MMR,Yangon,Yangon,MM-06,region,,177.9,,,4,Asia/Yangon,FALSE,1104008396
Swelwedu,Swelwedu,,19.1393,95.7010,Burma,MM,MMR,Bago,Bago,MM-02,region,,63.9,,,4,Asia/Yangon,FALSE,1104728782
Nwar Taung,Nwar Taung,,21.7204,92.9737,Burma,MM,MMR,Chin State,Chin State,MM-14,state,,15.8,,,4,Asia/Yangon,FALSE,1104001519
Wān Ho-sa,Wan Ho-sa,,20.7072,98.8833,Burma,MM,MMR,Shan State,Shan State,MM-17,state,,12.1,,,4,Asia/Yangon,FALSE,1104153023
Nawng-e,Nawng-e,,22.1768,97.5612,Burma,MM,MMR,Shan State,Shan State,MM-17,state,,35.8,,,4,Asia/Yangon,FALSE,1104275173
Nawng-e,Nawng-e,,20.1667,97.5667,Burma,MM,MMR,Shan State,Shan State,MM-17,state,,14.8,,,4,Asia/Yangon,TRUE,1104106175
Ban Me,Ban Me,,12.2982,98.8623,Burma,MM,MMR,Tanintharyi,Tanintharyi,MM-05,region,,231.3,,,3,Asia/Yangon,FALSE,1104002768
Hkadaungyang,Hkadaungyang,,24.9351,97.5509,Burma,MM,MMR,Kachin State,Kachin State,MM-11,state,,31.0,,,4,Asia/Yangon,FALSE,1104234952
Shar Chaung,Shar Chaung,,19.5921,96.1251,Burma,MM,MMR,Nay Pyi Taw,Nay Pyi Taw,MM-18,union territory,,52.5,,,4,Asia/Yangon,FALSE,1104009110
Pa-kan,Pa-kan,,21.9500,96.4731,Burma,MM,MMR,Mandalay,Mandalay,MM-04,region,,117.9,,,4,Asia/Yangon,FALSE,1104142416
Mān Loi-yāng,Man Loi-yang,,23.3070,98.6560,Burma,MM,MMR,Shan State,Shan State,MM-17,state,,53.4,,,4,Asia/Yangon,FALSE,1104168047
Pi Ti,Pi Ti,Pēte Atet,17.4340,97.1446,Burma,MM,MMR,Mon State,Mon State,MM-15,state,,177.7,,,4,Asia/Yangon,FALSE,1104603864
Ywar Tan Shey,Ywar Tan Shey,Ywadanche,16.7759,97.3936,Burma,MM,MMR,Mon State,Mon State,MM-15,state,,195.7,,,4,Asia/Yangon,FALSE,1104218566
Ywar Tan Shey,Ywar Tan Shey,,16.9279,97.4099,Burma,MM,MMR,Mon State,Mon State,MM-15,state,,169.9,,,4,Asia/Yangon,TRUE,1104003791
Ywar Tan Shey,Ywar Tan Shey,,17.2507,97.0780,Burma,MM,MMR,Mon State,Mon State,MM-15,state,,76.6,,,4,Asia/Yangon,TRUE,1104003792
An Khe,An Khe,Ankhe,15.7915,97.7302,Burma,MM,MMR,Mon State,Mon State,MM-15,state,,193.8,,,4,Asia/Yangon,FALSE,1104622473
Minyagon,Minyagon,,24.7805,94.9760,Burma,MM,MMR,Sagaing,Sagaing,MM-01,region,,23.7,,,4,Asia/Yangon,FALSE,1104172031
Shwebawgyun,Shwebawgyun,,21.7065,96.0032,Burma,MM,MMR,Mandalay,Mandalay,MM-04,region,,245.8,,,3,Asia/Yangon,FALSE,1104938349
Shwebawgyun,Shwebawgyun,Tanzu,21.2166,95.8062,Burma,MM,MMR,Mandalay,Mandalay,MM-04,region,,151.8,,,4,Asia/Yangon,TRUE,1104462624
Tai-ho,Tai-ho,,21.2325,97.8873,Burma,MM,MMR,Shan State,Shan State,MM-17,state,,21.4,,,4,Asia/Yangon,FALSE,1104687902
Waya-nge,Waya-nge,,22.9519,95.3382,Burma,MM,MMR,Sagaing,Sagaing,MM-01,region,,87.2,,,4,Asia/Yangon,FALSE,1104525337
Kawdukon,Kawdukon,,16.4793,97.8058,Burma,MM,MMR,Mon State,Mon State,MM-15,state,,129.2,,,4,Asia/Yangon,FALSE,1104153375
Hwe-mawng,Hwe-mawng,,23.3765,98.1442,Burma,MM,MMR,Shan State,Shan State,MM-17,state,,60.4,,,4,Asia/Yangon,FALSE,1104395641
Hwè-mawng,Hwe-mawng,,21.9297,97.7226,Burma,MM,MMR,Shan State,Shan State,MM-17,state,,31.6,,,4,Asia/Yangon,TRUE,1104219530
Si Gyi Kone,Si Gyi Kone,,16.8080,96.4984,Burma,MM,MMR,Yangon,Yangon,MM-06,region,,246.9,,,3,Asia/Yangon,FALSE,1104006224
Ho-leng,Ho-leng,,23.1201,98.3744,Burma,MM,MMR,Shan State,Shan State,MM-17,state,,89.9,,,4,Asia/Yangon,FALSE,1104456553
Ho-leng,Ho-leng,,22.5674,97.9416,Burma,MM,MMR,Shan State,Shan State,MM-17,state,,26.4,,,4,Asia/Yangon,TRUE,1104893378
Man-peng,Man-peng,,23.0109,97.9160,Burma,MM,MMR,Shan State,Shan State,MM-17,state,,89.9,,,4,Asia/Yangon,FALSE,1104592292
Gonmin,Gonmin,Gonminta,18.6549,96.4309,Burma,MM,MMR,Bago,Bago,MM-02,region,,106.4,,,4,Asia/Yangon,FALSE,1104124794
Leilom,Leilom,,23.3500,93.6667,Burma,MM,MMR,Chin State,Chin State,MM-14,state,,35.9,,,4,Asia/Yangon,FALSE,1104989666
Ngaleik,Ngaleik,,20.0340,94.6103,Burma,MM,MMR,Magway,Magway,MM-03,region,,103.6,,,4,Asia/Yangon,FALSE,1104492178
Myaungdaung,Myaungdaung,,19.9130,94.2428,Burma,MM,MMR,Rakhine State,Rakhine State,MM-16,state,,16.2,,,4,Asia/Yangon,FALSE,1104598060
Kyee Pwar,Kyee Pwar,,19.9147,96.0228,Burma,MM,MMR,Nay Pyi Taw,Nay Pyi Taw,MM-18,union territory,,38.4,,,4,Asia/Yangon,FALSE,1104009359
Taung Pu Lu,Taung Pu Lu,,21.0345,95.8359,Burma,MM,MMR,Mandalay,Mandalay,MM-04,region,,151.8,,,4,Asia/Yangon,FALSE,1104004061
Pyun Thone Lone,Pyun Thone Lone,,25.2545,96.7758,Burma,MM,MMR,Kachin State,Kachin State,MM-11,state,,44.0,,,4,Asia/Yangon,FALSE,1104007681
Konbaw,Konbaw,,22.0574,96.5466,Burma,MM,MMR,Mandalay,Mandalay,MM-04,region,,117.9,,,4,Asia/Yangon,FALSE,1104997420
Pāngna,Pangna,,22.4224,97.2706,Burma,MM,MMR,Shan State,Shan State,MM-17,state,,61.0,,,4,Asia/Yangon,FALSE,1104380210
Pangna,Pangna,,23.3160,98.0666,Burma,MM,MMR,Shan State,Shan State,MM-17,state,,40.7,,,4,Asia/Yangon,TRUE,1104252734
Chegyaw,Chegyaw,,21.8777,95.4548,Burma,MM,MMR,Sagaing,Sagaing,MM-01,region,,136.2,,,4,Asia/Yangon,FALSE,1104925939
Mandau,Mandau,,24.3626,97.5023,Burma,MM,MMR,Kachin State,Kachin State,MM-11,state,,44.5,,,4,Asia/Yangon,FALSE,1104516246
Wān Lawm,Wan Lawm,,21.2311,99.6437,Burma,MM,MMR,Shan State,Shan State,MM-17,state,,46.4,,,4,Asia/Yangon,FALSE,1104567133
Wān Lawm,Wan Lawm,,21.4476,99.7887,Burma,MM,MMR,Shan State,Shan State,MM-17,state,,46.4,,,4,Asia/Yangon,TRUE,1104037299
Wabodaw,Wabodaw,,16.9667,97.5148,Burma,MM,MMR,Kayin State,Kayin State,MM-13,state,,144.4,,,4,Asia/Yangon,FALSE,1104314573
Zahaw,Zahaw,,22.1885,94.1044,Burma,MM,MMR,Magway,Magway,MM-03,region,,48.1,,,4,Asia/Yangon,FALSE,1104113977
Menyaw,Menyaw,,17.6804,97.5851,Burma,MM,MMR,Kayin State,Kayin State,MM-13,state,,14.8,,,4,Asia/Yangon,FALSE,1104162848
Yethogôn,Yethogon,,16.7666,94.6953,Burma,MM,MMR,Ayeyarwady,Ayeyarwady,MM-07,region,,430.4,,,3,Asia/Yangon,FALSE,1104640811
Kharantaw,Kharantaw,Kharantow|Khatantow,15.9073,98.1724,Burma,MM,MMR,Kayin State,Kayin State,MM-13,state,,60.5,,,4,Asia/Yangon,FALSE,1104019076
Kaungmaung,Kaungmaung,,24.3496,95.0333,Burma,MM,MMR,Sagaing,Sagaing,MM-01,region,,26.7,,,4,Asia/Yangon,FALSE,1104742795
Mān Süng,Man Sung,,23.7858,98.5320,Burma,MM,MMR,Shan State,Shan State,MM-17,state,,83.1,,,4,Asia/Yangon,FALSE,1104425873
Mān Sung,Man Sung,,22.9446,98.9556,Burma,MM,MMR,Shan State,Shan State,MM-17,state,,44.9,,,4,Asia/Yangon,TRUE,1104758349
Meyithta,Meyithta,,17.7610,97.1228,Burma,MM,MMR,Bago,Bago,MM-02,region,,42.2,,,4,Asia/Yangon,FALSE,1104244283
Mān Kwang,Man Kwang,,23.4330,98.3478,Burma,MM,MMR,Shan State,Shan State,MM-17,state,,34.3,,,4,Asia/Yangon,FALSE,1104000126
Pon Nar Kone,Pon Nar Kone,,21.9844,96.1556,Burma,MM,MMR,Mandalay,Mandalay,MM-04,region,,417.9,,,3,Asia/Yangon,FALSE,1104005580
Wān Hsen-en,Wan Hsen-en,,20.4589,99.4953,Burma,MM,MMR,Shan State,Shan State,MM-17,state,,31.2,,,4,Asia/Yangon,FALSE,1104921869
Mekyun,Mekyun,,18.4897,94.3525,Burma,MM,MMR,Rakhine State,Rakhine State,MM-16,state,,32.3,,,4,Asia/Yangon,FALSE,1104699176
Mokseikkon,Mokseikkon,,16.4792,97.9064,Burma,MM,MMR,Kayin State,Kayin State,MM-13,state,,89.3,,,4,Asia/Yangon,FALSE,1104245487
Pangkot,Pangkot,,21.9430,97.2384,Burma,MM,MMR,Shan State,Shan State,MM-17,state,,21.0,,,4,Asia/Yangon,FALSE,1104879546
Mān Ngawn,Man Ngawn,,22.5611,98.6787,Burma,MM,MMR,Shan State,Shan State,MM-17,state,,6.5,,,5,Asia/Yangon,FALSE,1104426531
Ywezu,Ywezu,,22.4387,96.0924,Burma,MM,MMR,Mandalay,Mandalay,MM-04,region,,101.0,,,4,Asia/Yangon,FALSE,1104320649
Seikkyigon,Seikkyigon,,16.7129,95.6341,Burma,MM,MMR,Ayeyarwady,Ayeyarwady,MM-07,region,,213.3,,,3,Asia/Yangon,FALSE,1104720166
Atet-wa,Atet-wa,,18.4069,94.4565,Burma,MM,MMR,Rakhine State,Rakhine State,MM-16,state,,32.3,,,4,Asia/Yangon,FALSE,1104421287
Yengangon,Yengangon,,19.6247,94.4232,Burma,MM,MMR,Magway,Magway,MM-03,region,,55.2,,,4,Asia/Yangon,FALSE,1104433332
Khan Ti,Khan Ti,,13.1559,98.5576,Burma,MM,MMR,Tanintharyi,Tanintharyi,MM-05,region,,37.7,,,4,Asia/Yangon,FALSE,1104002174
Konmana,Konmana,,24.0852,96.5752,Burma,MM,MMR,Shan State,Shan State,MM-17,state,,10.1,,,4,Asia/Yangon,FALSE,1104535758
Talaunggyaung,Talaunggyaung,Lebo,24.3201,94.5527,Burma,MM,MMR,Sagaing,Sagaing,MM-01,region,,54.9,,,4,Asia/Yangon,FALSE,1104856687
Konmana,Konmana,,25.1352,96.2760,Burma,MM,MMR,Kachin State,Kachin State,MM-11,state,,32.1,,,4,Asia/Yangon,FALSE,1104546913
Thē-aw,The-aw,,12.0500,98.4827,Burma,MM,MMR,Tanintharyi,Tanintharyi,MM-05,region,,42.2,,,4,Asia/Yangon,FALSE,1104018780
Kawt Kayin,Kawt Kayin,Kawkarin,16.5463,97.4826,Burma,MM,MMR,Mon State,Mon State,MM-15,state,,195.7,,,4,Asia/Yangon,FALSE,1104096039
Wito,Wito,,17.4000,96.3500,Burma,MM,MMR,Bago,Bago,MM-02,region,,162.5,,,4,Asia/Yangon,FALSE,1104522744
Yapru,Yapru,,15.4285,98.4532,Burma,MM,MMR,Kayin State,Kayin State,MM-13,state,,28.6,,,4,Asia/Yangon,FALSE,1104742253
Hmawngkawn,Hmawngkawn,,23.1753,93.4192,Burma,MM,MMR,Chin State,Chin State,MM-14,state,,16.7,,,4,Asia/Yangon,FALSE,1104003379
Tandawzu,Tandawzu,,22.8678,95.3540,Burma,MM,MMR,Sagaing,Sagaing,MM-01,region,,87.1,,,4,Asia/Yangon,FALSE,1104904826
Kuntabin,Kuntabin,,12.2352,99.0013,Burma,MM,MMR,Tanintharyi,Tanintharyi,MM-05,region,,9.2,,,5,Asia/Yangon,FALSE,1104950032
Thea Hpyu Wa West,Thea Hpyu Wa West,,21.4374,95.3625,Burma,MM,MMR,Mandalay,Mandalay,MM-04,region,,268.2,,,3,Asia/Yangon,FALSE,1104004638
Pāngta-hkwa,Pangta-hkwa,,20.0741,97.4127,Burma,MM,MMR,Shan State,Shan State,MM-17,state,,77.7,,,4,Asia/Yangon,FALSE,1104483649
Nabatchaung,Nabatchaung,,17.2413,94.9985,Burma,MM,MMR,Ayeyarwady,Ayeyarwady,MM-07,region,,80.6,,,4,Asia/Yangon,FALSE,1104993090
Kan Ni,Kan Ni,Kanni,17.4682,96.9034,Burma,MM,MMR,Mon State,Mon State,MM-15,state,,177.7,,,4,Asia/Yangon,FALSE,1104096191
Kan Ni,Kan Ni,,15.2722,98.0221,Burma,MM,MMR,Mon State,Mon State,MM-15,state,,120.1,,,4,Asia/Yangon,TRUE,1104001748
Kan Ni,Kan Ni,,17.2024,97.1576,Burma,MM,MMR,Mon State,Mon State,MM-15,state,,76.6,,,4,Asia/Yangon,TRUE,1104001749
Kyaukhkaung,Kyaukhkaung,,19.1130,97.2157,Burma,MM,MMR,Kayah State,Kayah State,MM-12,state,,17.5,,,4,Asia/Yangon,FALSE,1104047176
Kywèdègwin,Kywedegwin,,17.6233,96.5390,Burma,MM,MMR,Bago,Bago,MM-02,region,,150.5,,,4,Asia/Yangon,FALSE,1104535112
Wān Pānglao,Wan Panglao,,21.5064,99.3044,Burma,MM,MMR,Shan State,Shan State,MM-17,state,,12.6,,,4,Asia/Yangon,FALSE,1104221075
Ingyaungywa,Ingyaungywa,Ingyaung,20.9486,92.7252,Burma,MM,MMR,Rakhine State,Rakhine State,MM-16,state,,97.0,,,4,Asia/Yangon,FALSE,1104619979
Pindaleywama,Pindaleywama,Pindalewama,21.5702,96.1607,Burma,MM,MMR,Mandalay,Mandalay,MM-04,region,,126.4,,,4,Asia/Yangon,FALSE,1104283799
Gyobingauk,Gyobingauk,Gobingauk|Kyobingauk,18.2167,95.6500,Burma,MM,MMR,Bago,Bago,MM-02,region,,145.5,,,4,Asia/Yangon,FALSE,1104493548
Sinaing,Sinaing,,17.3938,95.8794,Burma,MM,MMR,Yangon,Yangon,MM-06,region,,177.9,,,4,Asia/Yangon,FALSE,1104951391
Sinaing,Sinaing,,17.3189,95.2492,Burma,MM,MMR,Ayeyarwady,Ayeyarwady,MM-07,region,,267.9,,,3,Asia/Yangon,FALSE,1104811706
Pe Yar,Pe Yar,,12.3255,98.6926,Burma,MM,MMR,Tanintharyi,Tanintharyi,MM-05,region,,42.2,,,4,Asia/Yangon,FALSE,1104001270
Paingkyon,Paingkyon,,17.4943,95.6351,Burma,MM,MMR,Ayeyarwady,Ayeyarwady,MM-07,region,,274.2,,,3,Asia/Yangon,FALSE,1104058254
Kandawgon,Kandawgon,,21.4223,96.3978,Burma,MM,MMR,Shan State,Shan State,MM-17,state,,29.8,,,4,Asia/Yangon,FALSE,1104309571
Le-ein,Le-ein,,16.7875,97.3336,Burma,MM,MMR,Mon State,Mon State,MM-15,state,,195.7,,,4,Asia/Yangon,FALSE,1104027087
Yae Wai,Yae Wai,,20.8182,95.6303,Burma,MM,MMR,Mandalay,Mandalay,MM-04,region,,235.1,,,3,Asia/Yangon,FALSE,1104001724
Yae Wai,Yae Wai,,20.7771,95.9144,Burma,MM,MMR,Mandalay,Mandalay,MM-04,region,,235.1,,,3,Asia/Yangon,TRUE,1104001725
Wānhpai,Wanhpai,,21.3727,97.6075,Burma,MM,MMR,Shan State,Shan State,MM-17,state,,21.4,,,4,Asia/Yangon,FALSE,1104233516
Kunkhin,Kunkhin,,21.3402,94.1898,Burma,MM,MMR,Magway,Magway,MM-03,region,,47.2,,,4,Asia/Yangon,FALSE,1104458625
Mauk,Mauk,,22.3365,94.1453,Burma,MM,MMR,Magway,Magway,MM-03,region,,48.1,,,4,Asia/Yangon,FALSE,1104111940
Lèwainggyi,Lewainggyi,Hlèwainggyi,18.2598,96.7200,Burma,MM,MMR,Bago,Bago,MM-02,region,,53.5,,,4,Asia/Yangon,FALSE,1104040771
Set Kwayt,Set Kwayt,,21.8474,96.0759,Burma,MM,MMR,Mandalay,Mandalay,MM-04,region,,1168.8,,,3,Asia/Yangon,FALSE,1104005548
Man Khut,Man Khut,,27.3683,97.5524,Burma,MM,MMR,Kachin State,Kachin State,MM-11,state,,3.0,,,5,Asia/Yangon,FALSE,1104006300
Kalagwe,Kalagwe,,22.5127,96.5031,Burma,MM,MMR,Shan State,Shan State,MM-17,state,,49.1,,,4,Asia/Yangon,FALSE,1104703861
Kone Baw,Kone Baw,Konbaw,20.8418,96.5726,Burma,MM,MMR,Mandalay,Mandalay,MM-04,region,,89.9,,,4,Asia/Yangon,FALSE,1104336537
Tinmāi,Tinmai,,21.1559,92.4547,Burma,MM,MMR,Rakhine State,Rakhine State,MM-16,state,,21.2,,,4,Asia/Yangon,FALSE,1104723559
Tindok,Tindok,,24.0179,95.5663,Burma,MM,MMR,Sagaing,Sagaing,MM-01,region,,33.1,,,4,Asia/Yangon,FALSE,1104353020
Boteza,Boteza,,16.5351,95.6052,Burma,MM,MMR,Ayeyarwady,Ayeyarwady,MM-07,region,,293.5,,,3,Asia/Yangon,FALSE,1104942265
Changyigon,Changyigon,,16.8844,96.3511,Burma,MM,MMR,Yangon,Yangon,MM-06,region,,829.0,,,3,Asia/Yangon,FALSE,1104933363
Pathekongale,Pathekongale,,17.0755,95.9487,Burma,MM,MMR,Yangon,Yangon,MM-06,region,,579.7,,,3,Asia/Yangon,FALSE,1104990477
Wān Nawnghsa,Wan Nawnghsa,,21.1121,99.8041,Burma,MM,MMR,Shan State,Shan State,MM-17,state,,46.4,,,4,Asia/Yangon,FALSE,1104970097
Minzu,Minzu,,21.5108,96.1326,Burma,MM,MMR,Mandalay,Mandalay,MM-04,region,,126.4,,,4,Asia/Yangon,FALSE,1104000143
Minzu,Minzu,,22.3594,95.7882,Burma,MM,MMR,Sagaing,Sagaing,MM-01,region,,146.0,,,4,Asia/Yangon,FALSE,1104950349
Minzu,Minzu,,22.0393,94.9432,Burma,MM,MMR,Sagaing,Sagaing,MM-01,region,,145.0,,,4,Asia/Yangon,TRUE,1104244101
Gyobintha,Gyobintha,Gyobinza,18.6822,96.5738,Burma,MM,MMR,Bago,Bago,MM-02,region,,208.2,,,3,Asia/Yangon,FALSE,1104310374
Gyobintha,Gyobintha,,18.4412,95.6373,Burma,MM,MMR,Bago,Bago,MM-02,region,,122.8,,,4,Asia/Yangon,TRUE,1104606652
Gyobintha,Gyobintha,Gobintha,18.2302,95.7525,Burma,MM,MMR,Bago,Bago,MM-02,region,,114.8,,,4,Asia/Yangon,TRUE,1104689621
Gyobintha,Gyobintha,Obogon,18.8520,96.4135,Burma,MM,MMR,Bago,Bago,MM-02,region,,106.4,,,4,Asia/Yangon,TRUE,1104345044
Gyobintha,Gyobintha,,18.3859,96.5343,Burma,MM,MMR,Bago,Bago,MM-02,region,,106.3,,,4,Asia/Yangon,TRUE,1104222392
Ku Day,Ku Day,,25.6560,96.3369,Burma,MM,MMR,Kachin State,Kachin State,MM-11,state,,74.0,,,4,Asia/Yangon,FALSE,1104006721
Myezo,Myezo,,21.5565,96.1125,Burma,MM,MMR,Mandalay,Mandalay,MM-04,region,,126.4,,,4,Asia/Yangon,FALSE,1104542442
Theyo,Theyo,,17.7205,95.4087,Burma,MM,MMR,Ayeyarwady,Ayeyarwady,MM-07,region,,326.8,,,3,Asia/Yangon,FALSE,1104376749
Dawt Zan,Dawt Zan,,17.4905,97.3757,Burma,MM,MMR,Mon State,Mon State,MM-15,state,,76.6,,,4,Asia/Yangon,FALSE,1104001173
Hpoe Hpe,Hpoe Hpe,,16.4711,96.1356,Burma,MM,MMR,Yangon,Yangon,MM-06,region,,206.9,,,3,Asia/Yangon,FALSE,1104009233
Naring,Naring,,22.1833,93.4333,Burma,MM,MMR,Chin State,Chin State,MM-14,state,,14.6,,,4,Asia/Yangon,FALSE,1104424936
Lelusan,Lelusan,Letusan,19.2787,94.9531,Burma,MM,MMR,Magway,Magway,MM-03,region,,79.4,,,4,Asia/Yangon,FALSE,1104140183
Magyi-gon,Magyi-gon,,23.7686,95.8911,Burma,MM,MMR,Sagaing,Sagaing,MM-01,region,,74.5,,,4,Asia/Yangon,FALSE,1104641668
Egayit,Egayit,,19.5576,95.2919,Burma,MM,MMR,Magway,Magway,MM-03,region,,52.3,,,4,Asia/Yangon,FALSE,1104470968
Egayit,Egayit,,17.4678,96.5862,Burma,MM,MMR,Bago,Bago,MM-02,region,,179.3,,,4,Asia/Yangon,FALSE,1104961446
Yitpyok,Yitpyok,,19.7204,96.4079,Burma,MM,MMR,Nay Pyi Taw,Nay Pyi Taw,MM-18,union territory,,65.2,,,4,Asia/Yangon,FALSE,1104489643
Inwin,Inwin,,20.1969,96.5654,Burma,MM,MMR,Shan State,Shan State,MM-17,state,,50.9,,,4,Asia/Yangon,FALSE,1104270251
Maihtingyang,Maihtingyang,,24.6624,96.8297,Burma,MM,MMR,Kachin State,Kachin State,MM-11,state,,2.8,,,5,Asia/Yangon,FALSE,1104091752
Thanboktaung,Thanboktaung,,18.6145,95.4774,Burma,MM,MMR,Bago,Bago,MM-02,region,,161.2,,,4,Asia/Yangon,FALSE,1104839202
Shin Let Wa Lower,Shin Let Wa Lower,,21.8669,92.8649,Burma,MM,MMR,Chin State,Chin State,MM-14,state,,15.8,,,4,Asia/Yangon,FALSE,1104002402
Lan Son,Lan Son,,18.5828,97.5644,Burma,MM,MMR,Kayah State,Kayah State,MM-12,state,,2.5,,,5,Asia/Yangon,FALSE,1104003587
Mingayu,Mingayu,,17.1385,95.4681,Burma,MM,MMR,Ayeyarwady,Ayeyarwady,MM-07,region,,191.2,,,4,Asia/Yangon,FALSE,1104138436
Taulung,Taulung,,25.0618,96.8983,Burma,MM,MMR,Kachin State,Kachin State,MM-11,state,,44.0,,,4,Asia/Yangon,FALSE,1104340585
Daw Dawle,Daw Dawle,,19.6533,97.2403,Burma,MM,MMR,Kayah State,Kayah State,MM-12,state,,82.3,,,4,Asia/Yangon,FALSE,1104308901
Möng Ngawm,Mong Ngawm,,21.2478,99.9736,Burma,MM,MMR,Shan State,Shan State,MM-17,state,,46.4,,,4,Asia/Yangon,FALSE,1104583483
Kyokhodo,Kyokhodo,,18.1373,97.4888,Burma,MM,MMR,Kayin State,Kayin State,MM-13,state,,2.6,,,5,Asia/Yangon,FALSE,1104161948
Swedawmyaung,Swedawmyaung,,19.6782,95.8451,Burma,MM,MMR,Nay Pyi Taw,Nay Pyi Taw,MM-18,union territory,,52.5,,,4,Asia/Yangon,FALSE,1104114424
Swedawmyaung,Swedawmyaung,,19.8358,95.8935,Burma,MM,MMR,Nay Pyi Taw,Nay Pyi Taw,MM-18,union territory,,52.5,,,4,Asia/Yangon,TRUE,1104903850
Leiktu,Leiktu,,23.2467,95.5166,Burma,MM,MMR,Sagaing,Sagaing,MM-01,region,,70.9,,,4,Asia/Yangon,FALSE,1104065148
Kāchen,Kachen,,25.8987,96.9659,Burma,MM,MMR,Kachin State,Kachin State,MM-11,state,,7.0,,,5,Asia/Yangon,FALSE,1104817748
Leiktu,Leiktu,,17.5456,95.2689,Burma,MM,MMR,Ayeyarwady,Ayeyarwady,MM-07,region,,326.8,,,3,Asia/Yangon,FALSE,1104740257
Wegyi,Wegyi,,16.7534,97.5929,Burma,MM,MMR,Kayin State,Kayin State,MM-13,state,,144.4,,,4,Asia/Yangon,FALSE,1104660974
Wegyi,Wegyi,,16.0679,98.0773,Burma,MM,MMR,Kayin State,Kayin State,MM-13,state,,60.5,,,4,Asia/Yangon,TRUE,1104065601
Dawkaw-htu,Dawkaw-htu,,19.5422,97.2715,Burma,MM,MMR,Kayah State,Kayah State,MM-12,state,,64.6,,,4,Asia/Yangon,FALSE,1104887271
Ah Shey Yae Cho Su,Ah Shey Yae Cho Su,,16.8446,96.5894,Burma,MM,MMR,Yangon,Yangon,MM-06,region,,258.6,,,3,Asia/Yangon,FALSE,1104008363
Mān Maw,Man Maw,,23.8735,98.5224,Burma,MM,MMR,Shan State,Shan State,MM-17,state,,83.1,,,4,Asia/Yangon,FALSE,1104859803
Mān Maw,Man Maw,,23.1587,98.8743,Burma,MM,MMR,Shan State,Shan State,MM-17,state,,57.7,,,4,Asia/Yangon,TRUE,1104474767
Mān Maw,Man Maw,,24.0821,98.7069,Burma,MM,MMR,Shan State,Shan State,MM-17,state,,43.4,,,4,Asia/Yangon,TRUE,1104229509
Mān Maw,Man Maw,,22.0448,98.1826,Burma,MM,MMR,Shan State,Shan State,MM-17,state,,40.2,,,4,Asia/Yangon,TRUE,1104651529
Mān Maw,Man Maw,,22.2752,97.9022,Burma,MM,MMR,Shan State,Shan State,MM-17,state,,35.8,,,4,Asia/Yangon,TRUE,1104856706
Mān Maw,Man Maw,,22.9233,97.5336,Burma,MM,MMR,Shan State,Shan State,MM-17,state,,32.5,,,4,Asia/Yangon,TRUE,1104011920