city,city_ascii,city_alt,lat,lng,country,iso2,iso3,admin_name,admin_name_ascii,admin_code,admin_type,capital,density,population,population_proper,ranking,timezone,same_name,id
Zhoujiazhuangcun,Zhoujiazhuangcun,,35.5391,118.7431,China,CN,CHN,Shandong,Shandong,CN-SD,,,729.0,,,3,Asia/Shanghai,TRUE,1156353843
Zhoujiazhuangcun,Zhoujiazhuangcun,,36.3879,119.6661,China,CN,CHN,Shandong,Shandong,CN-SD,,,704.7,,,3,Asia/Shanghai,TRUE,1156352476
Zhoujiazhuangcun,Zhoujiazhuangcun,,35.0818,118.5115,China,CN,CHN,Shandong,Shandong,CN-SD,,,704.4,,,3,Asia/Shanghai,TRUE,1156353113
Zhoujiazhuangcun,Zhoujiazhuangcun,,38.0187,117.6079,China,CN,CHN,Shandong,Shandong,CN-SD,,,702.4,,,3,Asia/Shanghai,TRUE,1156353115
Zhoujiazhuangcun,Zhoujiazhuangcun,,36.9059,118.7997,China,CN,CHN,Shandong,Shandong,CN-SD,,,683.1,,,3,Asia/Shanghai,TRUE,1156353172
Zhoujiazhuangcun,Zhoujiazhuangcun,,35.7689,117.1180,China,CN,CHN,Shandong,Shandong,CN-SD,,,677.4,,,3,Asia/Shanghai,TRUE,1156352970
Zhoujiazhuangcun,Zhoujiazhuangcun,,36.3282,117.3679,China,CN,CHN,Shandong,Shandong,CN-SD,,,659.0,,,3,Asia/Shanghai,TRUE,1156352002
Zhoujiazhuangcun,Zhoujiazhuangcun,,35.7497,118.8556,China,CN,CHN,Shandong,Shandong,CN-SD,,,623.6,,,3,Asia/Shanghai,TRUE,1156354284
Zhoujiazhuangcun,Zhoujiazhuangcun,,36.9049,118.6025,China,CN,CHN,Shandong,Shandong,CN-SD,,,581.0,,,3,Asia/Shanghai,TRUE,1156353153
Zhoujiazhuangcun,Zhoujiazhuangcun,,35.9086,117.0493,China,CN,CHN,Shandong,Shandong,CN-SD,,,554.9,,,3,Asia/Shanghai,TRUE,1156231893
Zhoujiazhuangcun,Zhoujiazhuangcun,,36.8689,120.4231,China,CN,CHN,Shandong,Shandong,CN-SD,,,472.5,,,3,Asia/Shanghai,TRUE,1156352600
Zhoujiazhuangcun,Zhoujiazhuangcun,,35.2756,118.6241,China,CN,CHN,Shandong,Shandong,CN-SD,,,453.2,,,3,Asia/Shanghai,TRUE,1156353547
Zhoujiazhuangcun,Zhoujiazhuangcun,,37.3451,121.4920,China,CN,CHN,Shandong,Shandong,CN-SD,,,447.5,,,3,Asia/Shanghai,TRUE,1156596061
Zhoujiazhuangcun,Zhoujiazhuangcun,,34.6888,118.2287,China,CN,CHN,Shandong,Shandong,CN-SD,,,440.4,,,3,Asia/Shanghai,TRUE,1156185405
Zhoujiazhuangcun,Zhoujiazhuangcun,,36.2982,118.5900,China,CN,CHN,Shandong,Shandong,CN-SD,,,414.9,,,3,Asia/Shanghai,TRUE,1156094022
Zhoujiazhuangcun,Zhoujiazhuangcun,,36.4580,119.5741,China,CN,CHN,Shandong,Shandong,CN-SD,,,411.3,,,3,Asia/Shanghai,TRUE,1156352174
Zhoujiazhuangcun,Zhoujiazhuangcun,,35.8548,116.6068,China,CN,CHN,Shandong,Shandong,CN-SD,,,342.7,,,3,Asia/Shanghai,TRUE,1156297406
Zhoujiazhuangcun,Zhoujiazhuangcun,,36.1037,117.4474,China,CN,CHN,Shandong,Shandong,CN-SD,,,330.7,,,3,Asia/Shanghai,TRUE,1156352139
Zhoujiazhuangcun,Zhoujiazhuangcun,,36.6951,120.8871,China,CN,CHN,Shandong,Shandong,CN-SD,,,287.6,,,3,Asia/Shanghai,TRUE,1156352755
Zhoujiazhuangcun,Zhoujiazhuangcun,,36.1750,116.9599,China,CN,CHN,Shandong,Shandong,CN-SD,,,249.9,,,3,Asia/Shanghai,TRUE,1156352111
Zhoujiazhuangcun,Zhoujiazhuangcun,,37.2969,122.1667,China,CN,CHN,Shandong,Shandong,CN-SD,,,237.5,,,3,Asia/Shanghai,TRUE,1156433940
Zhoujiazhuangcun,Zhoujiazhuangcun,,35.3387,117.4607,China,CN,CHN,Shandong,Shandong,CN-SD,,,220.8,,,3,Asia/Shanghai,TRUE,1156354719
Zhoujiazhuangcun,Zhoujiazhuangcun,,37.1207,122.2949,China,CN,CHN,Shandong,Shandong,CN-SD,,,203.5,,,3,Asia/Shanghai,TRUE,1156432624
Zhoujiazhuangcun,Zhoujiazhuangcun,,35.4515,117.9962,China,CN,CHN,Shandong,Shandong,CN-SD,,,173.7,,,4,Asia/Shanghai,TRUE,1156622630
Zhoujiazhuangcun,Zhoujiazhuangcun,,37.3696,120.7407,China,CN,CHN,Shandong,Shandong,CN-SD,,,164.3,,,4,Asia/Shanghai,TRUE,1156948649
Zhoujiazhuangcun,Zhoujiazhuangcun,,35.6093,119.1111,China,CN,CHN,Shandong,Shandong,CN-SD,,,86.0,,,4,Asia/Shanghai,TRUE,1156354088
Xiandaoling,Xiandaoling,,34.6185,108.0273,China,CN,CHN,Shaanxi,Shaanxi,CN-SN,,,272.0,,,3,Asia/Shanghai,FALSE,1156013540
Yangqiaotou,Yangqiaotou,,30.2303,119.8684,China,CN,CHN,Zhejiang,Zhejiang,CN-ZJ,,,356.4,,,3,Asia/Shanghai,FALSE,1156081709
Jingshanzhuangcun,Jingshanzhuangcun,,36.6417,117.0745,China,CN,CHN,Shandong,Shandong,CN-SD,,,16960.6,,,2,Asia/Shanghai,FALSE,1156911389
Jingshanzhuangcun,Jingshanzhuangcun,,35.5991,117.7007,China,CN,CHN,Shandong,Shandong,CN-SD,,,1300.6,,,3,Asia/Shanghai,TRUE,1156548700
Zhoujiazhuangcun,Zhoujiazhuangcun,,35.2573,110.8736,China,CN,CHN,Shanxi,Shanxi,CN-SX,,,155.1,,,4,Asia/Shanghai,FALSE,1156653784
Bai’en,Bai'en,,28.8847,88.0503,China,CN,CHN,Tibet,Tibet,CN-XZ,,,7.7,,,5,Asia/Shanghai,FALSE,1156037133
Nanzha,Nanzha,,23.7907,99.3310,China,CN,CHN,Yunnan,Yunnan,CN-YN,,,90.6,,,4,Asia/Shanghai,FALSE,1156172716
Nanzha,Nanzha,,23.4937,101.9270,China,CN,CHN,Yunnan,Yunnan,CN-YN,,,55.7,,,4,Asia/Shanghai,TRUE,1156398740
Yanglongtan,Yanglongtan,,38.1008,117.1860,China,CN,CHN,Hebei,Hebei,CN-HE,,,543.4,,,3,Asia/Shanghai,FALSE,1156033246
Danlian,Danlian,,31.3209,118.7293,China,CN,CHN,Jiangsu,Jiangsu,CN-JS,,,884.7,,,3,Asia/Shanghai,FALSE,1156193092
Huangjia Fenfang,Huangjia Fenfang,,43.1509,125.6799,China,CN,CHN,Jilin,Jilin,CN-JL,,,79.7,,,4,Asia/Shanghai,FALSE,1156408915
Xiaoshutou,Xiaoshutou,,42.1706,86.8449,China,CN,CHN,Xinjiang,Xinjiang,CN-XJ,,,15.4,,,4,Asia/Shanghai,FALSE,1156775162
Kasihe,Kasihe,,34.9082,102.8680,China,CN,CHN,Gansu,Gansu,CN-GS,,,82.5,,,4,Asia/Shanghai,FALSE,1156132951
Doupowei,Doupowei,,21.3323,109.9726,China,CN,CHN,Guangdong,Guangdong,CN-GD,,,945.9,,,3,Asia/Shanghai,FALSE,1156018557
Lanshanyuan,Lanshanyuan,,27.4981,110.5978,China,CN,CHN,Hunan,Hunan,CN-HN,,,159.8,,,4,Asia/Shanghai,FALSE,1156936306
Shanwangdian,Shanwangdian,,28.4078,106.4470,China,CN,CHN,Guizhou,Guizhou,CN-GZ,,,128.1,,,4,Asia/Shanghai,FALSE,1156117870
Shanwangdian,Shanwangdian,,28.4485,106.7410,China,CN,CHN,Guizhou,Guizhou,CN-GZ,,,91.7,,,4,Asia/Shanghai,TRUE,1156080397
Manaogou,Manaogou,,33.3244,109.0288,China,CN,CHN,Shaanxi,Shaanxi,CN-SN,,,108.8,,,4,Asia/Shanghai,FALSE,1156110563
Xiangfeimu,Xiangfeimu,,39.4945,75.9950,China,CN,CHN,Xinjiang,Xinjiang,CN-XJ,,,2742.1,,,2,Asia/Shanghai,FALSE,1156193480
Wangzuo,Wangzuo,,35.9667,114.2500,China,CN,CHN,Henan,Henan,CN-HA,,,415.5,,,3,Asia/Shanghai,FALSE,1156072579
Takemu,Takemu,,23.9233,102.4610,China,CN,CHN,Yunnan,Yunnan,CN-YN,,,84.7,,,4,Asia/Shanghai,FALSE,1156942172
Nanwang,Nanwang,,30.6206,120.5719,China,CN,CHN,Zhejiang,Zhejiang,CN-ZJ,,,3529.6,,,2,Asia/Shanghai,FALSE,1156595841
Heping Qiancun,Heping Qiancun,,47.2392,126.9643,China,CN,CHN,Heilongjiang,Heilongjiang,CN-HL,,,151.9,,,4,Asia/Shanghai,FALSE,1156300225
Mabingpu,Mabingpu,,31.2320,114.4029,China,CN,CHN,Hubei,Hubei,CN-HB,,,287.5,,,3,Asia/Shanghai,FALSE,1156579629
Shizhou,Shizhou,,22.9998,113.2112,China,CN,CHN,Guangdong,Guangdong,CN-GD,,,3058.3,,,2,Asia/Shanghai,FALSE,1156523098
Shizhou,Shizhou,,22.9818,112.7462,China,CN,CHN,Guangdong,Guangdong,CN-GD,,,2058.7,,,2,Asia/Shanghai,TRUE,1156671700
Shizhou,Shizhou,,22.7728,115.4265,China,CN,CHN,Guangdong,Guangdong,CN-GD,,,1000.7,,,3,Asia/Shanghai,TRUE,1156011894
Xuchahecun,Xuchahecun,,35.9563,115.9645,China,CN,CHN,Shandong,Shandong,CN-SD,,,600.5,,,3,Asia/Shanghai,FALSE,1156493121
Wawucun,Wawucun,,22.2634,110.7808,China,CN,CHN,Guangdong,Guangdong,CN-GD,,,328.9,,,3,Asia/Shanghai,FALSE,1156566803
Laosang,Laosang,,23.1195,106.0600,China,CN,CHN,Guangxi,Guangxi,CN-GX,,,112.5,,,4,Asia/Shanghai,FALSE,1156041032
Shuiqiaojiang,Shuiqiaojiang,Shuikou,24.8302,115.2048,China,CN,CHN,Jiangxi,Jiangxi,CN-JX,,,78.5,,,4,Asia/Shanghai,FALSE,1156557997
Maoshikeng,Maoshikeng,,27.8903,119.2842,China,CN,CHN,Zhejiang,Zhejiang,CN-ZJ,,,30.4,,,4,Asia/Shanghai,FALSE,1156458162
Pingmale,Pingmale,,24.3698,105.7360,China,CN,CHN,Guangxi,Guangxi,CN-GX,,,37.4,,,4,Asia/Shanghai,FALSE,1156891310
Shitan,Shitan,,25.5726,114.7408,China,CN,CHN,Jiangxi,Jiangxi,CN-JX,,,185.6,,,4,Asia/Shanghai,FALSE,1156045629
Dongliao,Dongliao,,24.8467,111.5373,China,CN,CHN,Hunan,Hunan,CN-HN,,,263.8,,,3,Asia/Shanghai,FALSE,1156210144
Shifangyuan,Shifangyuan,,33.7697,111.6427,China,CN,CHN,Henan,Henan,CN-HA,,,497.1,,,3,Asia/Shanghai,FALSE,1156308476
Shizhou,Shizhou,,22.8726,108.8400,China,CN,CHN,Guangxi,Guangxi,CN-GX,,,403.8,,,3,Asia/Shanghai,FALSE,1156089921
Shanghetoushan,Shanghetoushan,,24.7486,97.8006,China,CN,CHN,Yunnan,Yunnan,CN-YN,,,75.7,,,4,Asia/Shanghai,FALSE,1156084040
Jingjiagoucun,Jingjiagoucun,,42.1949,124.9430,China,CN,CHN,Liaoning,Liaoning,CN-LN,,,22.4,,,4,Asia/Shanghai,FALSE,1156350719
Mingzhou,Mingzhou,Suyde|Shuiteh|Sui-te-hsien|Sui-te|Suide|Sui-teh,37.4997,110.2539,China,CN,CHN,Shaanxi,Shaanxi,CN-SN,,,1804.0,,,3,Asia/Shanghai,FALSE,1156035851
Shitan,Shitan,,32.0715,119.5923,China,CN,CHN,Jiangsu,Jiangsu,CN-JS,,,2554.8,,,2,Asia/Shanghai,FALSE,1156274020
Pinghe,Pinghe,,24.2667,98.6500,China,CN,CHN,Yunnan,Yunnan,CN-YN,,,405.3,,,3,Asia/Shanghai,FALSE,1156616910
Pinghe,Pinghe,,24.0773,100.6960,China,CN,CHN,Yunnan,Yunnan,CN-YN,,,59.6,,,4,Asia/Shanghai,TRUE,1156130782
Pinghe,Pinghe,,22.7011,103.4720,China,CN,CHN,Yunnan,Yunnan,CN-YN,,,46.8,,,4,Asia/Shanghai,TRUE,1156317447
Pinghe,Pinghe,,27.9024,103.6660,China,CN,CHN,Yunnan,Yunnan,CN-YN,,,44.6,,,4,Asia/Shanghai,TRUE,1156104362
Yangping,Yangping,,27.0768,119.6145,China,CN,CHN,Fujian,Fujian,CN-FJ,,,1170.0,,,3,Asia/Shanghai,FALSE,1156182848
Yangping,Yangping,,26.6384,119.9762,China,CN,CHN,Fujian,Fujian,CN-FJ,,,534.7,,,3,Asia/Shanghai,TRUE,1156187553
Yangping,Yangping,,25.3987,119.5972,China,CN,CHN,Fujian,Fujian,CN-FJ,,,436.2,,,3,Asia/Shanghai,TRUE,1156205385
Yangping,Yangping,,24.2450,118.0550,China,CN,CHN,Fujian,Fujian,CN-FJ,,,244.4,,,3,Asia/Shanghai,TRUE,1156067828
Yangping,Yangping,,26.4915,119.4097,China,CN,CHN,Fujian,Fujian,CN-FJ,,,108.2,,,4,Asia/Shanghai,TRUE,1156419513
Yangping,Yangping,,25.4378,117.7393,China,CN,CHN,Fujian,Fujian,CN-FJ,,,87.6,,,4,Asia/Shanghai,TRUE,1156686109
Yangping,Yangping,,26.7145,119.2778,China,CN,CHN,Fujian,Fujian,CN-FJ,,,51.0,,,4,Asia/Shanghai,TRUE,1156419233
Yangping,Yangping,,25.6876,116.1183,China,CN,CHN,Fujian,Fujian,CN-FJ,,,25.3,,,4,Asia/Shanghai,TRUE,1156455168
Qianhongtuliang,Qianhongtuliang,,36.3062,111.3632,China,CN,CHN,Shanxi,Shanxi,CN-SX,,,174.3,,,4,Asia/Shanghai,FALSE,1156570052
Liwen Wopeng,Liwen Wopeng,,48.1270,125.3640,China,CN,CHN,Heilongjiang,Heilongjiang,CN-HL,,,116.6,,,4,Asia/Shanghai,FALSE,1156321602
Taizi,Taizi,,33.6651,111.4786,China,CN,CHN,Henan,Henan,CN-HA,,,95.4,,,4,Asia/Shanghai,FALSE,1156226176
Akeyacun,Akeyacun,,40.6188,80.3190,China,CN,CHN,Xinjiang,Xinjiang,CN-XJ,,,191.2,,,4,Asia/Shanghai,FALSE,1156210344
Akeyacun,Akeyacun,,37.3887,85.6676,China,CN,CHN,Xinjiang,Xinjiang,CN-XJ,,,0.4,,,5,Asia/Shanghai,TRUE,1156295625
Muwucun,Muwucun,,29.3373,119.4687,China,CN,CHN,Zhejiang,Zhejiang,CN-ZJ,,,235.1,,,3,Asia/Shanghai,FALSE,1156394166
Jiasui,Jiasui,,25.1190,108.5210,China,CN,CHN,Guangxi,Guangxi,CN-GX,,,38.7,,,4,Asia/Shanghai,FALSE,1156746088
Wu’erlayi,Wu'erlayi,,39.5216,75.9880,China,CN,CHN,Xinjiang,Xinjiang,CN-XJ,,,2742.1,,,2,Asia/Shanghai,FALSE,1156029204
Qianmatoucun,Qianmatoucun,,30.8532,120.5832,China,CN,CHN,Zhejiang,Zhejiang,CN-ZJ,,,1057.4,,,3,Asia/Shanghai,FALSE,1156378409
Shantangbiaotun,Shantangbiaotun,Shantangbiao,23.2522,110.2980,China,CN,CHN,Guangxi,Guangxi,CN-GX,,,268.3,,,3,Asia/Shanghai,FALSE,1156334655
Dongshaoxia,Dongshaoxia,,32.7995,119.5835,China,CN,CHN,Jiangsu,Jiangsu,CN-JS,,,535.9,,,3,Asia/Shanghai,FALSE,1156553993
Shishugang,Shishugang,,29.1957,120.8168,China,CN,CHN,Zhejiang,Zhejiang,CN-ZJ,,,58.9,,,4,Asia/Shanghai,FALSE,1156486046
Beilan,Beilan,,20.2907,109.9687,China,CN,CHN,Guangdong,Guangdong,CN-GD,,,749.9,,,3,Asia/Shanghai,FALSE,1156330498
Beilan,Beilan,,22.1874,110.8470,China,CN,CHN,Guangdong,Guangdong,CN-GD,,,348.8,,,3,Asia/Shanghai,TRUE,1156124466
Guaijiang,Guaijiang,,25.7689,110.0140,China,CN,CHN,Guangxi,Guangxi,CN-GX,,,232.7,,,3,Asia/Shanghai,FALSE,1156618623
Hujiayuan,Hujiayuan,,26.6487,111.7147,China,CN,CHN,Hunan,Hunan,CN-HN,,,256.4,,,3,Asia/Shanghai,FALSE,1156641574
Huangjia’ao,Huangjia'ao,,29.6512,121.3751,China,CN,CHN,Zhejiang,Zhejiang,CN-ZJ,,,4271.1,,,2,Asia/Shanghai,FALSE,1156045871
Huangjia’ao,Huangjia'ao,Huang-li-ao,30.0292,121.8622,China,CN,CHN,Zhejiang,Zhejiang,CN-ZJ,,,503.7,,,3,Asia/Shanghai,TRUE,1156156055
Huangjia’ao,Huangjia'ao,,30.2477,122.2639,China,CN,CHN,Zhejiang,Zhejiang,CN-ZJ,,,440.7,,,3,Asia/Shanghai,TRUE,1156028968
Huangjia’ao,Huangjia'ao,,29.9318,120.6878,China,CN,CHN,Zhejiang,Zhejiang,CN-ZJ,,,200.4,,,3,Asia/Shanghai,TRUE,1156104931
Dayitun,Dayitun,,39.7139,122.9110,China,CN,CHN,Liaoning,Liaoning,CN-LN,,,333.4,,,3,Asia/Shanghai,FALSE,1156998226
Dayitun,Dayitun,,39.8010,121.4970,China,CN,CHN,Liaoning,Liaoning,CN-LN,,,132.7,,,4,Asia/Shanghai,TRUE,1156338698
Nadiaocun,Nadiaocun,,21.9768,110.6801,China,CN,CHN,Guangdong,Guangdong,CN-GD,,,271.1,,,3,Asia/Shanghai,FALSE,1156550350
Hujiayuan,Hujiayuan,,32.8216,111.1176,China,CN,CHN,Hubei,Hubei,CN-HB,,,193.0,,,4,Asia/Shanghai,FALSE,1156229332
Hujiayuan,Hujiayuan,,32.9905,109.9346,China,CN,CHN,Hubei,Hubei,CN-HB,,,99.0,,,4,Asia/Shanghai,TRUE,1156018345
Hujiayuan,Hujiayuan,,30.9779,111.7708,China,CN,CHN,Hubei,Hubei,CN-HB,,,89.9,,,4,Asia/Shanghai,TRUE,1156129508
Hujiayuan,Hujiayuan,,31.9105,111.1376,China,CN,CHN,Hubei,Hubei,CN-HB,,,89.1,,,4,Asia/Shanghai,TRUE,1156251648
Hujiayuan,Hujiayuan,,32.0865,110.4434,China,CN,CHN,Hubei,Hubei,CN-HB,,,45.6,,,4,Asia/Shanghai,TRUE,1156246286
Hujiayuan,Hujiayuan,,32.6313,110.4233,China,CN,CHN,Hubei,Hubei,CN-HB,,,25.9,,,4,Asia/Shanghai,TRUE,1156499107
Naqiang,Naqiang,,30.0297,88.3851,China,CN,CHN,Tibet,Tibet,CN-XZ,,,1.4,,,5,Asia/Shanghai,FALSE,1156244082
Naqiang,Naqiang,,30.2297,84.4914,China,CN,CHN,Tibet,Tibet,CN-XZ,,,0.7,,,5,Asia/Shanghai,TRUE,1156164692
Hujiayuan,Hujiayuan,,34.4038,111.5341,China,CN,CHN,Henan,Henan,CN-HA,,,260.0,,,3,Asia/Shanghai,FALSE,1156823814
Mushan,Mushan,,24.6139,112.4311,China,CN,CHN,Guangdong,Guangdong,CN-GD,,,196.2,,,4,Asia/Shanghai,FALSE,1156334828
Jingkengzi,Jingkengzi,,27.9417,118.6868,China,CN,CHN,Fujian,Fujian,CN-FJ,,,52.5,,,4,Asia/Shanghai,FALSE,1156142587
Dujia Yaoxian,Dujia Yaoxian,,36.3354,108.0330,China,CN,CHN,Gansu,Gansu,CN-GS,,,20.7,,,4,Asia/Shanghai,FALSE,1156226038
Dagouli,Dagouli,,32.9922,105.1510,China,CN,CHN,Gansu,Gansu,CN-GS,,,95.9,,,4,Asia/Shanghai,FALSE,1156699407
Shatangzui,Shatangzui,,24.4122,115.2531,China,CN,CHN,Guangdong,Guangdong,CN-GD,,,241.2,,,3,Asia/Shanghai,FALSE,1156260829
Qianzhiwanggoucun,Qianzhiwanggoucun,,36.9040,109.8650,China,CN,CHN,Shaanxi,Shaanxi,CN-SN,,,37.7,,,4,Asia/Shanghai,FALSE,1156013064
Dongbaita,Dongbaita,,39.5989,116.4864,China,CN,CHN,Beijing,Beijing,CN-BJ,,,645.6,,,3,Asia/Shanghai,FALSE,1156082551
Lianglu,Lianglu,,28.9556,106.6510,China,CN,CHN,Chongqing,Chongqing,CN-CQ,,,302.2,,,3,Asia/Shanghai,FALSE,1156950012
Lianglu,Lianglu,,28.6852,106.5205,China,CN,CHN,Chongqing,Chongqing,CN-CQ,,,92.9,,,4,Asia/Shanghai,TRUE,1156610610
Lianglu,Lianglu,,30.6972,107.7724,China,CN,CHN,Chongqing,Chongqing,CN-CQ,,,92.7,,,4,Asia/Shanghai,TRUE,1156176869
Tangke,Tangke,,24.2026,117.0400,China,CN,CHN,Fujian,Fujian,CN-FJ,,,229.7,,,3,Asia/Shanghai,FALSE,1156282890
Tangke,Tangke,,27.1969,117.9483,China,CN,CHN,Fujian,Fujian,CN-FJ,,,46.7,,,4,Asia/Shanghai,TRUE,1156162264
Yangtan,Yangtan,,28.2312,119.9272,China,CN,CHN,Zhejiang,Zhejiang,CN-ZJ,,,13.9,,,4,Asia/Shanghai,FALSE,1156279761
Huotouzhai,Huotouzhai,,22.5830,99.7283,China,CN,CHN,Yunnan,Yunnan,CN-YN,,,40.3,,,4,Asia/Shanghai,FALSE,1156915144
Chamentou,Chamentou,Fenmentou,27.0255,120.1982,China,CN,CHN,Fujian,Fujian,CN-FJ,,,173.3,,,4,Asia/Shanghai,FALSE,1156997343
Zhangjicun,Zhangjicun,,34.3503,117.0063,China,CN,CHN,Jiangsu,Jiangsu,CN-JS,,,837.2,,,3,Asia/Shanghai,FALSE,1156304497
Zhangjicun,Zhangjicun,,34.8797,116.4571,China,CN,CHN,Jiangsu,Jiangsu,CN-JS,,,752.4,,,3,Asia/Shanghai,TRUE,1156297693
Zhangjicun,Zhangjicun,Dongzhangji,34.8347,116.7471,China,CN,CHN,Jiangsu,Jiangsu,CN-JS,,,747.5,,,3,Asia/Shanghai,TRUE,1156409468
Zhangjicun,Zhangjicun,,34.6347,116.9837,China,CN,CHN,Jiangsu,Jiangsu,CN-JS,,,736.6,,,3,Asia/Shanghai,TRUE,1156303049
Zhangjicun,Zhangjicun,,33.6965,119.0075,China,CN,CHN,Jiangsu,Jiangsu,CN-JS,,,638.3,,,3,Asia/Shanghai,TRUE,1156305488
Zhangjicun,Zhangjicun,,33.6919,119.2995,China,CN,CHN,Jiangsu,Jiangsu,CN-JS,,,498.3,,,3,Asia/Shanghai,TRUE,1156317947
Zhangjicun,Zhangjicun,,33.7427,117.8347,China,CN,CHN,Jiangsu,Jiangsu,CN-JS,,,432.6,,,3,Asia/Shanghai,TRUE,1156303327
Zhangjicun,Zhangjicun,,32.2841,120.1413,China,CN,CHN,Jiangsu,Jiangsu,CN-JS,,,270.3,,,3,Asia/Shanghai,TRUE,1156359745
Zhangjicun,Zhangjicun,,33.3821,119.4683,China,CN,CHN,Jiangsu,Jiangsu,CN-JS,,,167.8,,,4,Asia/Shanghai,TRUE,1156321295
Liujiapingcun,Liujiapingcun,,37.8944,110.6384,China,CN,CHN,Shanxi,Shanxi,CN-SX,,,220.3,,,3,Asia/Shanghai,FALSE,1156088515
Xialongnian,Xialongnian,,23.5689,105.9120,China,CN,CHN,Yunnan,Yunnan,CN-YN,,,132.5,,,4,Asia/Shanghai,FALSE,1156885542
Jiaojiayuan,Jiaojiayuan,,36.5445,109.9905,China,CN,CHN,Shaanxi,Shaanxi,CN-SN,,,304.7,,,3,Asia/Shanghai,FALSE,1156598997
Jiaojiayuan,Jiaojiayuan,,33.7573,106.8271,China,CN,CHN,Shaanxi,Shaanxi,CN-SN,,,17.0,,,4,Asia/Shanghai,TRUE,1156704101
Qianlianghecun,Qianlianghecun,,35.3522,119.4491,China,CN,CHN,Shandong,Shandong,CN-SD,,,3036.9,,,2,Asia/Shanghai,FALSE,1156437705
Xichunzhuangcun,Xichunzhuangcun,,35.4685,117.7104,China,CN,CHN,Shandong,Shandong,CN-SD,,,447.2,,,3,Asia/Shanghai,FALSE,1156271407
Nansan Lidiancun,Nansan Lidiancun,,37.2875,120.8148,China,CN,CHN,Shandong,Shandong,CN-SD,,,1316.8,,,3,Asia/Shanghai,FALSE,1156500126
Tianluocun,Tianluocun,,23.1314,112.4044,China,CN,CHN,Guangdong,Guangdong,CN-GD,,,189.0,,,4,Asia/Shanghai,FALSE,1156451019
Hulicun,Hulicun,,25.9680,119.4799,China,CN,CHN,Fujian,Fujian,CN-FJ,,,1667.6,,,3,Asia/Shanghai,FALSE,1156509608
Hulicun,Hulicun,,23.9082,117.6232,China,CN,CHN,Fujian,Fujian,CN-FJ,,,1118.7,,,3,Asia/Shanghai,TRUE,1156429482
Hulicun,Hulicun,Huli,26.2253,119.6230,China,CN,CHN,Fujian,Fujian,CN-FJ,,,1010.2,,,3,Asia/Shanghai,TRUE,1156362800
Hulicun,Hulicun,Huli,24.9320,116.6011,China,CN,CHN,Fujian,Fujian,CN-FJ,,,115.2,,,4,Asia/Shanghai,TRUE,1156814214
Hulicun,Hulicun,Huli,26.7363,119.2251,China,CN,CHN,Fujian,Fujian,CN-FJ,,,89.2,,,4,Asia/Shanghai,TRUE,1156045608
Hulicun,Hulicun,,27.0167,120.0780,China,CN,CHN,Fujian,Fujian,CN-FJ,,,64.2,,,4,Asia/Shanghai,TRUE,1156429635
Hulicun,Hulicun,Huli,25.8364,118.5044,China,CN,CHN,Fujian,Fujian,CN-FJ,,,47.1,,,4,Asia/Shanghai,TRUE,1156328614
Jiaxianzhuang,Jiaxianzhuang,,40.7605,114.6197,China,CN,CHN,Hebei,Hebei,CN-HE,,,287.7,,,3,Asia/Shanghai,FALSE,1156349543
Shangkanzicun,Shangkanzicun,,41.3586,121.2822,China,CN,CHN,Liaoning,Liaoning,CN-LN,,,260.0,,,3,Asia/Shanghai,FALSE,1156353013
Shangkanzicun,Shangkanzicun,,40.8499,120.9710,China,CN,CHN,Liaoning,Liaoning,CN-LN,,,142.0,,,4,Asia/Shanghai,TRUE,1156334374
Rensimiao,Rensimiao,,39.3479,121.9050,China,CN,CHN,Liaoning,Liaoning,CN-LN,,,642.6,,,3,Asia/Shanghai,FALSE,1156334041
Caoxiangtou,Caoxiangtou,,31.8803,120.4937,China,CN,CHN,Jiangsu,Jiangsu,CN-JS,,,10605.6,,,2,Asia/Shanghai,FALSE,1156252838
Yaocaicun,Yaocaicun,,33.6497,116.0497,China,CN,CHN,Anhui,Anhui,CN-AH,,,750.4,,,3,Asia/Shanghai,FALSE,1156537902
Haozuocun,Haozuocun,,22.3039,107.8211,China,CN,CHN,Guangxi,Guangxi,CN-GX,,,90.9,,,4,Asia/Shanghai,FALSE,1156439743
Maozhuangzi,Maozhuangzi,,39.8448,98.4001,China,CN,CHN,Gansu,Gansu,CN-GS,,,26.5,,,4,Asia/Shanghai,FALSE,1156077173
Shuofancun,Shuofancun,,29.2373,119.2907,China,CN,CHN,Zhejiang,Zhejiang,CN-ZJ,,,673.7,,,3,Asia/Shanghai,FALSE,1156396131
Batesi,Batesi,,48.1507,87.0803,China,CN,CHN,Xinjiang,Xinjiang,CN-XJ,,,7.3,,,5,Asia/Shanghai,FALSE,1156573181
Shijiacun,Shijiacun,,32.8449,117.6937,China,CN,CHN,Anhui,Anhui,CN-AH,,,513.9,,,3,Asia/Shanghai,FALSE,1156169076
Nianzhuo,Nianzhuo,,29.1946,86.4620,China,CN,CHN,Tibet,Tibet,CN-XZ,,,4.1,,,5,Asia/Shanghai,FALSE,1156236281
Gajiang,Gajiang,,28.4586,89.6384,China,CN,CHN,Tibet,Tibet,CN-XZ,,,2.4,,,5,Asia/Shanghai,FALSE,1156995214
Banqiao,Banqiao,Pan-ch’iao,27.5500,104.9000,China,CN,CHN,Yunnan,Yunnan,CN-YN,,,537.6,,,3,Asia/Shanghai,FALSE,1156243382
Banqiao,Banqiao,,27.4130,104.2770,China,CN,CHN,Yunnan,Yunnan,CN-YN,,,273.1,,,3,Asia/Shanghai,TRUE,1156063303
Banqiao,Banqiao,,23.0285,104.1960,China,CN,CHN,Yunnan,Yunnan,CN-YN,,,171.6,,,4,Asia/Shanghai,TRUE,1156250545
Banqiao,Banqiao,,25.2125,101.8640,China,CN,CHN,Yunnan,Yunnan,CN-YN,,,158.9,,,4,Asia/Shanghai,TRUE,1156319792
Banqiao,Banqiao,,24.1728,104.0970,China,CN,CHN,Yunnan,Yunnan,CN-YN,,,128.9,,,4,Asia/Shanghai,TRUE,1156373378
Banqiao,Banqiao,,23.4250,99.8691,China,CN,CHN,Yunnan,Yunnan,CN-YN,,,127.6,,,4,Asia/Shanghai,TRUE,1156995016
Banqiao,Banqiao,,26.0174,102.3679,China,CN,CHN,Yunnan,Yunnan,CN-YN,,,102.5,,,4,Asia/Shanghai,TRUE,1156283875
Banqiao,Banqiao,Pan-ch’iao,25.6189,102.9725,China,CN,CHN,Yunnan,Yunnan,CN-YN,,,78.1,,,4,Asia/Shanghai,TRUE,1156402210
Banqiao,Banqiao,,25.1986,98.3281,China,CN,CHN,Yunnan,Yunnan,CN-YN,,,71.9,,,4,Asia/Shanghai,TRUE,1156752025
Banqiao,Banqiao,,26.1518,102.3605,China,CN,CHN,Yunnan,Yunnan,CN-YN,,,71.2,,,4,Asia/Shanghai,TRUE,1156474947
Banqiao,Banqiao,,23.2056,101.5530,China,CN,CHN,Yunnan,Yunnan,CN-YN,,,49.5,,,4,Asia/Shanghai,TRUE,1156202468
Banqiao,Banqiao,,26.0984,99.8036,China,CN,CHN,Yunnan,Yunnan,CN-YN,,,48.0,,,4,Asia/Shanghai,TRUE,1156190685
Banqiao,Banqiao,,24.0652,103.7180,China,CN,CHN,Yunnan,Yunnan,CN-YN,,,47.5,,,4,Asia/Shanghai,TRUE,1156106631
Xiamaliyuan,Xiamaliyuan,,26.1235,112.1580,China,CN,CHN,Hunan,Hunan,CN-HN,,,34.6,,,4,Asia/Shanghai,FALSE,1156811261
Tangweitou,Tangweitou,,22.6707,111.9386,China,CN,CHN,Guangdong,Guangdong,CN-GD,,,296.5,,,3,Asia/Shanghai,FALSE,1156659026
Majin,Majin,,31.6538,94.2553,China,CN,CHN,Tibet,Tibet,CN-XZ,,,6.7,,,5,Asia/Shanghai,FALSE,1156960190
Dongfengjiazhaicun,Dongfengjiazhaicun,,37.5113,116.6737,China,CN,CHN,Shandong,Shandong,CN-SD,,,322.3,,,3,Asia/Shanghai,FALSE,1156465062
Shenqing,Shenqing,,26.4166,103.8900,China,CN,CHN,Yunnan,Yunnan,CN-YN,,,175.1,,,4,Asia/Shanghai,FALSE,1156657778
Jingfa,Jingfa,,24.2589,107.2870,China,CN,CHN,Guangxi,Guangxi,CN-GX,,,117.4,,,4,Asia/Shanghai,FALSE,1156848046
Qianzhen,Qianzhen,,28.3944,100.8430,China,CN,CHN,Sichuan,Sichuan,CN-SC,,,6.6,,,5,Asia/Shanghai,FALSE,1156739778
Wangjiayancun,Wangjiayancun,,35.3611,118.5556,China,CN,CHN,Shandong,Shandong,CN-SD,,,567.9,,,3,Asia/Shanghai,FALSE,1156751509
Dongshaqu,Dongshaqu,,37.2925,106.1080,China,CN,CHN,Ningxia,Ningxia,CN-NX,,,30.7,,,4,Asia/Shanghai,FALSE,1156691123
Xijiunühecun,Xijiunuhecun,,38.4305,117.1648,China,CN,CHN,Hebei,Hebei,CN-HE,,,232.7,,,3,Asia/Shanghai,FALSE,1156486321
Longxiang,Longxiang,,22.0753,110.5446,China,CN,CHN,Guangdong,Guangdong,CN-GD,,,302.1,,,3,Asia/Shanghai,FALSE,1156247736
Gejiawana,Gejiawana,,36.4557,80.8972,China,CN,CHN,Xinjiang,Xinjiang,CN-XJ,,,17.9,,,4,Asia/Shanghai,FALSE,1156333161
Nanyangsi,Nanyangsi,,30.3197,104.1384,China,CN,CHN,Sichuan,Sichuan,CN-SC,,,734.8,,,3,Asia/Shanghai,FALSE,1156460292
Wangjiayancun,Wangjiayancun,,38.1288,110.4809,China,CN,CHN,Shaanxi,Shaanxi,CN-SN,,,160.4,,,4,Asia/Shanghai,FALSE,1156081049
Wangjiayancun,Wangjiayancun,,37.7687,110.5981,China,CN,CHN,Shaanxi,Shaanxi,CN-SN,,,124.7,,,4,Asia/Shanghai,TRUE,1156279680
Wangjiayancun,Wangjiayancun,,37.4520,110.5296,China,CN,CHN,Shaanxi,Shaanxi,CN-SN,,,112.9,,,4,Asia/Shanghai,TRUE,1156948951
Wangjiayancun,Wangjiayancun,,37.7031,109.8897,China,CN,CHN,Shaanxi,Shaanxi,CN-SN,,,77.5,,,4,Asia/Shanghai,TRUE,1156967835
Wangjiayancun,Wangjiayancun,,37.6839,109.6532,China,CN,CHN,Shaanxi,Shaanxi,CN-SN,,,65.0,,,4,Asia/Shanghai,TRUE,1156388462
Wangjiayancun,Wangjiayancun,,38.0759,110.2283,China,CN,CHN,Shaanxi,Shaanxi,CN-SN,,,58.3,,,4,Asia/Shanghai,TRUE,1156131529
Wangjiayancun,Wangjiayancun,,37.8218,109.5982,China,CN,CHN,Shaanxi,Shaanxi,CN-SN,,,36.9,,,4,Asia/Shanghai,TRUE,1156911209
Wangjiayancun,Wangjiayancun,,38.4951,110.3952,China,CN,CHN,Shaanxi,Shaanxi,CN-SN,,,32.4,,,4,Asia/Shanghai,TRUE,1156830268
Xiongnong,Xiongnong,,28.7258,98.6486,China,CN,CHN,Tibet,Tibet,CN-XZ,,,8.2,,,5,Asia/Shanghai,FALSE,1156283063
Longshengba,Longshengba,,27.8784,105.7603,China,CN,CHN,Sichuan,Sichuan,CN-SC,,,311.9,,,3,Asia/Shanghai,FALSE,1156709190
Qidingzicun,Qidingzicun,,42.9538,128.4289,China,CN,CHN,Jilin,Jilin,CN-JL,,,10.9,,,4,Asia/Shanghai,FALSE,1156478587
Dijigou,Dijigou,,27.6852,108.1750,China,CN,CHN,Guizhou,Guizhou,CN-GZ,,,342.4,,,3,Asia/Shanghai,FALSE,1156201552
Suowan,Suowan,,27.5152,104.0750,China,CN,CHN,Yunnan,Yunnan,CN-YN,,,342.2,,,3,Asia/Shanghai,FALSE,1156650587
Xiaobeijingcun,Xiaobeijingcun,,35.3035,117.4867,China,CN,CHN,Shandong,Shandong,CN-SD,,,220.8,,,3,Asia/Shanghai,FALSE,1156472508
Xihanjiacun,Xihanjiacun,,41.7438,124.4400,China,CN,CHN,Liaoning,Liaoning,CN-LN,,,34.2,,,4,Asia/Shanghai,FALSE,1156336987
Dashan Dongzhuang,Dashan Dongzhuang,,39.9437,118.7518,China,CN,CHN,Hebei,Hebei,CN-HE,,,351.2,,,3,Asia/Shanghai,FALSE,1156329116
Longxiang,Longxiang,,23.7184,108.6240,China,CN,CHN,Guangxi,Guangxi,CN-GX,,,117.1,,,4,Asia/Shanghai,FALSE,1156183372
Longxiang,Longxiang,,23.0290,108.2090,China,CN,CHN,Guangxi,Guangxi,CN-GX,,,111.1,,,4,Asia/Shanghai,TRUE,1156251585
Longxiang,Longxiang,,23.9976,109.5510,China,CN,CHN,Guangxi,Guangxi,CN-GX,,,109.9,,,4,Asia/Shanghai,TRUE,1156556211
Longxiang,Longxiang,,23.4408,106.9290,China,CN,CHN,Guangxi,Guangxi,CN-GX,,,94.0,,,4,Asia/Shanghai,TRUE,1156230998
Longxiang,Longxiang,,24.2639,108.0210,China,CN,CHN,Guangxi,Guangxi,CN-GX,,,75.5,,,4,Asia/Shanghai,TRUE,1156636486
Yaoganweng Aotaike,Yaoganweng Aotaike,,42.9035,95.1492,China,CN,CHN,Xinjiang,Xinjiang,CN-XJ,,,3.4,,,5,Asia/Shanghai,FALSE,1156249809
Yangneicun,Yangneicun,Yangnei,25.1800,118.0568,China,CN,CHN,Fujian,Fujian,CN-FJ,,,632.4,,,3,Asia/Shanghai,FALSE,1156364491
Yingbeicun,Yingbeicun,,38.5012,106.1620,China,CN,CHN,Ningxia,Ningxia,CN-NX,,,4250.0,,,2,Asia/Shanghai,FALSE,1156106929
Wangcuihu,Wangcuihu,,37.2574,115.7640,China,CN,CHN,Hebei,Hebei,CN-HE,,,584.3,,,3,Asia/Shanghai,FALSE,1156687747
Cheng‘ao,Cheng`ao,,29.7448,120.8738,China,CN,CHN,Zhejiang,Zhejiang,CN-ZJ,,,617.3,,,3,Asia/Shanghai,FALSE,1156473443
Shangjintang,Shangjintang,,29.0964,120.3754,China,CN,CHN,Zhejiang,Zhejiang,CN-ZJ,,,256.6,,,3,Asia/Shanghai,FALSE,1156840641
Cunqiancun,Cunqiancun,,26.3992,119.6537,China,CN,CHN,Fujian,Fujian,CN-FJ,,,860.1,,,3,Asia/Shanghai,FALSE,1156322319
Zhangfengcun,Zhangfengcun,,28.2057,116.6950,China,CN,CHN,Jiangxi,Jiangxi,CN-JX,,,230.3,,,3,Asia/Shanghai,FALSE,1156003624
Naqiongkou,Naqiongkou,,32.6938,96.4095,China,CN,CHN,Qinghai,Qinghai,CN-QH,,,9.5,,,5,Asia/Shanghai,FALSE,1156627141
Susapo,Susapo,,25.7000,103.1620,China,CN,CHN,Yunnan,Yunnan,CN-YN,,,68.3,,,4,Asia/Shanghai,FALSE,1156711803
Nanbaimacun,Nanbaimacun,,39.3938,115.5207,China,CN,CHN,Hebei,Hebei,CN-HE,,,354.8,,,3,Asia/Shanghai,FALSE,1156453392
Jujiawa,Jujiawa,,37.4100,116.6030,China,CN,CHN,Shandong,Shandong,CN-SD,,,350.1,,,3,Asia/Shanghai,FALSE,1156870900
Yuanjiaya,Yuanjiaya,,33.3649,107.6417,China,CN,CHN,Shaanxi,Shaanxi,CN-SN,,,24.5,,,4,Asia/Shanghai,FALSE,1156827037
Nanfuyi,Nanfuyi,,35.6713,109.3869,China,CN,CHN,Shaanxi,Shaanxi,CN-SN,,,92.5,,,4,Asia/Shanghai,FALSE,1156061840
Guanjia,Guanjia,,26.4574,100.6620,China,CN,CHN,Yunnan,Yunnan,CN-YN,,,124.8,,,4,Asia/Shanghai,FALSE,1156373010
Luosuo,Luosuo,,24.6604,102.1647,China,CN,CHN,Yunnan,Yunnan,CN-YN,,,404.7,,,3,Asia/Shanghai,FALSE,1156321999
Beitang,Beitang,,26.4398,99.9623,China,CN,CHN,Yunnan,Yunnan,CN-YN,,,143.5,,,4,Asia/Shanghai,FALSE,1156117294
Longwancun,Longwancun,,23.5799,105.9950,China,CN,CHN,Yunnan,Yunnan,CN-YN,,,53.6,,,4,Asia/Shanghai,FALSE,1156538671
Maojiashan,Maojiashan,,28.8820,104.9110,China,CN,CHN,Sichuan,Sichuan,CN-SC,,,361.2,,,3,Asia/Shanghai,FALSE,1156320147
Maojiashan,Maojiashan,,27.9914,105.5869,China,CN,CHN,Sichuan,Sichuan,CN-SC,,,88.6,,,4,Asia/Shanghai,TRUE,1156559230
Maojiashan,Maojiashan,,32.2668,105.5839,China,CN,CHN,Sichuan,Sichuan,CN-SC,,,76.5,,,4,Asia/Shanghai,TRUE,1156092511
Maojiashan,Maojiashan,,32.1401,104.6222,China,CN,CHN,Sichuan,Sichuan,CN-SC,,,54.8,,,4,Asia/Shanghai,TRUE,1156511414
Shanggupao,Shanggupao,,24.0187,110.7360,China,CN,CHN,Guangxi,Guangxi,CN-GX,,,97.8,,,4,Asia/Shanghai,FALSE,1156030303
Naihuo Shequ,Naihuo Shequ,,44.5726,129.5616,China,CN,CHN,Heilongjiang,Heilongjiang,CN-HL,,,6065.7,,,2,Asia/Shanghai,FALSE,1156518974
Xiangshuitan,Xiangshuitan,,32.6023,110.3351,China,CN,CHN,Hubei,Hubei,CN-HB,,,59.3,,,4,Asia/Shanghai,FALSE,1156116787
Xiangshuitan,Xiangshuitan,,32.9128,113.6019,China,CN,CHN,Henan,Henan,CN-HA,,,240.3,,,3,Asia/Shanghai,FALSE,1156569044
Xiangshuitan,Xiangshuitan,,31.8832,114.0110,China,CN,CHN,Henan,Henan,CN-HA,,,70.9,,,4,Asia/Shanghai,TRUE,1156258737
Anaxiji,Anaxiji,,28.1426,102.3220,China,CN,CHN,Sichuan,Sichuan,CN-SC,,,102.4,,,4,Asia/Shanghai,FALSE,1156021264
Maojiashan,Maojiashan,,35.7463,112.1998,China,CN,CHN,Shanxi,Shanxi,CN-SX,,,158.7,,,4,Asia/Shanghai,FALSE,1156706002
Xinzhoujiacun,Xinzhoujiacun,,29.0783,119.4987,China,CN,CHN,Zhejiang,Zhejiang,CN-ZJ,,,1004.7,,,3,Asia/Shanghai,FALSE,1156410382
Liujiapingcun,Liujiapingcun,,35.6041,118.8972,China,CN,CHN,Shandong,Shandong,CN-SD,,,715.2,,,3,Asia/Shanghai,FALSE,1156519077
Liujiapingcun,Liujiapingcun,,35.5157,118.3446,China,CN,CHN,Shandong,Shandong,CN-SD,,,369.8,,,3,Asia/Shanghai,TRUE,1156519074
Liujiapingcun,Liujiapingcun,,35.6020,119.4022,China,CN,CHN,Shandong,Shandong,CN-SD,,,253.4,,,3,Asia/Shanghai,TRUE,1156519075
Xiangshuitan,Xiangshuitan,,28.9473,110.7251,China,CN,CHN,Hunan,Hunan,CN-HN,,,65.2,,,4,Asia/Shanghai,FALSE,1156449759
Mousuo,Mousuo,,25.9504,99.4586,China,CN,CHN,Yunnan,Yunnan,CN-YN,,,59.6,,,4,Asia/Shanghai,FALSE,1156018418
Luobutu,Luobutu,,26.5239,106.4340,China,CN,CHN,Guizhou,Guizhou,CN-GZ,,,351.7,,,3,Asia/Shanghai,FALSE,1156080820
Xiaolongmiao,Xiaolongmiao,,40.4058,122.6126,China,CN,CHN,Liaoning,Liaoning,CN-LN,,,211.6,,,3,Asia/Shanghai,FALSE,1156735681
Yuanjia’ao,Yuanjia'ao,,32.1304,118.8812,China,CN,CHN,Jiangsu,Jiangsu,CN-JS,,,3486.9,,,2,Asia/Shanghai,FALSE,1156990623
Beidatian,Beidatian,,30.2643,104.1280,China,CN,CHN,Sichuan,Sichuan,CN-SC,,,338.3,,,3,Asia/Shanghai,FALSE,1156073506
Shangbangda,Shangbangda,,30.0217,91.8662,China,CN,CHN,Tibet,Tibet,CN-XZ,,,10.4,,,4,Asia/Shanghai,FALSE,1156272162
Shanggudu,Shanggudu,,26.0864,102.3180,China,CN,CHN,Yunnan,Yunnan,CN-YN,,,86.2,,,4,Asia/Shanghai,FALSE,1156262409
Shanggudu,Shanggudu,,27.8489,100.4700,China,CN,CHN,Yunnan,Yunnan,CN-YN,,,21.3,,,4,Asia/Shanghai,TRUE,1156208271
Laye,Laye,,32.4125,98.0109,China,CN,CHN,Tibet,Tibet,CN-XZ,,,3.2,,,5,Asia/Shanghai,FALSE,1156570433
Nanmao Nongchang Qiqu,Nanmao Nongchang Qiqu,,18.5775,109.7763,China,CN,CHN,Hainan,Hainan,CN-HI,,,180.1,,,4,Asia/Shanghai,FALSE,1156011980
Jiasangmari,Jiasangmari,,34.5531,80.2906,China,CN,CHN,Tibet,Tibet,CN-XZ,,,0.3,,,5,Asia/Shanghai,FALSE,1156221807
Xinghuocun,Xinghuocun,,31.3658,121.4496,China,CN,CHN,Shanghai,Shanghai,CN-SH,,,11682.9,,,2,Asia/Shanghai,FALSE,1156482579
Xinghuocun,Xinghuocun,,31.0372,121.4663,China,CN,CHN,Shanghai,Shanghai,CN-SH,,,4744.3,,,2,Asia/Shanghai,TRUE,1156482580
Xinghuocun,Xinghuocun,,31.1008,121.7344,China,CN,CHN,Shanghai,Shanghai,CN-SH,,,2877.8,,,2,Asia/Shanghai,TRUE,1156482577
Xinghuocun,Xinghuocun,,30.7742,121.2466,China,CN,CHN,Shanghai,Shanghai,CN-SH,,,1342.4,,,3,Asia/Shanghai,TRUE,1156482578
Shenjia Fangzi,Shenjia Fangzi,,38.5130,116.4920,China,CN,CHN,Hebei,Hebei,CN-HE,,,582.9,,,3,Asia/Shanghai,FALSE,1156413038
Xiahuai,Xiahuai,,30.2555,119.8330,China,CN,CHN,Zhejiang,Zhejiang,CN-ZJ,,,572.5,,,3,Asia/Shanghai,FALSE,1156379117
Dongnao,Dongnao,,26.0282,114.3130,China,CN,CHN,Jiangxi,Jiangxi,CN-JX,,,73.8,,,4,Asia/Shanghai,FALSE,1156463341
Jichong,Jichong,,22.9941,110.0530,China,CN,CHN,Guangxi,Guangxi,CN-GX,,,429.2,,,3,Asia/Shanghai,FALSE,1156614116
Jichong,Jichong,,22.5263,109.8330,China,CN,CHN,Guangxi,Guangxi,CN-GX,,,200.0,,,4,Asia/Shanghai,TRUE,1156021670
Daduogu,Daduogu,,25.8011,103.0460,China,CN,CHN,Yunnan,Yunnan,CN-YN,,,194.0,,,4,Asia/Shanghai,FALSE,1156544950
Lai’e,Lai'e,,23.2020,108.2370,China,CN,CHN,Guangxi,Guangxi,CN-GX,,,702.2,,,3,Asia/Shanghai,FALSE,1156915620
Lai’e,Lai'e,,23.7224,106.9320,China,CN,CHN,Guangxi,Guangxi,CN-GX,,,344.0,,,3,Asia/Shanghai,TRUE,1156162876
Laofangzui,Laofangzui,,31.4262,105.9593,China,CN,CHN,Sichuan,Sichuan,CN-SC,,,278.6,,,3,Asia/Shanghai,FALSE,1156766932
Yuejinwan,Yuejinwan,,47.5997,87.4943,China,CN,CHN,Xinjiang,Xinjiang,CN-XJ,,,5.2,,,5,Asia/Shanghai,FALSE,1156429208
Qihoushancun,Qihoushancun,,29.0239,120.9745,China,CN,CHN,Zhejiang,Zhejiang,CN-ZJ,,,166.4,,,4,Asia/Shanghai,FALSE,1156393169
Xixi,Xixi,,27.0538,105.8100,China,CN,CHN,Guizhou,Guizhou,CN-GZ,,,383.6,,,3,Asia/Shanghai,FALSE,1156619691
Shibei Laocun,Shibei Laocun,,19.7174,109.5283,China,CN,CHN,Hainan,Hainan,CN-HI,,,186.0,,,4,Asia/Shanghai,FALSE,1156397480
Zengyan,Zengyan,,28.7281,104.7150,China,CN,CHN,Sichuan,Sichuan,CN-SC,,,349.6,,,3,Asia/Shanghai,FALSE,1156914098
Yanshoucun,Yanshoucun,,25.4707,119.0171,China,CN,CHN,Fujian,Fujian,CN-FJ,,,4713.5,,,2,Asia/Shanghai,FALSE,1156439130
Yanshoucun,Yanshoucun,Yanshou,25.3537,118.1229,China,CN,CHN,Fujian,Fujian,CN-FJ,,,785.6,,,3,Asia/Shanghai,TRUE,1156050022
Guozhuangcun,Guozhuangcun,,35.6391,110.8073,China,CN,CHN,Shanxi,Shanxi,CN-SX,,,914.3,,,3,Asia/Shanghai,FALSE,1156373770
Xuelongtou,Xuelongtou,,29.7360,120.3263,China,CN,CHN,Zhejiang,Zhejiang,CN-ZJ,,,149.6,,,4,Asia/Shanghai,FALSE,1156047310
Xixi,Xixi,,22.8817,113.0721,China,CN,CHN,Guangdong,Guangdong,CN-GD,,,4343.7,,,2,Asia/Shanghai,FALSE,1156071366
Xixi,Xixi,,23.2825,116.4211,China,CN,CHN,Guangdong,Guangdong,CN-GD,,,2347.7,,,2,Asia/Shanghai,TRUE,1156086517
Xixi,Xixi,,23.5319,116.2089,China,CN,CHN,Guangdong,Guangdong,CN-GD,,,1841.3,,,3,Asia/Shanghai,TRUE,1156106217
Xixi,Xixi,,20.5765,109.8590,China,CN,CHN,Guangdong,Guangdong,CN-GD,,,1219.4,,,3,Asia/Shanghai,TRUE,1156047939
Xixi,Xixi,,22.3875,112.6176,China,CN,CHN,Guangdong,Guangdong,CN-GD,,,270.7,,,3,Asia/Shanghai,TRUE,1156775008
Xixi,Xixi,,23.5187,115.9414,China,CN,CHN,Guangdong,Guangdong,CN-GD,,,244.8,,,3,Asia/Shanghai,TRUE,1156660852
Xixi,Xixi,,23.2444,115.8355,China,CN,CHN,Guangdong,Guangdong,CN-GD,,,218.3,,,3,Asia/Shanghai,TRUE,1156129210
Xixi,Xixi,,23.6407,114.1345,China,CN,CHN,Guangdong,Guangdong,CN-GD,,,103.8,,,4,Asia/Shanghai,TRUE,1156579937
Shiqiancun,Shiqiancun,,31.0783,120.7610,China,CN,CHN,Jiangsu,Jiangsu,CN-JS,,,395.3,,,3,Asia/Shanghai,FALSE,1156234994
Shangbafen,Shangbafen,,40.2360,99.0131,China,CN,CHN,Gansu,Gansu,CN-GS,,,5.8,,,5,Asia/Shanghai,FALSE,1156837811
Guangzhong,Guangzhong,,31.4140,105.6213,China,CN,CHN,Sichuan,Sichuan,CN-SC,,,181.9,,,4,Asia/Shanghai,FALSE,1156862002
Xinqi Qiancun,Xinqi Qiancun,,47.0694,126.7749,China,CN,CHN,Heilongjiang,Heilongjiang,CN-HL,,,172.6,,,4,Asia/Shanghai,FALSE,1156302219
Xiwulan Tuozi,Xiwulan Tuozi,,43.9889,123.5877,China,CN,CHN,Jilin,Jilin,CN-JL,,,29.9,,,4,Asia/Shanghai,FALSE,1156925106
Gadian,Gadian,,28.7326,87.0188,China,CN,CHN,Tibet,Tibet,CN-XZ,,,18.6,,,4,Asia/Shanghai,FALSE,1156468139
Gadian,Gadian,,29.7286,89.3210,China,CN,CHN,Tibet,Tibet,CN-XZ,,,4.8,,,5,Asia/Shanghai,TRUE,1156192685
Mafangcun,Mafangcun,,40.8146,124.1540,China,CN,CHN,Liaoning,Liaoning,CN-LN,,,60.8,,,4,Asia/Shanghai,FALSE,1156395480
Nianwukengcun,Nianwukengcun,,27.7463,120.2239,China,CN,CHN,Zhejiang,Zhejiang,CN-ZJ,,,142.3,,,4,Asia/Shanghai,FALSE,1156376462
Qianbikou,Qianbikou,,34.4000,116.2833,China,CN,CHN,Anhui,Anhui,CN-AH,,,709.2,,,3,Asia/Shanghai,FALSE,1156044740
Lüyangkeng,Luyangkeng,,23.6270,109.8410,China,CN,CHN,Guangxi,Guangxi,CN-GX,,,156.5,,,4,Asia/Shanghai,FALSE,1156565191
Laoshanping,Laoshanping,,25.4357,113.8038,China,CN,CHN,Hunan,Hunan,CN-HN,,,55.0,,,4,Asia/Shanghai,FALSE,1156230699
Jiaobei,Jiaobei,,23.2933,114.2500,China,CN,CHN,Guangdong,Guangdong,CN-GD,,,400.7,,,3,Asia/Shanghai,FALSE,1156019037
Wenxuan Shequ,Wenxuan Shequ,,26.6439,118.1771,China,CN,CHN,Fujian,Fujian,CN-FJ,,,4966.9,,,2,Asia/Shanghai,FALSE,1156021523
Huangsha Koucun,Huangsha Koucun,,26.2681,116.9528,China,CN,CHN,Fujian,Fujian,CN-FJ,,,76.8,,,4,Asia/Shanghai,FALSE,1156460938
Liujiajin,Liujiajin,,30.7240,114.7470,China,CN,CHN,Hubei,Hubei,CN-HB,,,47.5,,,4,Asia/Shanghai,FALSE,1156216890
Lidashan,Lidashan,,29.7036,120.7935,China,CN,CHN,Zhejiang,Zhejiang,CN-ZJ,,,88.2,,,4,Asia/Shanghai,FALSE,1156127946
Licuntun,Licuntun,Licun,23.3569,110.2954,China,CN,CHN,Guangxi,Guangxi,CN-GX,,,394.4,,,3,Asia/Shanghai,FALSE,1156017009
Licuntun,Licuntun,Licun,23.3483,109.9352,China,CN,CHN,Guangxi,Guangxi,CN-GX,,,376.1,,,3,Asia/Shanghai,TRUE,1156826723
Xingfang Shequ,Xingfang Shequ,,45.5504,126.9513,China,CN,CHN,Heilongjiang,Heilongjiang,CN-HL,,,4716.0,,,2,Asia/Shanghai,FALSE,1156200985
Longyuecun,Longyuecun,,45.9084,125.4756,China,CN,CHN,Heilongjiang,Heilongjiang,CN-HL,,,193.7,,,4,Asia/Shanghai,FALSE,1156330383
Wukouguan,Wukouguan,,29.0477,104.5950,China,CN,CHN,Sichuan,Sichuan,CN-SC,,,177.5,,,4,Asia/Shanghai,FALSE,1156081844
Lulingcun,Lulingcun,,31.8132,91.2076,China,CN,CHN,Tibet,Tibet,CN-XZ,,,1.0,,,5,Asia/Shanghai,FALSE,1156031831
Mabiantian,Mabiantian,,25.0707,105.2650,China,CN,CHN,Guizhou,Guizhou,CN-GZ,,,218.1,,,3,Asia/Shanghai,FALSE,1156676496
Masanjiazicun,Masanjiazicun,,41.4793,122.7148,China,CN,CHN,Liaoning,Liaoning,CN-LN,,,321.9,,,3,Asia/Shanghai,FALSE,1156030563
Jingzhen,Jingzhen,Ching-chen,37.1897,115.3200,China,CN,CHN,Hebei,Hebei,CN-HE,,,556.5,,,3,Asia/Shanghai,FALSE,1156008652
Hehai,Hehai,,23.5807,99.0633,China,CN,CHN,Yunnan,Yunnan,CN-YN,,,114.8,,,4,Asia/Shanghai,FALSE,1156608106
Chijiagou,Chijiagou,,32.1999,107.1335,China,CN,CHN,Sichuan,Sichuan,CN-SC,,,91.3,,,4,Asia/Shanghai,FALSE,1156456873
Shangshun Shanbu,Shangshun Shanbu,Shangshunshanbao,40.3162,120.1601,China,CN,CHN,Liaoning,Liaoning,CN-LN,,,250.4,,,3,Asia/Shanghai,FALSE,1156074152
Dongliu Gezhuang,Dongliu Gezhuang,,39.7726,118.7769,China,CN,CHN,Hebei,Hebei,CN-HE,,,396.9,,,3,Asia/Shanghai,FALSE,1156250892
Chenguanying,Chenguanying,,25.3253,103.8320,China,CN,CHN,Yunnan,Yunnan,CN-YN,,,279.2,,,3,Asia/Shanghai,FALSE,1156260351
Sijiancun,Sijiancun,,46.6516,123.2926,China,CN,CHN,Heilongjiang,Heilongjiang,CN-HL,,,102.8,,,4,Asia/Shanghai,FALSE,1156313305
Cangqian,Cangqian,,25.1001,117.9498,China,CN,CHN,Fujian,Fujian,CN-FJ,,,234.3,,,3,Asia/Shanghai,FALSE,1156140667
Cangqian,Cangqian,,25.4974,118.7899,China,CN,CHN,Fujian,Fujian,CN-FJ,,,102.9,,,4,Asia/Shanghai,TRUE,1156859444
Cangqian,Cangqian,,26.5454,119.3189,China,CN,CHN,Fujian,Fujian,CN-FJ,,,71.1,,,4,Asia/Shanghai,TRUE,1156874379
Xiagou,Xiagou,,25.2299,108.4970,China,CN,CHN,Guangxi,Guangxi,CN-GX,,,33.7,,,4,Asia/Shanghai,FALSE,1156635575
Yangjiadiancun,Yangjiadiancun,,43.6533,125.0767,China,CN,CHN,Jilin,Jilin,CN-JL,,,2593.2,,,2,Asia/Shanghai,FALSE,1156551502
Yangjiadiancun,Yangjiadiancun,,42.1973,126.0639,China,CN,CHN,Jilin,Jilin,CN-JL,,,107.6,,,4,Asia/Shanghai,TRUE,1156443673
Yangjiadiancun,Yangjiadiancun,,43.4469,128.4494,China,CN,CHN,Jilin,Jilin,CN-JL,,,30.6,,,4,Asia/Shanghai,TRUE,1156447374
Jiulang,Jiulang,Jiulangcun,30.9558,118.1304,China,CN,CHN,Anhui,Anhui,CN-AH,,,287.0,,,3,Asia/Shanghai,FALSE,1156044123
Jianguangcun,Jianguangcun,,27.8082,120.6964,China,CN,CHN,Zhejiang,Zhejiang,CN-ZJ,,,1635.7,,,3,Asia/Shanghai,FALSE,1156387850
Jianguangcun,Jianguangcun,,27.4629,120.4528,China,CN,CHN,Zhejiang,Zhejiang,CN-ZJ,,,407.4,,,3,Asia/Shanghai,TRUE,1156385968
Jianguangcun,Jianguangcun,,29.5983,119.8931,China,CN,CHN,Zhejiang,Zhejiang,CN-ZJ,,,73.3,,,4,Asia/Shanghai,TRUE,1156398411
Jijiemu,Jijiemu,,35.4455,102.1629,China,CN,CHN,Qinghai,Qinghai,CN-QH,,,19.7,,,4,Asia/Shanghai,FALSE,1156130640
Yangshui,Yangshui,,22.0018,109.4490,China,CN,CHN,Guangxi,Guangxi,CN-GX,,,458.5,,,3,Asia/Shanghai,FALSE,1156244880
Xiagangpo,Xiagangpo,,25.0465,105.0340,China,CN,CHN,Guizhou,Guizhou,CN-GZ,,,99.1,,,4,Asia/Shanghai,FALSE,1156095700
Dongchu,Dongchu,,39.4024,116.7228,China,CN,CHN,Hebei,Hebei,CN-HE,,,336.7,,,3,Asia/Shanghai,FALSE,1156150728
Dongyaoshancun,Dongyaoshancun,,34.7740,117.2676,China,CN,CHN,Shandong,Shandong,CN-SD,,,3113.0,,,2,Asia/Shanghai,FALSE,1156478960
Shangsanfen Erdui,Shangsanfen Erdui,,40.0427,98.8380,China,CN,CHN,Gansu,Gansu,CN-GS,,,247.3,,,3,Asia/Shanghai,FALSE,1156140977
Xinhecun,Xinhecun,,23.2503,108.7596,China,CN,CHN,Guangxi,Guangxi,CN-GX,,,1252.5,,,3,Asia/Shanghai,FALSE,1156512301
Xinhecun,Xinhecun,Xinhe,23.3179,109.9390,China,CN,CHN,Guangxi,Guangxi,CN-GX,,,376.1,,,3,Asia/Shanghai,TRUE,1156356254
Xinhecun,Xinhecun,,24.6168,105.2768,China,CN,CHN,Guangxi,Guangxi,CN-GX,,,76.3,,,4,Asia/Shanghai,TRUE,1156439440
Xinhecun,Xinhecun,Xinhe,25.3025,108.7036,China,CN,CHN,Guangxi,Guangxi,CN-GX,,,33.3,,,4,Asia/Shanghai,TRUE,1156031200
Liangquancun,Liangquancun,,34.3306,107.1945,China,CN,CHN,Shaanxi,Shaanxi,CN-SN,,,977.5,,,3,Asia/Shanghai,FALSE,1156463099
Liangquancun,Liangquancun,,37.5503,107.6478,China,CN,CHN,Shaanxi,Shaanxi,CN-SN,,,121.6,,,4,Asia/Shanghai,TRUE,1156728173
Liangquancun,Liangquancun,,35.2380,109.3667,China,CN,CHN,Shaanxi,Shaanxi,CN-SN,,,93.2,,,4,Asia/Shanghai,TRUE,1156216388
Fuping,Fuping,Pupinghsien|Fowping|Fou-p’ing-ch’eng-kuan|Fou-p’ing-hsien|Fou-p’ing,38.8469,114.1867,China,CN,CHN,Hebei,Hebei,CN-HE,,minor,308.4,,,3,Asia/Shanghai,FALSE,1156289022
Tianlinshi ’Ercun,Tianlinshi 'Ercun,,31.1738,121.4241,China,CN,CHN,Shanghai,Shanghai,CN-SH,,,37870.2,,,2,Asia/Shanghai,FALSE,1156511477
Fuping,Fuping,,29.8288,110.8999,China,CN,CHN,Hunan,Hunan,CN-HN,,,327.0,,,3,Asia/Shanghai,FALSE,1156266052
Changtianjingcun,Changtianjingcun,,36.2699,116.5118,China,CN,CHN,Shandong,Shandong,CN-SD,,,291.6,,,3,Asia/Shanghai,FALSE,1156545441
Baifenbi,Baifenbi,,30.8366,113.7124,China,CN,CHN,Hubei,Hubei,CN-HB,,,989.5,,,3,Asia/Shanghai,FALSE,1156415684
Xilangzibucun,Xilangzibucun,,37.2048,119.9358,China,CN,CHN,Shandong,Shandong,CN-SD,,,5865.5,,,2,Asia/Shanghai,FALSE,1156804854
Qiankou,Qiankou,,40.0152,121.8370,China,CN,CHN,Liaoning,Liaoning,CN-LN,,,340.6,,,3,Asia/Shanghai,FALSE,1156335562
Yiju Jiayuan,Yiju Jiayuan,Yiju Huayuan,24.9171,114.7936,China,CN,CHN,Jiangxi,Jiangxi,CN-JX,,,1503.3,,,3,Asia/Shanghai,FALSE,1156567969
Luohong Dawu,Luohong Dawu,,26.7506,112.9371,China,CN,CHN,Hunan,Hunan,CN-HN,,,253.4,,,3,Asia/Shanghai,FALSE,1156913157
Guozhongnong,Guozhongnong,,30.6815,96.1474,China,CN,CHN,Tibet,Tibet,CN-XZ,,,11.9,,,4,Asia/Shanghai,FALSE,1156999422
Nü’erbei,Nu'erbei,,31.0426,104.7060,China,CN,CHN,Sichuan,Sichuan,CN-SC,,,1994.0,,,3,Asia/Shanghai,FALSE,1156983553
Xishuang Yushu,Xishuang Yushu,,44.7059,125.7395,China,CN,CHN,Jilin,Jilin,CN-JL,,,190.0,,,4,Asia/Shanghai,FALSE,1156627582
Heishenmiao,Heishenmiao,,23.0032,104.1150,China,CN,CHN,Yunnan,Yunnan,CN-YN,,,140.8,,,4,Asia/Shanghai,FALSE,1156170008
Heishenmiao,Heishenmiao,,26.8344,103.1400,China,CN,CHN,Yunnan,Yunnan,CN-YN,,,136.7,,,4,Asia/Shanghai,TRUE,1156008556
Yushudixia,Yushudixia,,41.0036,117.9924,China,CN,CHN,Hebei,Hebei,CN-HE,,,227.0,,,3,Asia/Shanghai,FALSE,1156542944
Yushudixia,Yushudixia,,40.6949,117.6986,China,CN,CHN,Hebei,Hebei,CN-HE,,,87.8,,,4,Asia/Shanghai,TRUE,1156060308
Daichengzicun,Daichengzicun,,35.1350,118.3687,China,CN,CHN,Shandong,Shandong,CN-SD,,,1924.0,,,3,Asia/Shanghai,FALSE,1156525073
Ershisanhao,Ershisanhao,,42.0577,117.6522,China,CN,CHN,Hebei,Hebei,CN-HE,,,89.5,,,4,Asia/Shanghai,FALSE,1156148397
Guozhuangcun,Guozhuangcun,,36.6106,108.0479,China,CN,CHN,Shaanxi,Shaanxi,CN-SN,,,28.0,,,4,Asia/Shanghai,FALSE,1156019855
Longzichong,Longzichong,,28.1591,113.0902,China,CN,CHN,Hunan,Hunan,CN-HN,,,1158.8,,,3,Asia/Shanghai,FALSE,1156178503
Longzichong,Longzichong,,27.3529,110.8475,China,CN,CHN,Hunan,Hunan,CN-HN,,,68.1,,,4,Asia/Shanghai,TRUE,1156208324
Yujiazhuangcun,Yujiazhuangcun,,37.3551,110.6138,China,CN,CHN,Shaanxi,Shaanxi,CN-SN,,,87.1,,,4,Asia/Shanghai,FALSE,1156951881
Yujiazhuangcun,Yujiazhuangcun,,34.9125,108.1283,China,CN,CHN,Shaanxi,Shaanxi,CN-SN,,,42.3,,,4,Asia/Shanghai,TRUE,1156131505
Gao’aocun,Gao'aocun,,27.7692,120.4571,China,CN,CHN,Zhejiang,Zhejiang,CN-ZJ,,,2276.7,,,2,Asia/Shanghai,FALSE,1156393430
Gao’aocun,Gao'aocun,,27.4779,120.4399,China,CN,CHN,Zhejiang,Zhejiang,CN-ZJ,,,407.4,,,3,Asia/Shanghai,TRUE,1156387750
Jiangwusongduo,Jiangwusongduo,,32.2505,98.7596,China,CN,CHN,Sichuan,Sichuan,CN-SC,,,9.8,,,5,Asia/Shanghai,FALSE,1156833085
Xiayuanzecun,Xiayuanzecun,,37.5356,110.8890,China,CN,CHN,Shanxi,Shanxi,CN-SX,,,79.2,,,4,Asia/Shanghai,FALSE,1156437746
Xiakoucun,Xiakoucun,,31.4878,115.7676,China,CN,CHN,Anhui,Anhui,CN-AH,,,102.5,,,4,Asia/Shanghai,FALSE,1156546262
Liling,Liling,,25.7183,112.2958,China,CN,CHN,Hunan,Hunan,CN-HN,,,464.5,,,3,Asia/Shanghai,FALSE,1156147556
Liling,Liling,,25.4978,113.1926,China,CN,CHN,Hunan,Hunan,CN-HN,,,265.9,,,3,Asia/Shanghai,TRUE,1156189069
Liling,Liling,,26.2133,110.3204,China,CN,CHN,Hunan,Hunan,CN-HN,,,66.0,,,4,Asia/Shanghai,TRUE,1156718424
Liling,Liling,,18.9512,110.4760,China,CN,CHN,Hainan,Hainan,CN-HI,,,12.7,,,4,Asia/Shanghai,FALSE,1156986586
Shagangdun,Shagangdun,,40.3045,97.0256,China,CN,CHN,Gansu,Gansu,CN-GS,,,322.3,,,3,Asia/Shanghai,FALSE,1156914420
Songfengcun,Songfengcun,,25.6967,119.4026,China,CN,CHN,Fujian,Fujian,CN-FJ,,,3529.0,,,2,Asia/Shanghai,FALSE,1156438530
Songfengcun,Songfengcun,Songfeng,25.4774,118.9779,China,CN,CHN,Fujian,Fujian,CN-FJ,,,797.0,,,3,Asia/Shanghai,TRUE,1156357375
Songfengcun,Songfengcun,,26.4224,118.6211,China,CN,CHN,Fujian,Fujian,CN-FJ,,,87.2,,,4,Asia/Shanghai,TRUE,1156452191
Yuandun Zhoucun,Yuandun Zhoucun,Yuandangzhou,26.5246,118.5414,China,CN,CHN,Fujian,Fujian,CN-FJ,,,25.9,,,4,Asia/Shanghai,FALSE,1156026548
Liling,Liling,,30.0457,116.0577,China,CN,CHN,Hubei,Hubei,CN-HB,,,321.7,,,3,Asia/Shanghai,FALSE,1156259022
Liling,Liling,,31.4058,113.8699,China,CN,CHN,Hubei,Hubei,CN-HB,,,267.7,,,3,Asia/Shanghai,TRUE,1156069554
Jialing,Jialing,,23.8734,109.2400,China,CN,CHN,Guangxi,Guangxi,CN-GX,,,517.4,,,3,Asia/Shanghai,FALSE,1156989482
Xiaotan Gezhuangcun,Xiaotan Gezhuangcun,,36.8321,120.5863,China,CN,CHN,Shandong,Shandong,CN-SD,,,1778.8,,,3,Asia/Shanghai,FALSE,1156469757
Gaoling,Gaoling,,29.5370,119.2546,China,CN,CHN,Zhejiang,Zhejiang,CN-ZJ,,,474.1,,,3,Asia/Shanghai,FALSE,1156500234
Gaoling,Gaoling,,28.4818,119.7784,China,CN,CHN,Zhejiang,Zhejiang,CN-ZJ,,,103.1,,,4,Asia/Shanghai,TRUE,1156238512
Gaoling,Gaoling,,28.3843,119.5429,China,CN,CHN,Zhejiang,Zhejiang,CN-ZJ,,,78.4,,,4,Asia/Shanghai,TRUE,1156989688
Houcun,Houcun,,28.6295,110.4109,China,CN,CHN,Hunan,Hunan,CN-HN,,,45.2,,,4,Asia/Shanghai,FALSE,1156800118
Bianjiangcun,Bianjiangcun,,45.2978,131.7830,China,CN,CHN,Heilongjiang,Heilongjiang,CN-HL,,,57.6,,,4,Asia/Shanghai,FALSE,1156309828
Wangniqiaocun,Wangniqiaocun,Huang-ni-ch’iao-chen|Wangniqiao,31.5685,120.6117,China,CN,CHN,Jiangsu,Jiangsu,CN-JS,,,1256.8,,,3,Asia/Shanghai,FALSE,1156448725
Zuoshupai,Zuoshupai,,39.5015,121.9360,China,CN,CHN,Liaoning,Liaoning,CN-LN,,,126.4,,,4,Asia/Shanghai,FALSE,1156352611
Yanghuoping,Yanghuoping,,28.5697,103.5938,China,CN,CHN,Sichuan,Sichuan,CN-SC,,,66.1,,,4,Asia/Shanghai,FALSE,1156660300
Wumuquan,Wumuquan,,31.0190,104.0270,China,CN,CHN,Sichuan,Sichuan,CN-SC,,,895.8,,,3,Asia/Shanghai,FALSE,1156262014
Heyangqucun,Heyangqucun,,43.5200,87.4176,China,CN,CHN,Xinjiang,Xinjiang,CN-XJ,,,13.7,,,4,Asia/Shanghai,FALSE,1156048830
Xianshancun,Xianshancun,,28.0417,120.7193,China,CN,CHN,Zhejiang,Zhejiang,CN-ZJ,,,705.0,,,3,Asia/Shanghai,FALSE,1156388809
Xianshancun,Xianshancun,,30.8901,119.6247,China,CN,CHN,Zhejiang,Zhejiang,CN-ZJ,,,587.3,,,3,Asia/Shanghai,TRUE,1156379007
Xianshancun,Xianshancun,,27.8625,119.6317,China,CN,CHN,Zhejiang,Zhejiang,CN-ZJ,,,34.5,,,4,Asia/Shanghai,TRUE,1156376224
Hanzhencun,Hanzhencun,,45.5418,126.6249,China,CN,CHN,Heilongjiang,Heilongjiang,CN-HL,,,480.6,,,3,Asia/Shanghai,FALSE,1156310558
Beijiazhai,Beijiazhai,,39.6038,113.0780,China,CN,CHN,Shanxi,Shanxi,CN-SX,,,168.6,,,4,Asia/Shanghai,FALSE,1156741629
Beijiazhai,Beijiazhai,,35.7908,113.5825,China,CN,CHN,Shanxi,Shanxi,CN-SX,,,34.0,,,4,Asia/Shanghai,TRUE,1156063144
Shimiao,Shimiao,,28.9722,107.5310,China,CN,CHN,Guizhou,Guizhou,CN-GZ,,,81.2,,,4,Asia/Shanghai,FALSE,1156758969
Shuanglingcun,Shuanglingcun,,24.0314,116.3967,China,CN,CHN,Guangdong,Guangdong,CN-GD,,,161.9,,,4,Asia/Shanghai,FALSE,1156027129
Malangpo,Malangpo,,26.7558,108.0610,China,CN,CHN,Guizhou,Guizhou,CN-GZ,,,231.3,,,3,Asia/Shanghai,FALSE,1156126718
Nanlizhuangcun,Nanlizhuangcun,,35.3237,110.5288,China,CN,CHN,Shanxi,Shanxi,CN-SX,,,359.2,,,3,Asia/Shanghai,FALSE,1156409691
Houcun,Houcun,,36.3231,114.5991,China,CN,CHN,Hebei,Hebei,CN-HE,,,2792.9,,,2,Asia/Shanghai,FALSE,1156450007
Houcun,Houcun,,38.2137,115.1120,China,CN,CHN,Hebei,Hebei,CN-HE,,,713.7,,,3,Asia/Shanghai,TRUE,1156792539
Maza Mailisi,Maza Mailisi,,37.9024,77.3040,China,CN,CHN,Xinjiang,Xinjiang,CN-XJ,,,347.3,,,3,Asia/Shanghai,FALSE,1156564519
Beiyiqiu,Beiyiqiu,,36.0195,110.5351,China,CN,CHN,Shanxi,Shanxi,CN-SX,,,68.1,,,4,Asia/Shanghai,FALSE,1156016855
Caowutuan Yicun,Caowutuan Yicun,,37.6834,114.8888,China,CN,CHN,Hebei,Hebei,CN-HE,,,1147.7,,,3,Asia/Shanghai,FALSE,1156582499
Jiaoling,Jiaoling,,27.7685,113.7009,China,CN,CHN,Hunan,Hunan,CN-HN,,,712.0,,,3,Asia/Shanghai,FALSE,1156170090
Sang’encun,Sang'encun,,31.1809,97.2485,China,CN,CHN,Tibet,Tibet,CN-XZ,,,641.0,,,3,Asia/Shanghai,FALSE,1156332657
Xuejiatan,Xuejiatan,,31.0696,119.9416,China,CN,CHN,Zhejiang,Zhejiang,CN-ZJ,,,746.5,,,3,Asia/Shanghai,FALSE,1156129232
Douchangcun,Douchangcun,,34.3277,117.9783,China,CN,CHN,Jiangsu,Jiangsu,CN-JS,,,4891.4,,,2,Asia/Shanghai,FALSE,1156299360
Nanlizhuangcun,Nanlizhuangcun,,34.5577,108.8780,China,CN,CHN,Shaanxi,Shaanxi,CN-SN,,,821.3,,,3,Asia/Shanghai,FALSE,1156839586
Yiliu Tuanchang,Yiliu Tuanchang,,40.4906,80.8415,China,CN,CHN,Xinjiang,Xinjiang,CN-XJ,,,104.2,,,4,Asia/Shanghai,FALSE,1156113853
Dishang,Dishang,,39.4098,112.6865,China,CN,CHN,Shanxi,Shanxi,CN-SX,,,365.8,,,3,Asia/Shanghai,FALSE,1156260634
Tongsha,Tongsha,,30.0110,98.0800,China,CN,CHN,Tibet,Tibet,CN-XZ,,,9.3,,,5,Asia/Shanghai,FALSE,1156519310
Taheta Keruikecun Yizu,Taheta Keruikecun Yizu,,37.2605,77.8303,China,CN,CHN,Xinjiang,Xinjiang,CN-XJ,,,18.8,,,4,Asia/Shanghai,FALSE,1156553536
Qianqiangcun,Qianqiangcun,,36.5314,114.3453,China,CN,CHN,Hebei,Hebei,CN-HE,,,399.6,,,3,Asia/Shanghai,FALSE,1156438261
Yaojiagou,Yaojiagou,,34.7835,105.7400,China,CN,CHN,Gansu,Gansu,CN-GS,,,334.0,,,3,Asia/Shanghai,FALSE,1156486097
Yaojiagou,Yaojiagou,,35.5355,103.0560,China,CN,CHN,Gansu,Gansu,CN-GS,,,330.9,,,3,Asia/Shanghai,TRUE,1156012245
Yaojiagou,Yaojiagou,,35.6707,107.0820,China,CN,CHN,Gansu,Gansu,CN-GS,,,193.8,,,4,Asia/Shanghai,TRUE,1156024710
Yaojiagou,Yaojiagou,,35.1320,107.4280,China,CN,CHN,Gansu,Gansu,CN-GS,,,173.4,,,4,Asia/Shanghai,TRUE,1156784221
Yaojiagou,Yaojiagou,,40.2147,94.6029,China,CN,CHN,Gansu,Gansu,CN-GS,,,91.2,,,4,Asia/Shanghai,TRUE,1156277780
Yaojiagou,Yaojiagou,,34.8956,104.8721,China,CN,CHN,Gansu,Gansu,CN-GS,,,82.6,,,4,Asia/Shanghai,TRUE,1156396892
Yaojiagou,Yaojiagou,,36.5948,105.1750,China,CN,CHN,Gansu,Gansu,CN-GS,,,34.5,,,4,Asia/Shanghai,TRUE,1156488290
Yaojiagou,Yaojiagou,,32.9184,105.6589,China,CN,CHN,Gansu,Gansu,CN-GS,,,28.3,,,4,Asia/Shanghai,TRUE,1156165536
Ma’anshi,Ma'anshi,,31.7594,114.7698,China,CN,CHN,Henan,Henan,CN-HA,,,221.5,,,3,Asia/Shanghai,FALSE,1156023556
Ma’anshi,Ma'anshi,,31.7583,114.3901,China,CN,CHN,Henan,Henan,CN-HA,,,81.7,,,4,Asia/Shanghai,TRUE,1156023557
Qizhouweicun,Qizhouweicun,,22.3024,113.1850,China,CN,CHN,Guangdong,Guangdong,CN-GD,,,801.4,,,3,Asia/Shanghai,FALSE,1156569270
Ma’anshi,Ma'anshi,,25.7708,112.5283,China,CN,CHN,Hunan,Hunan,CN-HN,,,122.3,,,4,Asia/Shanghai,FALSE,1156582315
Shaziba,Shaziba,,25.7286,105.5520,China,CN,CHN,Guizhou,Guizhou,CN-GZ,,,345.9,,,3,Asia/Shanghai,FALSE,1156235328
Ourangyuan Yichang,Ourangyuan Yichang,,37.8724,77.4721,China,CN,CHN,Xinjiang,Xinjiang,CN-XJ,,,156.4,,,4,Asia/Shanghai,FALSE,1156089027
Huangheling,Huangheling,,29.6444,112.8239,China,CN,CHN,Hunan,Hunan,CN-HN,,,256.4,,,3,Asia/Shanghai,FALSE,1156362359
Hujiaduncun,Hujiaduncun,,27.3673,119.4883,China,CN,CHN,Fujian,Fujian,CN-FJ,,,120.5,,,4,Asia/Shanghai,FALSE,1156430117
Xinanbucun,Xinanbucun,,36.4252,110.6657,China,CN,CHN,Shanxi,Shanxi,CN-SX,,,34.0,,,4,Asia/Shanghai,FALSE,1156888035
Jianpoling,Jianpoling,,30.6277,107.2581,China,CN,CHN,Sichuan,Sichuan,CN-SC,,,222.7,,,3,Asia/Shanghai,FALSE,1156269582
Shifeng,Shifeng,,32.4372,121.1611,China,CN,CHN,Jiangsu,Jiangsu,CN-JS,,,517.7,,,3,Asia/Shanghai,FALSE,1156645177
Caoping,Caoping,,25.9481,99.6212,China,CN,CHN,Yunnan,Yunnan,CN-YN,,,29.1,,,4,Asia/Shanghai,FALSE,1156764195
Yeniang,Yeniang,,31.4040,99.0305,China,CN,CHN,Sichuan,Sichuan,CN-SC,,,16.8,,,4,Asia/Shanghai,FALSE,1156249578
Zhoujialoucun,Zhoujialoucun,,29.1538,120.7353,China,CN,CHN,Zhejiang,Zhejiang,CN-ZJ,,,261.6,,,3,Asia/Shanghai,FALSE,1156386792
Fengshukengcun,Fengshukengcun,,27.9657,121.1179,China,CN,CHN,Zhejiang,Zhejiang,CN-ZJ,,,414.6,,,3,Asia/Shanghai,FALSE,1156380546
Xinxiangzaicun,Xinxiangzaicun,,23.0483,116.2768,China,CN,CHN,Guangdong,Guangdong,CN-GD,,,2567.3,,,2,Asia/Shanghai,FALSE,1156130321
Xiantai,Xiantai,,22.9186,113.0362,China,CN,CHN,Guangdong,Guangdong,CN-GD,,,1772.1,,,3,Asia/Shanghai,FALSE,1156782037
Lebushuo,Lebushuo,,28.5935,103.1920,China,CN,CHN,Sichuan,Sichuan,CN-SC,,,35.6,,,4,Asia/Shanghai,FALSE,1156048775
Gaoguanzi,Gaoguanzi,,31.2566,107.0750,China,CN,CHN,Sichuan,Sichuan,CN-SC,,,402.0,,,3,Asia/Shanghai,FALSE,1156242760
Muzhuxia,Muzhuxia,,31.9891,110.8134,China,CN,CHN,Hubei,Hubei,CN-HB,,,39.3,,,4,Asia/Shanghai,FALSE,1156090825
Xiaojintang,Xiaojintang,,27.9776,112.1603,China,CN,CHN,Hunan,Hunan,CN-HN,,,386.3,,,3,Asia/Shanghai,FALSE,1156279844
Awenlang,Awenlang,,24.8361,101.5880,China,CN,CHN,Yunnan,Yunnan,CN-YN,,,80.9,,,4,Asia/Shanghai,FALSE,1156087785
Shichang,Shichang,,41.0493,120.6212,China,CN,CHN,Liaoning,Liaoning,CN-LN,,,288.2,,,3,Asia/Shanghai,FALSE,1156069794
Shichang,Shichang,,41.2360,123.4180,China,CN,CHN,Liaoning,Liaoning,CN-LN,,,243.7,,,3,Asia/Shanghai,TRUE,1156343481
Shichang,Shichang,,40.5979,120.4460,China,CN,CHN,Liaoning,Liaoning,CN-LN,,,229.0,,,3,Asia/Shanghai,TRUE,1156334319
Shichang,Shichang,,40.9463,123.0140,China,CN,CHN,Liaoning,Liaoning,CN-LN,,,194.3,,,4,Asia/Shanghai,TRUE,1156265215
Shichang,Shichang,,39.6786,122.8839,China,CN,CHN,Liaoning,Liaoning,CN-LN,,,164.6,,,4,Asia/Shanghai,TRUE,1156417294
Shichang,Shichang,,40.9802,119.5690,China,CN,CHN,Liaoning,Liaoning,CN-LN,,,164.2,,,4,Asia/Shanghai,TRUE,1156135068
Shichang,Shichang,,42.2783,121.7860,China,CN,CHN,Liaoning,Liaoning,CN-LN,,,98.9,,,4,Asia/Shanghai,TRUE,1156333374
Shichang,Shichang,,41.4166,124.2501,China,CN,CHN,Liaoning,Liaoning,CN-LN,,,41.9,,,4,Asia/Shanghai,TRUE,1156212926
Xiantai,Xiantai,,35.4587,106.6880,China,CN,CHN,Gansu,Gansu,CN-GS,,,213.5,,,3,Asia/Shanghai,FALSE,1156019498
Datu,Datu,,26.4642,106.8120,China,CN,CHN,Guizhou,Guizhou,CN-GZ,,,358.1,,,3,Asia/Shanghai,FALSE,1156183811
Datu,Datu,,27.2849,106.9600,China,CN,CHN,Guizhou,Guizhou,CN-GZ,,,245.1,,,3,Asia/Shanghai,TRUE,1156029125
Datu,Datu,,27.9048,107.1070,China,CN,CHN,Guizhou,Guizhou,CN-GZ,,,230.9,,,3,Asia/Shanghai,TRUE,1156455547
Datu,Datu,,26.6395,107.7860,China,CN,CHN,Guizhou,Guizhou,CN-GZ,,,159.3,,,4,Asia/Shanghai,TRUE,1156711506
Datu,Datu,,28.0379,109.1480,China,CN,CHN,Guizhou,Guizhou,CN-GZ,,,158.6,,,4,Asia/Shanghai,TRUE,1156067573
Datu,Datu,,26.9566,106.5040,China,CN,CHN,Guizhou,Guizhou,CN-GZ,,,149.3,,,4,Asia/Shanghai,TRUE,1156261507
Datu,Datu,,28.0503,106.6960,China,CN,CHN,Guizhou,Guizhou,CN-GZ,,,144.3,,,4,Asia/Shanghai,TRUE,1156360189
Datu,Datu,,27.6272,108.0360,China,CN,CHN,Guizhou,Guizhou,CN-GZ,,,141.0,,,4,Asia/Shanghai,TRUE,1156203178
Datu,Datu,,26.6257,106.9540,China,CN,CHN,Guizhou,Guizhou,CN-GZ,,,125.8,,,4,Asia/Shanghai,TRUE,1156682770
Datu,Datu,,28.4409,107.2420,China,CN,CHN,Guizhou,Guizhou,CN-GZ,,,122.3,,,4,Asia/Shanghai,TRUE,1156614103
Datu,Datu,,28.5144,107.5690,China,CN,CHN,Guizhou,Guizhou,CN-GZ,,,118.0,,,4,Asia/Shanghai,TRUE,1156911507
Datu,Datu,,28.2244,107.1470,China,CN,CHN,Guizhou,Guizhou,CN-GZ,,,115.4,,,4,Asia/Shanghai,TRUE,1156312496
Datu,Datu,,28.2713,107.0470,China,CN,CHN,Guizhou,Guizhou,CN-GZ,,,114.3,,,4,Asia/Shanghai,TRUE,1156307879
Datu,Datu,,26.7403,106.9910,China,CN,CHN,Guizhou,Guizhou,CN-GZ,,,110.0,,,4,Asia/Shanghai,TRUE,1156092127
Datu,Datu,,27.3708,105.7620,China,CN,CHN,Guizhou,Guizhou,CN-GZ,,,106.7,,,4,Asia/Shanghai,TRUE,1156116667
Datu,Datu,,25.9819,105.2070,China,CN,CHN,Guizhou,Guizhou,CN-GZ,,,100.7,,,4,Asia/Shanghai,TRUE,1156092929
Datu,Datu,,26.4771,106.9940,China,CN,CHN,Guizhou,Guizhou,CN-GZ,,,99.4,,,4,Asia/Shanghai,TRUE,1156807362
Datu,Datu,,27.5819,107.1078,China,CN,CHN,Guizhou,Guizhou,CN-GZ,,,98.5,,,4,Asia/Shanghai,TRUE,1156076512
Datu,Datu,,27.1996,107.0990,China,CN,CHN,Guizhou,Guizhou,CN-GZ,,,70.4,,,4,Asia/Shanghai,TRUE,1156206874
Datu,Datu,,28.3351,107.6650,China,CN,CHN,Guizhou,Guizhou,CN-GZ,,,69.1,,,4,Asia/Shanghai,TRUE,1156221218
Datu,Datu,,26.7358,107.1910,China,CN,CHN,Guizhou,Guizhou,CN-GZ,,,65.9,,,4,Asia/Shanghai,TRUE,1156090371
Datu,Datu,,25.5502,108.2570,China,CN,CHN,Guizhou,Guizhou,CN-GZ,,,35.6,,,4,Asia/Shanghai,TRUE,1156528841
Siwucun,Siwucun,,24.0152,112.1269,China,CN,CHN,Guangdong,Guangdong,CN-GD,,,271.3,,,3,Asia/Shanghai,FALSE,1156072859
Baidao’an,Baidao'an,,39.1624,114.4888,China,CN,CHN,Hebei,Hebei,CN-HE,,,44.5,,,4,Asia/Shanghai,FALSE,1156046424
Yangmeilingcun,Yangmeilingcun,Yangmeiling,24.9161,110.4207,China,CN,CHN,Guangxi,Guangxi,CN-GX,,,193.4,,,4,Asia/Shanghai,FALSE,1156534793
Xibeichangcun,Xibeichangcun,,35.5388,118.8778,China,CN,CHN,Shandong,Shandong,CN-SD,,,742.6,,,3,Asia/Shanghai,FALSE,1156502524
Shangxiongjiantun,Shangxiongjiantun,Xiongjian,24.8342,107.1209,China,CN,CHN,Guangxi,Guangxi,CN-GX,,,43.7,,,4,Asia/Shanghai,FALSE,1156139502
Murikai Danmucun,Murikai Danmucun,,41.0023,80.2774,China,CN,CHN,Xinjiang,Xinjiang,CN-XJ,,,143.2,,,4,Asia/Shanghai,FALSE,1156331457
Beng’ao,Beng'ao,,24.3197,104.5780,China,CN,CHN,Yunnan,Yunnan,CN-YN,,,30.8,,,4,Asia/Shanghai,FALSE,1156911207
Xiji,Xiji,,30.5232,96.6608,China,CN,CHN,Tibet,Tibet,CN-XZ,,,6.5,,,5,Asia/Shanghai,FALSE,1156398993
Longtougounao,Longtougounao,,33.4428,109.9950,China,CN,CHN,Shaanxi,Shaanxi,CN-SN,,,95.2,,,4,Asia/Shanghai,FALSE,1156320002
Fanjiapu,Fanjiapu,,30.1971,115.4310,China,CN,CHN,Hubei,Hubei,CN-HB,,,31.4,,,4,Asia/Shanghai,FALSE,1156181022
Fengtian,Fengtian,,47.3296,124.9029,China,CN,CHN,Heilongjiang,Heilongjiang,CN-HL,,,81.2,,,4,Asia/Shanghai,FALSE,1156669296
Aiheshangbu,Aiheshangbu,Aiheshangbao,40.4986,124.2222,China,CN,CHN,Liaoning,Liaoning,CN-LN,,,69.7,,,4,Asia/Shanghai,FALSE,1156682755
Chikengwu,Chikengwu,,30.4599,118.8301,China,CN,CHN,Anhui,Anhui,CN-AH,,,54.5,,,4,Asia/Shanghai,FALSE,1156203885
Dashumao,Dashumao,,36.7605,107.3274,China,CN,CHN,Gansu,Gansu,CN-GS,,,11.4,,,4,Asia/Shanghai,FALSE,1156022718
Dundaiyingzi,Dundaiyingzi,,42.2808,121.5752,China,CN,CHN,Liaoning,Liaoning,CN-LN,,,46.5,,,4,Asia/Shanghai,FALSE,1156676897
Daliancun,Daliancun,,23.4516,116.4868,China,CN,CHN,Guangdong,Guangdong,CN-GD,,,2010.4,,,2,Asia/Shanghai,FALSE,1156118077
Daliancun,Daliancun,,23.9294,112.0078,China,CN,CHN,Guangdong,Guangdong,CN-GD,,,790.3,,,3,Asia/Shanghai,TRUE,1156576644
Daliancun,Daliancun,,23.1688,112.2834,China,CN,CHN,Guangdong,Guangdong,CN-GD,,,421.7,,,3,Asia/Shanghai,TRUE,1156576642
Huangnigang,Huangnigang,,29.0370,115.7245,China,CN,CHN,Jiangxi,Jiangxi,CN-JX,,,475.7,,,3,Asia/Shanghai,FALSE,1156156551
Huangnigang,Huangnigang,,27.9037,113.9570,China,CN,CHN,Jiangxi,Jiangxi,CN-JX,,,329.0,,,3,Asia/Shanghai,TRUE,1156810740
Huangnigang,Huangnigang,,26.1411,115.0045,China,CN,CHN,Jiangxi,Jiangxi,CN-JX,,,162.3,,,4,Asia/Shanghai,TRUE,1156225773
Huangnigang,Huangnigang,,29.1085,114.2002,China,CN,CHN,Jiangxi,Jiangxi,CN-JX,,,120.7,,,4,Asia/Shanghai,TRUE,1156180080
Huangnigang,Huangnigang,,28.6479,114.2640,China,CN,CHN,Jiangxi,Jiangxi,CN-JX,,,82.0,,,4,Asia/Shanghai,TRUE,1156149316
Qianniangniang Fencun,Qianniangniang Fencun,,37.4498,117.5276,China,CN,CHN,Shandong,Shandong,CN-SD,,,607.3,,,3,Asia/Shanghai,FALSE,1156470568
Yuanyuanshang,Yuanyuanshang,,34.6834,106.8156,China,CN,CHN,Shaanxi,Shaanxi,CN-SN,,,34.5,,,4,Asia/Shanghai,FALSE,1156067508
Huangnigang,Huangnigang,,32.2596,119.2753,China,CN,CHN,Jiangsu,Jiangsu,CN-JS,,,689.4,,,3,Asia/Shanghai,FALSE,1156193656
Huangnigang,Huangnigang,,32.9722,118.6930,China,CN,CHN,Jiangsu,Jiangsu,CN-JS,,,208.6,,,3,Asia/Shanghai,TRUE,1156051167
Dalingecun,Dalingecun,,37.3665,122.3543,China,CN,CHN,Shandong,Shandong,CN-SD,,,486.1,,,3,Asia/Shanghai,FALSE,1156587417
Jiajiajie,Jiajiajie,,42.5184,126.2350,China,CN,CHN,Jilin,Jilin,CN-JL,,,114.8,,,4,Asia/Shanghai,FALSE,1156040227
Jiajiajie,Jiajiajie,,43.3960,125.7176,China,CN,CHN,Jilin,Jilin,CN-JL,,,101.9,,,4,Asia/Shanghai,TRUE,1156579513
Huangnigang,Huangnigang,,42.7781,126.4761,China,CN,CHN,Jilin,Jilin,CN-JL,,,61.1,,,4,Asia/Shanghai,FALSE,1156096356
Taohuaping,Taohuaping,,32.0049,108.0210,China,CN,CHN,Sichuan,Sichuan,CN-SC,,,59.8,,,4,Asia/Shanghai,FALSE,1156071154
Chongshantoucun,Chongshantoucun,,35.0633,117.9496,China,CN,CHN,Shandong,Shandong,CN-SD,,,471.0,,,3,Asia/Shanghai,FALSE,1156081744
Baijialing,Baijialing,,36.0786,103.1270,China,CN,CHN,Gansu,Gansu,CN-GS,,,19.8,,,4,Asia/Shanghai,FALSE,1156429892
Daliancun,Daliancun,,25.0630,110.1987,China,CN,CHN,Guangxi,Guangxi,CN-GX,,,273.2,,,3,Asia/Shanghai,FALSE,1156526042
Daliancun,Daliancun,,26.0961,110.9804,China,CN,CHN,Guangxi,Guangxi,CN-GX,,,96.7,,,4,Asia/Shanghai,TRUE,1156462082
Dingyin,Dingyin,,23.7800,108.1250,China,CN,CHN,Guangxi,Guangxi,CN-GX,,,103.8,,,4,Asia/Shanghai,FALSE,1156755734
Shoushanzhancun,Shoushanzhancun,,41.2243,123.0640,China,CN,CHN,Liaoning,Liaoning,CN-LN,,,1108.8,,,3,Asia/Shanghai,FALSE,1156009440
Zhazao,Zhazao,,18.5303,109.1450,China,CN,CHN,Hainan,Hainan,CN-HI,,,82.2,,,4,Asia/Shanghai,FALSE,1156207208
Taohuaping,Taohuaping,,32.1347,109.5030,China,CN,CHN,Shaanxi,Shaanxi,CN-SN,,,24.8,,,4,Asia/Shanghai,FALSE,1156809906
Dongwangcun,Dongwangcun,,41.4097,123.4424,China,CN,CHN,Liaoning,Liaoning,CN-LN,,,549.7,,,3,Asia/Shanghai,FALSE,1156007691
Dongwangcun,Dongwangcun,,41.5653,121.7945,China,CN,CHN,Liaoning,Liaoning,CN-LN,,,210.5,,,3,Asia/Shanghai,TRUE,1156262719
Zhoujiayingcun,Zhoujiayingcun,,44.9420,128.4960,China,CN,CHN,Heilongjiang,Heilongjiang,CN-HL,,,447.8,,,3,Asia/Shanghai,FALSE,1156353318
Laozhancun,Laozhancun,,21.4058,110.0117,China,CN,CHN,Guangdong,Guangdong,CN-GD,,,761.4,,,3,Asia/Shanghai,FALSE,1156534062
Xiangshuiquancun,Xiangshuiquancun,,36.5872,117.6968,China,CN,CHN,Shandong,Shandong,CN-SD,,,313.0,,,3,Asia/Shanghai,FALSE,1156524511
Xiangshuiquancun,Xiangshuiquancun,,34.9550,117.7180,China,CN,CHN,Shandong,Shandong,CN-SD,,,258.2,,,3,Asia/Shanghai,TRUE,1156546113
Baiguoping,Baiguoping,,32.1094,108.4311,China,CN,CHN,Chongqing,Chongqing,CN-CQ,,,275.6,,,3,Asia/Shanghai,FALSE,1156049680
Baiguoping,Baiguoping,,29.1323,107.9389,China,CN,CHN,Chongqing,Chongqing,CN-CQ,,,73.5,,,4,Asia/Shanghai,TRUE,1156277664
Baiguoping,Baiguoping,,28.9260,107.0760,China,CN,CHN,Chongqing,Chongqing,CN-CQ,,,41.3,,,4,Asia/Shanghai,TRUE,1156246997
Dongshang,Dongshang,,28.1730,114.0760,China,CN,CHN,Jiangxi,Jiangxi,CN-JX,,,416.1,,,3,Asia/Shanghai,FALSE,1156459584
Dongshang,Dongshang,,28.0022,114.3853,China,CN,CHN,Jiangxi,Jiangxi,CN-JX,,,378.7,,,3,Asia/Shanghai,TRUE,1156165009
Dongshang,Dongshang,,26.3075,114.3640,China,CN,CHN,Jiangxi,Jiangxi,CN-JX,,,236.8,,,3,Asia/Shanghai,TRUE,1156755108
Dongshang,Dongshang,,26.1613,114.4610,China,CN,CHN,Jiangxi,Jiangxi,CN-JX,,,207.0,,,3,Asia/Shanghai,TRUE,1156276605
Dongshang,Dongshang,,25.9986,114.3130,China,CN,CHN,Jiangxi,Jiangxi,CN-JX,,,188.4,,,4,Asia/Shanghai,TRUE,1156177381
Dongshang,Dongshang,,25.6860,114.2030,China,CN,CHN,Jiangxi,Jiangxi,CN-JX,,,131.0,,,4,Asia/Shanghai,TRUE,1156979968
Dongshang,Dongshang,,26.7091,113.9139,China,CN,CHN,Jiangxi,Jiangxi,CN-JX,,,109.8,,,4,Asia/Shanghai,TRUE,1156137150
Dongshang,Dongshang,,26.0824,115.1206,China,CN,CHN,Jiangxi,Jiangxi,CN-JX,,,97.4,,,4,Asia/Shanghai,TRUE,1156221506
Dongshang,Dongshang,,28.9479,114.7050,China,CN,CHN,Jiangxi,Jiangxi,CN-JX,,,83.8,,,4,Asia/Shanghai,TRUE,1156086746
Dongshang,Dongshang,,29.1085,114.8069,China,CN,CHN,Jiangxi,Jiangxi,CN-JX,,,71.6,,,4,Asia/Shanghai,TRUE,1156436834
Dongshang,Dongshang,,24.6390,114.8811,China,CN,CHN,Jiangxi,Jiangxi,CN-JX,province,,71.4,,,4,Asia/Shanghai,TRUE,1156599264
Dongshang,Dongshang,,25.5872,114.1650,China,CN,CHN,Jiangxi,Jiangxi,CN-JX,,,60.4,,,4,Asia/Shanghai,TRUE,1156113391
Dongshang,Dongshang,,27.1282,117.0321,China,CN,CHN,Jiangxi,Jiangxi,CN-JX,,,56.7,,,4,Asia/Shanghai,TRUE,1156135993
Dongshang,Dongshang,,26.4785,114.5050,China,CN,CHN,Jiangxi,Jiangxi,CN-JX,,,54.2,,,4,Asia/Shanghai,TRUE,1156243638
Dongshang,Dongshang,,28.6430,114.3042,China,CN,CHN,Jiangxi,Jiangxi,CN-JX,,,42.4,,,4,Asia/Shanghai,TRUE,1156279917
Wangyan,Wangyan,Wang-yen,39.4173,113.0424,China,CN,CHN,Shanxi,Shanxi,CN-SX,,,274.2,,,3,Asia/Shanghai,FALSE,1156245001
Zhoujiayingcun,Zhoujiayingcun,Zhoujiaying,41.2133,117.3824,China,CN,CHN,Hebei,Hebei,CN-HE,,,42.9,,,4,Asia/Shanghai,FALSE,1156169776
Shuiquanling,Shuiquanling,,35.2153,106.8550,China,CN,CHN,Gansu,Gansu,CN-GS,,,112.7,,,4,Asia/Shanghai,FALSE,1156739581
Dongshang,Dongshang,,31.1541,120.3210,China,CN,CHN,Jiangsu,Jiangsu,CN-JS,,,542.0,,,3,Asia/Shanghai,FALSE,1156056232
Banlong,Banlong,,22.6271,106.9740,China,CN,CHN,Guangxi,Guangxi,CN-GX,,,188.1,,,4,Asia/Shanghai,FALSE,1156147247
Banlong,Banlong,,24.7154,109.5350,China,CN,CHN,Guangxi,Guangxi,CN-GX,,,138.8,,,4,Asia/Shanghai,TRUE,1156596735
Banlong,Banlong,,24.8672,108.7480,China,CN,CHN,Guangxi,Guangxi,CN-GX,,,108.0,,,4,Asia/Shanghai,TRUE,1156047424
Banlong,Banlong,,23.9392,107.1990,China,CN,CHN,Guangxi,Guangxi,CN-GX,,,91.0,,,4,Asia/Shanghai,TRUE,1156457033
Banlong,Banlong,,24.6863,107.2040,China,CN,CHN,Guangxi,Guangxi,CN-GX,,,84.0,,,4,Asia/Shanghai,TRUE,1156708883
Banlong,Banlong,,22.0618,107.7760,China,CN,CHN,Guangxi,Guangxi,CN-GX,,,78.4,,,4,Asia/Shanghai,TRUE,1156221194
Banlong,Banlong,,22.9767,107.5400,China,CN,CHN,Guangxi,Guangxi,CN-GX,,,34.1,,,4,Asia/Shanghai,TRUE,1156517516
Qidong,Qidong,,22.5276,113.4072,China,CN,CHN,Guangdong,Guangdong,CN-GD,,,4147.7,,,2,Asia/Shanghai,FALSE,1156551158
Qidong,Qidong,,24.1529,112.0714,China,CN,CHN,Guangdong,Guangdong,CN-GD,,,339.4,,,3,Asia/Shanghai,TRUE,1156559786
Qidong,Qidong,,22.8056,112.0444,China,CN,CHN,Guangdong,Guangdong,CN-GD,,,267.0,,,3,Asia/Shanghai,TRUE,1156548019
Qidong,Qidong,,22.6125,112.4207,China,CN,CHN,Guangdong,Guangdong,CN-GD,,,201.3,,,3,Asia/Shanghai,TRUE,1156545798
Qidong,Qidong,,22.6289,111.2300,China,CN,CHN,Guangdong,Guangdong,CN-GD,,,139.3,,,4,Asia/Shanghai,TRUE,1156187748
Qidong,Qidong,,23.8204,114.5022,China,CN,CHN,Guangdong,Guangdong,CN-GD,,,57.1,,,4,Asia/Shanghai,TRUE,1156575901
Qidong,Qidong,,25.6243,106.4170,China,CN,CHN,Guizhou,Guizhou,CN-GZ,,,92.3,,,4,Asia/Shanghai,FALSE,1156461215
Qidong,Qidong,,24.4904,108.1240,China,CN,CHN,Guangxi,Guangxi,CN-GX,,,75.8,,,4,Asia/Shanghai,FALSE,1156353206
Qidong,Qidong,,25.6788,109.8110,China,CN,CHN,Guangxi,Guangxi,CN-GX,,,30.9,,,4,Asia/Shanghai,TRUE,1156256458
Luowozhai,Luowozhai,,27.1049,105.1650,China,CN,CHN,Guizhou,Guizhou,CN-GZ,,,446.6,,,3,Asia/Shanghai,FALSE,1156050799
Luowozhai,Luowozhai,,26.8928,105.0010,China,CN,CHN,Guizhou,Guizhou,CN-GZ,,,256.2,,,3,Asia/Shanghai,TRUE,1156132135
Luowozhai,Luowozhai,,26.7623,104.7960,China,CN,CHN,Guizhou,Guizhou,CN-GZ,,,186.1,,,4,Asia/Shanghai,TRUE,1156337545
Alekemu,Alekemu,,40.9697,78.3206,China,CN,CHN,Xinjiang,Xinjiang,CN-XJ,,,3.8,,,5,Asia/Shanghai,FALSE,1156150500
Cangbeicun,Cangbeicun,,37.3634,119.9058,China,CN,CHN,Shandong,Shandong,CN-SD,,,258.6,,,3,Asia/Shanghai,FALSE,1156531303
Yongjiazhen,Yongjiazhen,Yung-chia-chen,31.3833,118.2500,China,CN,CHN,Anhui,Anhui,CN-AH,,,365.8,,,3,Asia/Shanghai,FALSE,1156757769
Duzeli,Duzeli,,33.5811,119.2548,China,CN,CHN,Jiangsu,Jiangsu,CN-JS,,,529.3,,,3,Asia/Shanghai,FALSE,1156181588
Daxicun,Daxicun,,32.4602,99.8815,China,CN,CHN,Sichuan,Sichuan,CN-SC,,,3.3,,,5,Asia/Shanghai,FALSE,1156736252
Xiagonggou,Xiagonggou,,41.1284,114.3625,China,CN,CHN,Hebei,Hebei,CN-HE,,,48.1,,,4,Asia/Shanghai,FALSE,1156465025
Tuqiaozi,Tuqiaozi,,39.8300,123.4290,China,CN,CHN,Liaoning,Liaoning,CN-LN,,,285.8,,,3,Asia/Shanghai,FALSE,1156333826
Daxicun,Daxicun,,34.8672,117.4389,China,CN,CHN,Shandong,Shandong,CN-SD,,,911.8,,,3,Asia/Shanghai,FALSE,1156544864
Daxicun,Daxicun,,34.9783,116.5307,China,CN,CHN,Shandong,Shandong,CN-SD,,,725.5,,,3,Asia/Shanghai,TRUE,1156544861
Daxicun,Daxicun,,37.4146,122.4601,China,CN,CHN,Shandong,Shandong,CN-SD,,,355.8,,,3,Asia/Shanghai,TRUE,1156432769
Xinhe Liuzu,Xinhe Liuzu,,33.3624,120.1880,China,CN,CHN,Jiangsu,Jiangsu,CN-JS,,,3211.9,,,2,Asia/Shanghai,FALSE,1156285453
Jiawen,Jiawen,,24.2154,107.9420,China,CN,CHN,Guangxi,Guangxi,CN-GX,,,155.1,,,4,Asia/Shanghai,FALSE,1156990941
Jiawen,Jiawen,,25.3407,108.9130,China,CN,CHN,Guangxi,Guangxi,CN-GX,,,45.3,,,4,Asia/Shanghai,TRUE,1156252153
Bandunyan,Bandunyan,,39.0176,110.5593,China,CN,CHN,Shaanxi,Shaanxi,CN-SN,,,46.8,,,4,Asia/Shanghai,FALSE,1156367544
Xiao’ao,Xiao'ao,,27.4770,111.1563,China,CN,CHN,Hunan,Hunan,CN-HN,,,579.0,,,3,Asia/Shanghai,FALSE,1156015986
Bushi,Bushi,,27.5331,103.0568,China,CN,CHN,Sichuan,Sichuan,CN-SC,,,87.5,,,4,Asia/Shanghai,FALSE,1156439667
Fengtian,Fengtian,,18.6615,108.7775,China,CN,CHN,Hainan,Hainan,CN-HI,,,148.3,,,4,Asia/Shanghai,FALSE,1156467513
Wuyinzi,Wuyinzi,,36.5961,108.1179,China,CN,CHN,Shaanxi,Shaanxi,CN-SN,,,28.0,,,4,Asia/Shanghai,FALSE,1156047335
Hudong Xincun,Hudong Xincun,Hudong Xincun Jiedao Banshichu|Hudong Xincun Jiedao,31.2720,121.5768,China,CN,CHN,Shanghai,Shanghai,CN-SH,,,17018.6,,,2,Asia/Shanghai,FALSE,1156560178
Huantangchong,Huantangchong,,26.5311,112.3030,China,CN,CHN,Hunan,Hunan,CN-HN,,,541.4,,,3,Asia/Shanghai,FALSE,1156032424
Talaigang,Talaigang,,30.0708,91.6376,China,CN,CHN,Tibet,Tibet,CN-XZ,,,5.6,,,5,Asia/Shanghai,FALSE,1156231980
Kou’an,Kou'an,,24.2544,117.2367,China,CN,CHN,Fujian,Fujian,CN-FJ,,,141.1,,,4,Asia/Shanghai,FALSE,1156002883
Wangjiajiecun,Wangjiajiecun,,40.2877,122.6530,China,CN,CHN,Liaoning,Liaoning,CN-LN,,,106.0,,,4,Asia/Shanghai,FALSE,1156332227
Wangjiajiecun,Wangjiajiecun,,42.5649,122.5391,China,CN,CHN,Liaoning,Liaoning,CN-LN,,,91.2,,,4,Asia/Shanghai,TRUE,1156364802
Zhouji,Zhouji,,33.8937,116.6240,China,CN,CHN,Henan,Henan,CN-HA,,,500.3,,,3,Asia/Shanghai,FALSE,1156317965
Zhouji,Zhouji,,32.2240,115.6120,China,CN,CHN,Henan,Henan,CN-HA,,,465.0,,,3,Asia/Shanghai,TRUE,1156906064
Zhouji,Zhouji,Chou-chia-chi,30.8664,112.0387,China,CN,CHN,Hubei,Hubei,CN-HB,,,152.1,,,4,Asia/Shanghai,FALSE,1156307188
Donghouzikou,Donghouzikou,Tung-hou-tzu-k’ou-ts’un|Tung-hou-tzu-k’ou,39.9000,113.6461,China,CN,CHN,Shanxi,Shanxi,CN-SX,,,37.8,,,4,Asia/Shanghai,FALSE,1156206977
Changchong,Changchong,,29.0034,105.0600,China,CN,CHN,Sichuan,Sichuan,CN-SC,,,362.2,,,3,Asia/Shanghai,FALSE,1156906084
Changchong,Changchong,,29.1306,104.0681,China,CN,CHN,Sichuan,Sichuan,CN-SC,,,247.4,,,3,Asia/Shanghai,TRUE,1156963086
Changchong,Changchong,,26.5700,102.2810,China,CN,CHN,Sichuan,Sichuan,CN-SC,,,223.2,,,3,Asia/Shanghai,TRUE,1156108739
Changchong,Changchong,,26.1972,101.9539,China,CN,CHN,Sichuan,Sichuan,CN-SC,,,132.9,,,4,Asia/Shanghai,TRUE,1156688572
Xingdaoke,Xingdaoke,,31.2553,101.2160,China,CN,CHN,Sichuan,Sichuan,CN-SC,,,15.7,,,4,Asia/Shanghai,FALSE,1156212743
Paidakou,Paidakou,,28.2406,109.3837,China,CN,CHN,Hunan,Hunan,CN-HN,,,141.4,,,4,Asia/Shanghai,FALSE,1156088853
Yuanjiadun,Yuanjiadun,,32.9570,120.6310,China,CN,CHN,Jiangsu,Jiangsu,CN-JS,,,236.5,,,3,Asia/Shanghai,FALSE,1156164896
Yanxiazhai,Yanxiazhai,,26.3347,106.4890,China,CN,CHN,Guizhou,Guizhou,CN-GZ,,,188.8,,,4,Asia/Shanghai,FALSE,1156637795
Mahedong,Mahedong,,22.8172,111.4384,China,CN,CHN,Guangdong,Guangdong,CN-GD,,,154.2,,,4,Asia/Shanghai,FALSE,1156858183
Zhutuokalun,Zhutuokalun,,35.3833,98.3333,China,CN,CHN,Qinghai,Qinghai,CN-QH,,,0.8,,,5,Asia/Shanghai,FALSE,1156900425
Linyangcun,Linyangcun,,32.8019,119.7083,China,CN,CHN,Jiangsu,Jiangsu,CN-JS,,,318.3,,,3,Asia/Shanghai,FALSE,1156291910
Zhebuqin,Zhebuqin,,31.4129,93.5924,China,CN,CHN,Tibet,Tibet,CN-XZ,,,9.0,,,5,Asia/Shanghai,FALSE,1156387493
Huatuo,Huatuo,,34.0039,116.0460,China,CN,CHN,Henan,Henan,CN-HA,,,424.1,,,3,Asia/Shanghai,FALSE,1156122213
Quanmin Yidui,Quanmin Yidui,,31.4713,121.8061,China,CN,CHN,Shanghai,Shanghai,CN-SH,,,290.4,,,3,Asia/Shanghai,FALSE,1156023403
Zhaoyang Shequ,Zhaoyang Shequ,,36.4212,114.2188,China,CN,CHN,Hebei,Hebei,CN-HE,,,4712.9,,,2,Asia/Shanghai,FALSE,1156457892
Guojialiang,Guojialiang,,32.8970,107.8257,China,CN,CHN,Shaanxi,Shaanxi,CN-SN,,,41.6,,,4,Asia/Shanghai,FALSE,1156226297
Tangjingcun,Tangjingcun,Tangjing,24.9001,118.3317,China,CN,CHN,Fujian,Fujian,CN-FJ,,,823.9,,,3,Asia/Shanghai,FALSE,1156547704
Dalao Hutuncun,Dalao Hutuncun,,39.6508,121.8303,China,CN,CHN,Liaoning,Liaoning,CN-LN,,,369.1,,,3,Asia/Shanghai,FALSE,1156419737
Hanzhuang,Hanzhuang,,39.9768,119.6152,China,CN,CHN,Hebei,Hebei,CN-HE,,,1786.5,,,3,Asia/Shanghai,FALSE,1156433728
Hanzhuang,Hanzhuang,,37.9969,114.3200,China,CN,CHN,Hebei,Hebei,CN-HE,,,1643.5,,,3,Asia/Shanghai,TRUE,1156945390
Hanzhuang,Hanzhuang,,36.7931,115.1684,China,CN,CHN,Hebei,Hebei,CN-HE,,,873.5,,,3,Asia/Shanghai,TRUE,1156141698
Hanzhuang,Hanzhuang,,37.9743,116.1534,China,CN,CHN,Hebei,Hebei,CN-HE,,,606.0,,,3,Asia/Shanghai,TRUE,1156788290
Hanzhuang,Hanzhuang,,38.3547,114.0186,China,CN,CHN,Hebei,Hebei,CN-HE,,,573.4,,,3,Asia/Shanghai,TRUE,1156701617
Hanzhuang,Hanzhuang,,38.3018,115.1350,China,CN,CHN,Hebei,Hebei,CN-HE,,,572.6,,,3,Asia/Shanghai,TRUE,1156173168
Hanzhuang,Hanzhuang,,37.7279,116.5978,China,CN,CHN,Hebei,Hebei,CN-HE,,,358.1,,,3,Asia/Shanghai,TRUE,1156928125
Hanzhuang,Hanzhuang,,39.0305,116.2465,China,CN,CHN,Hebei,Hebei,CN-HE,,,345.1,,,3,Asia/Shanghai,TRUE,1156079910
Hanzhuang,Hanzhuang,,40.8227,115.6639,China,CN,CHN,Hebei,Hebei,CN-HE,,,25.2,,,4,Asia/Shanghai,TRUE,1156908685
Zhangxiancun,Zhangxiancun,,35.0356,110.4321,China,CN,CHN,Shanxi,Shanxi,CN-SX,,,444.6,,,3,Asia/Shanghai,FALSE,1156072093
Pu’anqiao,Pu'anqiao,,27.2159,113.5111,China,CN,CHN,Hunan,Hunan,CN-HN,,,282.0,,,3,Asia/Shanghai,FALSE,1156325514
Hongtangwan,Hongtangwan,,27.3824,109.6021,China,CN,CHN,Hunan,Hunan,CN-HN,,,300.5,,,3,Asia/Shanghai,FALSE,1156791675
Taoliping,Taoliping,,29.3344,114.3172,China,CN,CHN,Jiangxi,Jiangxi,CN-JX,,,84.2,,,4,Asia/Shanghai,FALSE,1156200841
Taiqing,Taiqing,,31.9744,105.2630,China,CN,CHN,Sichuan,Sichuan,CN-SC,,,68.2,,,4,Asia/Shanghai,FALSE,1156147885
Jinwohu,Jinwohu,,26.1059,108.9670,China,CN,CHN,Guizhou,Guizhou,CN-GZ,,,46.4,,,4,Asia/Shanghai,FALSE,1156184596
Fushenliang,Fushenliang,,30.0149,115.2772,China,CN,CHN,Hubei,Hubei,CN-HB,,,103.9,,,4,Asia/Shanghai,FALSE,1156277595
Zhangxiancun,Zhangxiancun,,37.6821,117.5073,China,CN,CHN,Shandong,Shandong,CN-SD,,,835.2,,,3,Asia/Shanghai,FALSE,1156522045
Guojialiang,Guojialiang,,37.7316,111.9570,China,CN,CHN,Shanxi,Shanxi,CN-SX,,,61.4,,,4,Asia/Shanghai,FALSE,1156369862
Qingfeng Shequ,Qingfeng Shequ,,25.3054,110.2993,China,CN,CHN,Guangxi,Guangxi,CN-GX,,,2647.8,,,2,Asia/Shanghai,FALSE,1156474668
Kongzhong,Kongzhong,,18.7850,109.4049,China,CN,CHN,Hainan,Hainan,CN-HI,,,78.4,,,4,Asia/Shanghai,FALSE,1156290223
Heisi,Heisi,,32.8015,103.6300,China,CN,CHN,Sichuan,Sichuan,CN-SC,,,22.1,,,4,Asia/Shanghai,FALSE,1156974827
Qingquancun,Qingquancun,,24.3635,117.7362,China,CN,CHN,Fujian,Fujian,CN-FJ,,,254.1,,,3,Asia/Shanghai,FALSE,1156376966
Weidong,Weidong,,34.1272,109.9497,China,CN,CHN,Shaanxi,Shaanxi,CN-SN,,,109.0,,,4,Asia/Shanghai,FALSE,1156178815
Xiemen,Xiemen,,30.0372,114.0476,China,CN,CHN,Hubei,Hubei,CN-HB,,,246.0,,,3,Asia/Shanghai,FALSE,1156198596
Huiluntun,Huiluntun,Huilun,25.1187,107.3224,China,CN,CHN,Guangxi,Guangxi,CN-GX,,,46.2,,,4,Asia/Shanghai,FALSE,1156213115
Weidong,Weidong,,37.0163,120.4608,China,CN,CHN,Shandong,Shandong,CN-SD,,,352.8,,,3,Asia/Shanghai,FALSE,1156430058
Yalewuzi Tuohurekecun,Yalewuzi Tuohurekecun,,37.8791,80.2932,China,CN,CHN,Xinjiang,Xinjiang,CN-XJ,,,6.4,,,5,Asia/Shanghai,FALSE,1156494439
Weidong,Weidong,,32.8182,106.0126,China,CN,CHN,Sichuan,Sichuan,CN-SC,,,39.7,,,4,Asia/Shanghai,FALSE,1156546598
Yusitun Keta Lekecun,Yusitun Keta Lekecun,,40.8183,80.3417,China,CN,CHN,Xinjiang,Xinjiang,CN-XJ,,,259.4,,,3,Asia/Shanghai,FALSE,1156209402
Najingang,Najingang,,20.4989,109.8406,China,CN,CHN,Guangdong,Guangdong,CN-GD,,,1219.4,,,3,Asia/Shanghai,FALSE,1156081951
Shilouzhancun,Shilouzhancun,,39.6293,115.9569,China,CN,CHN,Beijing,Beijing,CN-BJ,,,1264.3,,,3,Asia/Shanghai,FALSE,1156050000
Sanzhangpo,Sanzhangpo,,38.9743,113.6774,China,CN,CHN,Shanxi,Shanxi,CN-SX,,,45.4,,,4,Asia/Shanghai,FALSE,1156261031
Guanzhuangqiao,Guanzhuangqiao,,28.9022,118.4308,China,CN,CHN,Zhejiang,Zhejiang,CN-ZJ,,,109.9,,,4,Asia/Shanghai,FALSE,1156157279
Zhawuping,Zhawuping,,30.3041,111.0158,China,CN,CHN,Hubei,Hubei,CN-HB,,,110.3,,,4,Asia/Shanghai,FALSE,1156305182
Juenicun,Juenicun,,30.7071,96.8517,China,CN,CHN,Tibet,Tibet,CN-XZ,,,3.3,,,5,Asia/Shanghai,FALSE,1156922815
Zuitou,Zuitou,,28.5074,113.6682,China,CN,CHN,Hunan,Hunan,CN-HN,,,144.0,,,4,Asia/Shanghai,FALSE,1156038101
Tianlun,Tianlun,,19.7481,110.7870,China,CN,CHN,Hainan,Hainan,CN-HI,,,176.8,,,4,Asia/Shanghai,FALSE,1156156099
Zhashangcun,Zhashangcun,,32.5335,116.0775,China,CN,CHN,Anhui,Anhui,CN-AH,,,463.6,,,3,Asia/Shanghai,FALSE,1156923617
Xiangjiaoping,Xiangjiaoping,,26.5689,114.2560,China,CN,CHN,Jiangxi,Jiangxi,CN-JX,,,60.2,,,4,Asia/Shanghai,FALSE,1156032790
Beixiyaocun,Beixiyaocun,,35.9883,117.0758,China,CN,CHN,Shandong,Shandong,CN-SD,,,1429.7,,,3,Asia/Shanghai,FALSE,1156549914
Pansicun,Pansicun,,35.1691,115.7125,China,CN,CHN,Shandong,Shandong,CN-SD,,,557.1,,,3,Asia/Shanghai,FALSE,1156947564
Wenluo,Wenluo,,22.1606,109.9970,China,CN,CHN,Guangxi,Guangxi,CN-GX,,,562.1,,,3,Asia/Shanghai,FALSE,1156721294
Baipozhangcun,Baipozhangcun,,28.9382,93.0373,China,CN,CHN,Tibet,Tibet,CN-XZ,,,5.0,,,5,Asia/Shanghai,FALSE,1156654120
Xijie,Xijie,Xijiepai,30.2050,121.2413,China,CN,CHN,Zhejiang,Zhejiang,CN-ZJ,,,7925.9,,,2,Asia/Shanghai,FALSE,1156087468
Limugen,Limugen,,23.6795,111.4890,China,CN,CHN,Guangxi,Guangxi,CN-GX,,,64.3,,,4,Asia/Shanghai,FALSE,1156043272
Limugen,Limugen,,25.2563,110.6350,China,CN,CHN,Guangxi,Guangxi,CN-GX,,,25.7,,,4,Asia/Shanghai,TRUE,1156898809
Tengjiapu,Tengjiapu,,28.4498,121.3871,China,CN,CHN,Zhejiang,Zhejiang,CN-ZJ,,,1464.6,,,3,Asia/Shanghai,FALSE,1156524408
Tengjiapu,Tengjiapu,Teng-chia-p’u,29.7425,121.7839,China,CN,CHN,Zhejiang,Zhejiang,CN-ZJ,,,563.7,,,3,Asia/Shanghai,TRUE,1156234474
Dinglong,Dinglong,,23.5633,108.6020,China,CN,CHN,Guangxi,Guangxi,CN-GX,,,127.7,,,4,Asia/Shanghai,FALSE,1156969363
Dinglong,Dinglong,,24.5585,106.8620,China,CN,CHN,Guangxi,Guangxi,CN-GX,,,74.1,,,4,Asia/Shanghai,TRUE,1156529188
Dinglong,Dinglong,,25.0506,107.8495,China,CN,CHN,Guangxi,Guangxi,CN-GX,,,53.4,,,4,Asia/Shanghai,TRUE,1156614413
Huangyangkou,Huangyangkou,,27.8577,119.3582,China,CN,CHN,Zhejiang,Zhejiang,CN-ZJ,,,29.7,,,4,Asia/Shanghai,FALSE,1156477381
Tianjigong,Tianjigong,,24.2514,104.5570,China,CN,CHN,Yunnan,Yunnan,CN-YN,,,30.8,,,4,Asia/Shanghai,FALSE,1156053834
Wenluo,Wenluo,,23.2935,112.1238,China,CN,CHN,Guangdong,Guangdong,CN-GD,,,235.9,,,3,Asia/Shanghai,FALSE,1156511073
Maomiaocun,Maomiaocun,,33.0555,116.3503,China,CN,CHN,Anhui,Anhui,CN-AH,,,648.1,,,3,Asia/Shanghai,FALSE,1156289584
Nadan,Nadan,,20.6347,109.8015,China,CN,CHN,Guangdong,Guangdong,CN-GD,,,432.9,,,3,Asia/Shanghai,FALSE,1156530970
Tiaoshuigou,Tiaoshuigou,,29.8806,104.3020,China,CN,CHN,Sichuan,Sichuan,CN-SC,,,172.6,,,4,Asia/Shanghai,FALSE,1156615470
Sulaozhuang,Sulaozhuang,,37.3525,107.2080,China,CN,CHN,Ningxia,Ningxia,CN-NX,,,27.8,,,4,Asia/Shanghai,FALSE,1156744898
Chengjiaocun,Chengjiaocun,,22.2791,109.9757,China,CN,CHN,Guangxi,Guangxi,CN-GX,,,1333.2,,,3,Asia/Shanghai,FALSE,1156478338
Meilingzi,Meilingzi,,40.7579,118.5842,China,CN,CHN,Hebei,Hebei,CN-HE,,,131.4,,,4,Asia/Shanghai,FALSE,1156176306
Xilijia,Xilijia,,29.3841,112.2254,China,CN,CHN,Hunan,Hunan,CN-HN,province,,1707.1,,,3,Asia/Shanghai,FALSE,1156313331
Aotula Mailicun,Aotula Mailicun,,41.6813,81.3944,China,CN,CHN,Xinjiang,Xinjiang,CN-XJ,,,17.5,,,4,Asia/Shanghai,FALSE,1156423541
Hongtingzicun,Hongtingzicun,,41.2409,125.6130,China,CN,CHN,Liaoning,Liaoning,CN-LN,,,52.2,,,4,Asia/Shanghai,FALSE,1156352545
Zaoshuzhuang,Zaoshuzhuang,,32.5162,113.4645,China,CN,CHN,Henan,Henan,CN-HA,,,273.0,,,3,Asia/Shanghai,FALSE,1156276066
Chenmeng,Chenmeng,,23.1820,109.2900,China,CN,CHN,Guangxi,Guangxi,CN-GX,,,254.7,,,3,Asia/Shanghai,FALSE,1156818284
Chenmeng,Chenmeng,,24.8288,108.8570,China,CN,CHN,Guangxi,Guangxi,CN-GX,,,233.1,,,3,Asia/Shanghai,TRUE,1156149129
Yujiadun,Yujiadun,,30.1756,110.4953,China,CN,CHN,Hubei,Hubei,CN-HB,,,105.7,,,4,Asia/Shanghai,FALSE,1156784496
Zhangzhongbucun,Zhangzhongbucun,,41.0832,122.8378,China,CN,CHN,Liaoning,Liaoning,CN-LN,,,615.0,,,3,Asia/Shanghai,FALSE,1156346927
Peijia,Peijia,,31.5881,118.8723,China,CN,CHN,Jiangsu,Jiangsu,CN-JS,,,607.6,,,3,Asia/Shanghai,FALSE,1156507707
Zhongpeng,Zhongpeng,,25.2996,110.9000,China,CN,CHN,Guangxi,Guangxi,CN-GX,,,60.4,,,4,Asia/Shanghai,FALSE,1156841743
Changjiashan,Changjiashan,,32.6462,105.7903,China,CN,CHN,Sichuan,Sichuan,CN-SC,,,81.3,,,4,Asia/Shanghai,FALSE,1156953640
Longxin,Longxin,,23.4845,107.0930,China,CN,CHN,Guangxi,Guangxi,CN-GX,,,94.0,,,4,Asia/Shanghai,FALSE,1156475917
Longxin,Longxin,,24.4739,108.1110,China,CN,CHN,Guangxi,Guangxi,CN-GX,,,75.8,,,4,Asia/Shanghai,TRUE,1156623745
Cangdongcun,Cangdongcun,,28.5197,121.3459,China,CN,CHN,Zhejiang,Zhejiang,CN-ZJ,,,4160.9,,,2,Asia/Shanghai,FALSE,1156383827
Damangdong,Damangdong,,23.6813,100.4910,China,CN,CHN,Yunnan,Yunnan,CN-YN,,,39.8,,,4,Asia/Shanghai,FALSE,1156638840
Peijia,Peijia,,29.1501,117.0604,China,CN,CHN,Jiangxi,Jiangxi,CN-JX,,,434.6,,,3,Asia/Shanghai,FALSE,1156453401
Peijia,Peijia,,27.0443,114.7880,China,CN,CHN,Jiangxi,Jiangxi,CN-JX,,,196.2,,,4,Asia/Shanghai,TRUE,1156273811
Peijia,Peijia,,27.8016,115.8757,China,CN,CHN,Jiangxi,Jiangxi,CN-JX,,,191.9,,,4,Asia/Shanghai,TRUE,1156014661
Peijia,Peijia,,26.8583,115.1510,China,CN,CHN,Jiangxi,Jiangxi,CN-JX,,,127.3,,,4,Asia/Shanghai,TRUE,1156570409
Qianliujiayao,Qianliujiayao,,35.6070,112.4521,China,CN,CHN,Shanxi,Shanxi,CN-SX,,,261.5,,,3,Asia/Shanghai,FALSE,1156666880
Chengjiaocun,Chengjiaocun,,23.1466,111.7690,China,CN,CHN,Guangdong,Guangdong,CN-GD,,,4021.0,,,2,Asia/Shanghai,FALSE,1156567936
Chengjiaocun,Chengjiaocun,,24.9554,114.0684,China,CN,CHN,Guangdong,Guangdong,CN-GD,,,1574.9,,,3,Asia/Shanghai,TRUE,1156567938
Chengjiaocun,Chengjiaocun,,22.1740,111.7848,China,CN,CHN,Guangdong,Guangdong,CN-GD,,,327.6,,,3,Asia/Shanghai,TRUE,1156567933
Shagetun,Shagetun,,39.9658,112.5922,China,CN,CHN,Shanxi,Shanxi,CN-SX,,,43.4,,,4,Asia/Shanghai,FALSE,1156220915
Xujiazhuangcun,Xujiazhuangcun,Xujiazhuang|Hsü-chia-chuang,27.5526,120.5370,China,CN,CHN,Zhejiang,Zhejiang,CN-ZJ,,,9141.6,,,2,Asia/Shanghai,FALSE,1156451616
Rongshan,Rongshan,,25.0167,108.9870,China,CN,CHN,Guangxi,Guangxi,CN-GX,,,106.4,,,4,Asia/Shanghai,FALSE,1156920223
Licha,Licha,,30.1500,117.1139,China,CN,CHN,Anhui,Anhui,CN-AH,,,130.1,,,4,Asia/Shanghai,FALSE,1156013050
Niushetouzui,Niushetouzui,,36.4887,106.2079,China,CN,CHN,Ningxia,Ningxia,CN-NX,,,117.4,,,4,Asia/Shanghai,FALSE,1156119720
Yuanjiagou,Yuanjiagou,,32.9128,106.1339,China,CN,CHN,Shaanxi,Shaanxi,CN-SN,,,39.0,,,4,Asia/Shanghai,FALSE,1156222174
Yuanjiagou,Yuanjiagou,,36.9292,109.4749,China,CN,CHN,Shaanxi,Shaanxi,CN-SN,,,37.3,,,4,Asia/Shanghai,TRUE,1156148070
Yuanjiagou,Yuanjiagou,,32.5477,107.6554,China,CN,CHN,Shaanxi,Shaanxi,CN-SN,,,20.4,,,4,Asia/Shanghai,TRUE,1156845079
Haizewan,Haizewan,,38.0473,109.2333,China,CN,CHN,Shaanxi,Shaanxi,CN-SN,,,29.2,,,4,Asia/Shanghai,FALSE,1156358679
Zhugecun,Zhugecun,,40.8843,123.0360,China,CN,CHN,Liaoning,Liaoning,CN-LN,,,194.3,,,4,Asia/Shanghai,FALSE,1156028902
Gaojiahecun,Gaojiahecun,Gaojiahe,36.3120,114.5137,China,CN,CHN,Hebei,Hebei,CN-HE,,,596.7,,,3,Asia/Shanghai,FALSE,1156129657
Xiakuqiaoguo,Xiakuqiaoguo,,28.7230,114.1790,China,CN,CHN,Jiangxi,Jiangxi,CN-JX,,,31.1,,,4,Asia/Shanghai,FALSE,1156531085
Maozhuzhai,Maozhuzhai,,27.3939,119.6879,China,CN,CHN,Fujian,Fujian,CN-FJ,,,166.3,,,4,Asia/Shanghai,FALSE,1156274139
Maopingjie,Maopingjie,,33.1500,109.1264,China,CN,CHN,Shaanxi,Shaanxi,CN-SN,,,150.2,,,4,Asia/Shanghai,FALSE,1156971974
Maopingjie,Maopingjie,,33.3000,109.1833,China,CN,CHN,Shaanxi,Shaanxi,CN-SN,,,91.4,,,4,Asia/Shanghai,TRUE,1156014959
Maopingjie,Maopingjie,,32.1039,109.4108,China,CN,CHN,Shaanxi,Shaanxi,CN-SN,,,24.8,,,4,Asia/Shanghai,TRUE,1156975950
Xidaping,Xidaping,,39.9980,114.7647,China,CN,CHN,Hebei,Hebei,CN-HE,,,565.5,,,3,Asia/Shanghai,FALSE,1156396051
Guihe Ercun,Guihe Ercun,,36.7660,118.9157,China,CN,CHN,Shandong,Shandong,CN-SD,,,602.8,,,3,Asia/Shanghai,FALSE,1156502994
Nanmiaotou,Nanmiaotou,,38.1744,115.4610,China,CN,CHN,Hebei,Hebei,CN-HE,,,571.4,,,3,Asia/Shanghai,FALSE,1156055814
Piaocaoba,Piaocaoba,,33.2261,106.3438,China,CN,CHN,Shaanxi,Shaanxi,CN-SN,,,81.3,,,4,Asia/Shanghai,FALSE,1156257359
Tiantang Shequ,Tiantang Shequ,,21.8663,109.3491,China,CN,CHN,Guangxi,Guangxi,CN-GX,,,320.1,,,3,Asia/Shanghai,FALSE,1156470846
Mujiaogoucun,Mujiaogoucun,Mujiagou,42.2371,125.3889,China,CN,CHN,Jilin,Jilin,CN-JL,,,29.8,,,4,Asia/Shanghai,FALSE,1156099507
Xiarecaikaicun,Xiarecaikaicun,,41.9833,86.2984,China,CN,CHN,Xinjiang,Xinjiang,CN-XJ,,,26.2,,,4,Asia/Shanghai,FALSE,1156431640
Tangyu,Tangyu,,26.2332,114.4153,China,CN,CHN,Jiangxi,Jiangxi,CN-JX,,,236.8,,,3,Asia/Shanghai,FALSE,1156340010
Dongxiacun,Dongxiacun,,33.5295,120.1349,China,CN,CHN,Jiangsu,Jiangsu,CN-JS,,,347.4,,,3,Asia/Shanghai,FALSE,1156363720
Dongxiacun,Dongxiacun,,31.9125,119.3121,China,CN,CHN,Jiangsu,Jiangsu,CN-JS,,,157.7,,,4,Asia/Shanghai,TRUE,1156283968
Chaoshuiwan,Chaoshuiwan,,28.1701,104.6420,China,CN,CHN,Sichuan,Sichuan,CN-SC,,,285.4,,,3,Asia/Shanghai,FALSE,1156210355
Sanliuxiancun,Sanliuxiancun,,36.0925,115.4953,China,CN,CHN,Shandong,Shandong,CN-SD,,,869.8,,,3,Asia/Shanghai,FALSE,1156479323
Duoxiao,Duoxiao,,32.5442,95.2134,China,CN,CHN,Qinghai,Qinghai,CN-QH,,,6.8,,,5,Asia/Shanghai,FALSE,1156182252
Yejiacun,Yejiacun,,42.5403,125.7109,China,CN,CHN,Jilin,Jilin,CN-JL,province,,1602.2,,,3,Asia/Shanghai,FALSE,1156444869
Yeliao,Yeliao,,27.6325,119.8814,China,CN,CHN,Zhejiang,Zhejiang,CN-ZJ,,,43.4,,,4,Asia/Shanghai,FALSE,1156255101
Guanjiang Shequ,Guanjiang Shequ,,45.7417,126.5510,China,CN,CHN,Heilongjiang,Heilongjiang,CN-HL,,,9707.2,,,2,Asia/Shanghai,FALSE,1156575423
Dongxiacun,Dongxiacun,Dongxia,28.8270,115.0221,China,CN,CHN,Jiangxi,Jiangxi,CN-JX,,,73.9,,,4,Asia/Shanghai,FALSE,1156211477
Dongxiacun,Dongxiacun,,25.3245,115.8870,China,CN,CHN,Jiangxi,Jiangxi,CN-JX,province,,41.7,,,4,Asia/Shanghai,TRUE,1156312664
Dongxiacun,Dongxiacun,,25.3235,115.8880,China,CN,CHN,Jiangxi,Jiangxi,CN-JX,,,41.7,,,4,Asia/Shanghai,TRUE,1156337935
Jidecun,Jidecun,Jide,27.2755,119.4682,China,CN,CHN,Fujian,Fujian,CN-FJ,,,85.9,,,4,Asia/Shanghai,FALSE,1156774068
Zhongchang,Zhongchang,,26.4825,110.8028,China,CN,CHN,Hunan,Hunan,CN-HN,,,215.3,,,3,Asia/Shanghai,FALSE,1156042777
Mataicun,Mataicun,,32.5795,115.9156,China,CN,CHN,Anhui,Anhui,CN-AH,,,568.0,,,3,Asia/Shanghai,FALSE,1156536138
Mataicun,Mataicun,,32.2869,116.5158,China,CN,CHN,Anhui,Anhui,CN-AH,,,383.5,,,3,Asia/Shanghai,TRUE,1156811979
Mataicun,Mataicun,,33.9038,117.3261,China,CN,CHN,Anhui,Anhui,CN-AH,,,315.1,,,3,Asia/Shanghai,TRUE,1156687985
Caisuo,Caisuo,,25.4590,103.2410,China,CN,CHN,Yunnan,Yunnan,CN-YN,,,258.9,,,3,Asia/Shanghai,FALSE,1156270860
Dongxiacun,Dongxiacun,,42.3639,125.4978,China,CN,CHN,Jilin,Jilin,CN-JL,province,,255.8,,,3,Asia/Shanghai,FALSE,1156444944
Xiaojiadai,Xiaojiadai,,32.2228,119.7911,China,CN,CHN,Jiangsu,Jiangsu,CN-JS,,,2589.4,,,2,Asia/Shanghai,FALSE,1156259987
Xiaojiadai,Xiaojiadai,,32.0418,120.3360,China,CN,CHN,Jiangsu,Jiangsu,CN-JS,,,691.4,,,3,Asia/Shanghai,TRUE,1156919432
Xiaojiadai,Xiaojiadai,,32.0534,120.0723,China,CN,CHN,Jiangsu,Jiangsu,CN-JS,,,523.1,,,3,Asia/Shanghai,TRUE,1156429068
Haishan Shequ,Haishan Shequ,,47.3421,123.9592,China,CN,CHN,Heilongjiang,Heilongjiang,CN-HL,,,8141.6,,,2,Asia/Shanghai,FALSE,1156577762
Dalucun,Dalucun,,29.9143,121.8299,China,CN,CHN,Zhejiang,Zhejiang,CN-ZJ,,,8328.0,,,2,Asia/Shanghai,FALSE,1156402245
Dalucun,Dalucun,,29.0395,119.2173,China,CN,CHN,Zhejiang,Zhejiang,CN-ZJ,,,634.4,,,3,Asia/Shanghai,TRUE,1156405773
Dalucun,Dalucun,,27.4735,120.3549,China,CN,CHN,Zhejiang,Zhejiang,CN-ZJ,,,542.0,,,3,Asia/Shanghai,TRUE,1156386858
Dalucun,Dalucun,,27.8799,120.5871,China,CN,CHN,Zhejiang,Zhejiang,CN-ZJ,,,511.3,,,3,Asia/Shanghai,TRUE,1156384281
Dalucun,Dalucun,,28.2468,120.2390,China,CN,CHN,Zhejiang,Zhejiang,CN-ZJ,,,341.7,,,3,Asia/Shanghai,TRUE,1156374585
Dalucun,Dalucun,,29.9007,119.3843,China,CN,CHN,Zhejiang,Zhejiang,CN-ZJ,,,340.8,,,3,Asia/Shanghai,TRUE,1156399949
Dalucun,Dalucun,,28.8904,120.8355,China,CN,CHN,Zhejiang,Zhejiang,CN-ZJ,,,319.6,,,3,Asia/Shanghai,TRUE,1156393123
Dalucun,Dalucun,,29.0216,120.3490,China,CN,CHN,Zhejiang,Zhejiang,CN-ZJ,,,312.3,,,3,Asia/Shanghai,TRUE,1156392468
Dalucun,Dalucun,,29.3061,119.5649,China,CN,CHN,Zhejiang,Zhejiang,CN-ZJ,,,261.3,,,3,Asia/Shanghai,TRUE,1156395771
Dalucun,Dalucun,,29.7517,121.2981,China,CN,CHN,Zhejiang,Zhejiang,CN-ZJ,,,220.1,,,3,Asia/Shanghai,TRUE,1156403271
Dalucun,Dalucun,,28.7354,120.1020,China,CN,CHN,Zhejiang,Zhejiang,CN-ZJ,,,201.7,,,3,Asia/Shanghai,TRUE,1156409029
Dalucun,Dalucun,,29.2665,119.8444,China,CN,CHN,Zhejiang,Zhejiang,CN-ZJ,,,199.3,,,4,Asia/Shanghai,TRUE,1156396439
Dalucun,Dalucun,,28.4694,119.4322,China,CN,CHN,Zhejiang,Zhejiang,CN-ZJ,,,193.0,,,4,Asia/Shanghai,TRUE,1156408857
Baishacun,Baishacun,Pai-sha-ling-chiao|Baisha,28.1229,120.9791,China,CN,CHN,Zhejiang,Zhejiang,CN-ZJ,,,3872.6,,,2,Asia/Shanghai,FALSE,1156468135
Baishacun,Baishacun,,28.4960,121.6010,China,CN,CHN,Zhejiang,Zhejiang,CN-ZJ,,,2265.9,,,2,Asia/Shanghai,TRUE,1156385468
Baishacun,Baishacun,,28.9281,118.9093,China,CN,CHN,Zhejiang,Zhejiang,CN-ZJ,,,1913.7,,,3,Asia/Shanghai,TRUE,1156399432
Baishacun,Baishacun,Baisha|Pai-sha,28.1714,120.4277,China,CN,CHN,Zhejiang,Zhejiang,CN-ZJ,,,1464.6,,,3,Asia/Shanghai,TRUE,1156539136
Baishacun,Baishacun,,28.4377,119.5039,China,CN,CHN,Zhejiang,Zhejiang,CN-ZJ,,,1370.3,,,3,Asia/Shanghai,TRUE,1156406237
Baishacun,Baishacun,,29.7545,120.8497,China,CN,CHN,Zhejiang,Zhejiang,CN-ZJ,,,617.3,,,3,Asia/Shanghai,TRUE,1156415305
Baishacun,Baishacun,,28.8124,120.1622,China,CN,CHN,Zhejiang,Zhejiang,CN-ZJ,,,347.6,,,3,Asia/Shanghai,TRUE,1156409654
Baishacun,Baishacun,,29.3083,119.7265,China,CN,CHN,Zhejiang,Zhejiang,CN-ZJ,,,279.2,,,3,Asia/Shanghai,TRUE,1156396354
Baishacun,Baishacun,,30.2881,119.6326,China,CN,CHN,Zhejiang,Zhejiang,CN-ZJ,,,140.4,,,4,Asia/Shanghai,TRUE,1156378663
Baishacun,Baishacun,,28.6774,119.4104,China,CN,CHN,Zhejiang,Zhejiang,CN-ZJ,,,83.1,,,4,Asia/Shanghai,TRUE,1156406493
Baishacun,Baishacun,,28.4211,118.6741,China,CN,CHN,Zhejiang,Zhejiang,CN-ZJ,,,3.6,,,5,Asia/Shanghai,TRUE,1156396503
Fenglinlu,Fenglinlu,Fenglinlu Jiedao Banshichu|Fenglinlu Jiedao,31.1806,121.4500,China,CN,CHN,Shanghai,Shanghai,CN-SH,,,14369.0,,,2,Asia/Shanghai,FALSE,1156912564
Xidalincun,Xidalincun,,42.1440,124.6340,China,CN,CHN,Liaoning,Liaoning,CN-LN,,,48.7,,,4,Asia/Shanghai,FALSE,1156347236
Akaduo,Akaduo,,22.8588,99.8415,China,CN,CHN,Yunnan,Yunnan,CN-YN,,,49.9,,,4,Asia/Shanghai,FALSE,1156582648
Ayage Qinai Bagecun,Ayage Qinai Bagecun,,37.2931,79.7187,China,CN,CHN,Xinjiang,Xinjiang,CN-XJ,,,871.6,,,3,Asia/Shanghai,FALSE,1156344077
Erbaodian,Erbaodian,,31.2240,119.2440,China,CN,CHN,Anhui,Anhui,CN-AH,,,170.0,,,4,Asia/Shanghai,FALSE,1156256402
Zaokengwu,Zaokengwu,,29.8264,119.1215,China,CN,CHN,Zhejiang,Zhejiang,CN-ZJ,,,102.4,,,4,Asia/Shanghai,FALSE,1156110813
Sujiakeng,Sujiakeng,,27.4685,120.0396,China,CN,CHN,Zhejiang,Zhejiang,CN-ZJ,,,155.3,,,4,Asia/Shanghai,FALSE,1156087449
Aiguo Ercun,Aiguo Ercun,,37.7258,118.6248,China,CN,CHN,Shandong,Shandong,CN-SD,,,133.5,,,4,Asia/Shanghai,FALSE,1156442948
Longguangbaiga,Longguangbaiga,,27.2863,105.7350,China,CN,CHN,Guizhou,Guizhou,CN-GZ,,,160.1,,,4,Asia/Shanghai,FALSE,1156253445
Zhangxinzhuang,Zhangxinzhuang,,37.1077,106.8560,China,CN,CHN,Gansu,Gansu,CN-GS,,,34.4,,,4,Asia/Shanghai,FALSE,1156561458
Zhangxinzhuang,Zhangxinzhuang,,36.6492,107.6475,China,CN,CHN,Gansu,Gansu,CN-GS,,,26.1,,,4,Asia/Shanghai,TRUE,1156011144
Qinjiayan,Qinjiayan,,30.1356,107.7431,China,CN,CHN,Chongqing,Chongqing,CN-CQ,,,157.5,,,4,Asia/Shanghai,FALSE,1156804879
Da’ancun,Da'ancun,Da’antun,42.0921,127.0910,China,CN,CHN,Jilin,Jilin,CN-JL,,,131.6,,,4,Asia/Shanghai,FALSE,1156169383
Da’ancun,Da'ancun,,42.8416,125.3922,China,CN,CHN,Jilin,Jilin,CN-JL,,,95.8,,,4,Asia/Shanghai,TRUE,1156935801
Da’ancun,Da'ancun,,42.2972,125.3244,China,CN,CHN,Jilin,Jilin,CN-JL,,,92.8,,,4,Asia/Shanghai,TRUE,1156652515
Da’ancun,Da'ancun,,44.3983,127.1692,China,CN,CHN,Jilin,Jilin,CN-JL,,,84.8,,,4,Asia/Shanghai,TRUE,1156274665
Siliaocun,Siliaocun,,20.5979,109.9249,China,CN,CHN,Guangdong,Guangdong,CN-GD,,,405.9,,,3,Asia/Shanghai,FALSE,1156114488
Siliaocun,Siliaocun,,23.3685,111.6009,China,CN,CHN,Guangdong,Guangdong,CN-GD,,,148.6,,,4,Asia/Shanghai,TRUE,1156566190
Siliaocun,Siliaocun,,23.7836,111.7592,China,CN,CHN,Guangdong,Guangdong,CN-GD,,,48.9,,,4,Asia/Shanghai,TRUE,1156566187
Longjiangcun,Longjiangcun,,21.7596,109.6492,China,CN,CHN,Guangxi,Guangxi,CN-GX,,,467.0,,,3,Asia/Shanghai,FALSE,1156475332
Longjiangcun,Longjiangcun,,23.9494,111.7298,China,CN,CHN,Guangxi,Guangxi,CN-GX,,,324.6,,,3,Asia/Shanghai,TRUE,1156452713
Longjiangcun,Longjiangcun,,24.5302,109.9018,China,CN,CHN,Guangxi,Guangxi,CN-GX,,,205.0,,,3,Asia/Shanghai,TRUE,1156475331
Longjiangcun,Longjiangcun,Longjiang,22.4712,107.0749,China,CN,CHN,Guangxi,Guangxi,CN-GX,,,52.6,,,4,Asia/Shanghai,TRUE,1156923644
Longjiangcun,Longjiangcun,,23.8154,111.1314,China,CN,CHN,Guangxi,Guangxi,CN-GX,,,52.1,,,4,Asia/Shanghai,TRUE,1156475333
Sunrenbu,Sunrenbu,Sun-jen-pao|Sun-jen-chiu-pao,40.4081,113.7050,China,CN,CHN,Shanxi,Shanxi,CN-SX,,,516.3,,,3,Asia/Shanghai,FALSE,1156342899
Mutian,Mutian,,32.4878,104.2760,China,CN,CHN,Sichuan,Sichuan,CN-SC,,,91.2,,,4,Asia/Shanghai,FALSE,1156584694
Longjiangcun,Longjiangcun,,21.6781,110.8360,China,CN,CHN,Guangdong,Guangdong,CN-GD,,,1084.6,,,3,Asia/Shanghai,FALSE,1156552084
Longjiangcun,Longjiangcun,,24.1523,114.9349,China,CN,CHN,Guangdong,Guangdong,CN-GD,,,487.9,,,3,Asia/Shanghai,TRUE,1156552086
Longjiangcun,Longjiangcun,,24.0297,114.1761,China,CN,CHN,Guangdong,Guangdong,CN-GD,,,484.9,,,3,Asia/Shanghai,TRUE,1156552085
Longjiangcun,Longjiangcun,,23.1503,112.1261,China,CN,CHN,Guangdong,Guangdong,CN-GD,,,208.3,,,3,Asia/Shanghai,TRUE,1156670785
Laoshaogou,Laoshaogou,Laoshaoguogou,41.8189,126.4986,China,CN,CHN,Jilin,Jilin,CN-JL,,,23.8,,,4,Asia/Shanghai,FALSE,1156597422
Wulipu,Wulipu,,32.0387,120.2548,China,CN,CHN,Jiangsu,Jiangsu,CN-JS,,,5197.6,,,2,Asia/Shanghai,FALSE,1156838661
Wulipu,Wulipu,,33.1000,119.3667,China,CN,CHN,Jiangsu,Jiangsu,CN-JS,,,419.5,,,3,Asia/Shanghai,TRUE,1156081479
Xiezhaicun,Xiezhaicun,Xie’erzhai|Xiezhai,36.4801,115.0876,China,CN,CHN,Hebei,Hebei,CN-HE,,,1144.3,,,3,Asia/Shanghai,FALSE,1156256484
Dongchengguan,Dongchengguan,,37.0733,115.6230,China,CN,CHN,Hebei,Hebei,CN-HE,,,1873.6,,,3,Asia/Shanghai,FALSE,1156086200
Dongchengguan,Dongchengguan,,39.8965,119.2548,China,CN,CHN,Hebei,Hebei,CN-HE,,,639.5,,,3,Asia/Shanghai,TRUE,1156106751
Ruilie Muchang,Ruilie Muchang,,29.8249,97.8187,China,CN,CHN,Tibet,Tibet,CN-XZ,,,13.2,,,4,Asia/Shanghai,FALSE,1156185946
Junjiashan,Junjiashan,,36.5219,111.2149,China,CN,CHN,Shanxi,Shanxi,CN-SX,,,104.5,,,4,Asia/Shanghai,FALSE,1156588365
Reshui,Reshui,,23.8530,114.7956,China,CN,CHN,Guangdong,Guangdong,CN-GD,,,294.5,,,3,Asia/Shanghai,FALSE,1156201375
Reshui,Reshui,,23.5669,113.7772,China,CN,CHN,Guangdong,Guangdong,CN-GD,,,247.6,,,3,Asia/Shanghai,TRUE,1156123798
Reshui,Reshui,,23.5816,114.0098,China,CN,CHN,Guangdong,Guangdong,CN-GD,,,202.5,,,3,Asia/Shanghai,TRUE,1156398616
Reshui,Reshui,,23.6912,113.7053,China,CN,CHN,Guangdong,Guangdong,CN-GD,,,190.0,,,4,Asia/Shanghai,TRUE,1156088291
Reshui,Reshui,,23.8222,115.2262,China,CN,CHN,Guangdong,Guangdong,CN-GD,,,166.7,,,4,Asia/Shanghai,TRUE,1156756153
Reshui,Reshui,,24.7181,115.4814,China,CN,CHN,Guangdong,Guangdong,CN-GD,,,108.5,,,4,Asia/Shanghai,TRUE,1156003697
Reshui,Reshui,,24.4356,113.9720,China,CN,CHN,Guangdong,Guangdong,CN-GD,,,75.0,,,4,Asia/Shanghai,TRUE,1156114302
Reshui,Reshui,,24.1375,114.0225,China,CN,CHN,Guangdong,Guangdong,CN-GD,,,72.8,,,4,Asia/Shanghai,TRUE,1156631904
Ayake Aisikecun,Ayake Aisikecun,,37.3595,79.7619,China,CN,CHN,Xinjiang,Xinjiang,CN-XJ,,,484.0,,,3,Asia/Shanghai,FALSE,1156493649
Shizhuzicun,Shizhuzicun,,41.2935,121.5802,China,CN,CHN,Liaoning,Liaoning,CN-LN,,,379.7,,,3,Asia/Shanghai,FALSE,1156344309
Shizhuzicun,Shizhuzicun,,41.8954,122.1032,China,CN,CHN,Liaoning,Liaoning,CN-LN,,,239.2,,,3,Asia/Shanghai,TRUE,1156350269
Shizhuzicun,Shizhuzicun,Shizhuzi|Shih-chu-tzu,40.7667,125.4048,China,CN,CHN,Liaoning,Liaoning,CN-LN,,,30.3,,,4,Asia/Shanghai,TRUE,1156460157
Renzhuang,Renzhuang,,36.2981,109.4250,China,CN,CHN,Shaanxi,Shaanxi,CN-SN,,,157.3,,,4,Asia/Shanghai,FALSE,1156059104
Yougekoucun,Yougekoucun,,29.0691,118.6341,China,CN,CHN,Zhejiang,Zhejiang,CN-ZJ,,,141.0,,,4,Asia/Shanghai,FALSE,1156403938
Xiapuzhengcun,Xiapuzhengcun,,28.5965,121.2435,China,CN,CHN,Zhejiang,Zhejiang,CN-ZJ,,,737.5,,,3,Asia/Shanghai,FALSE,1156383919
Renzhuang,Renzhuang,,36.3994,115.8629,China,CN,CHN,Shandong,Shandong,CN-SD,,,766.0,,,3,Asia/Shanghai,FALSE,1156269473
Renzhuang,Renzhuang,,35.6095,112.9798,China,CN,CHN,Shanxi,Shanxi,CN-SX,,,392.1,,,3,Asia/Shanghai,FALSE,1156399149
Renzhuang,Renzhuang,,37.3068,112.0695,China,CN,CHN,Shanxi,Shanxi,CN-SX,,,311.1,,,3,Asia/Shanghai,TRUE,1156049512
Renzhuang,Renzhuang,,36.6743,112.8446,China,CN,CHN,Shanxi,Shanxi,CN-SX,,,143.3,,,4,Asia/Shanghai,TRUE,1156962415
Hushixi,Hushixi,,28.2380,109.9397,China,CN,CHN,Hunan,Hunan,CN-HN,,,144.5,,,4,Asia/Shanghai,FALSE,1156846317
Da’ancun,Da'ancun,,32.4715,120.1889,China,CN,CHN,Jiangsu,Jiangsu,CN-JS,,,2424.1,,,2,Asia/Shanghai,FALSE,1156326594
Da’ancun,Da'ancun,Ta-an-chen|Da’an,31.8883,121.0209,China,CN,CHN,Jiangsu,Jiangsu,CN-JS,,,959.8,,,3,Asia/Shanghai,TRUE,1156879401
Da’ancun,Da'ancun,,32.8027,119.6155,China,CN,CHN,Jiangsu,Jiangsu,CN-JS,,,672.1,,,3,Asia/Shanghai,TRUE,1156291914
Lishanxi,Lishanxi,,28.4204,107.3090,China,CN,CHN,Guizhou,Guizhou,CN-GZ,,,45.6,,,4,Asia/Shanghai,FALSE,1156166252
Zelong,Zelong,,30.9205,101.9540,China,CN,CHN,Sichuan,Sichuan,CN-SC,,,43.7,,,4,Asia/Shanghai,FALSE,1156756353
Zelong,Zelong,,34.2143,102.9532,China,CN,CHN,Sichuan,Sichuan,CN-SC,,,13.3,,,4,Asia/Shanghai,TRUE,1156734178
Lihejicun,Lihejicun,,34.4368,116.4867,China,CN,CHN,Anhui,Anhui,CN-AH,,,827.1,,,3,Asia/Shanghai,FALSE,1156125758
Potaizicun,Potaizicun,,40.2221,122.2993,China,CN,CHN,Liaoning,Liaoning,CN-LN,,,150.9,,,4,Asia/Shanghai,FALSE,1156026380
Potaizicun,Potaizicun,,42.2054,122.7060,China,CN,CHN,Liaoning,Liaoning,CN-LN,,,131.4,,,4,Asia/Shanghai,TRUE,1156333445
Daqiumei,Daqiumei,,25.0681,118.0211,China,CN,CHN,Fujian,Fujian,CN-FJ,,,265.8,,,3,Asia/Shanghai,FALSE,1156180282
Xin’anjicun,Xin'anjicun,,34.4817,116.9029,China,CN,CHN,Jiangsu,Jiangsu,CN-JS,,,594.5,,,3,Asia/Shanghai,FALSE,1156301524
Reshui,Reshui,,24.3802,109.0000,China,CN,CHN,Guangxi,Guangxi,CN-GX,,,91.2,,,4,Asia/Shanghai,FALSE,1156066729
Zhangkulicun,Zhangkulicun,,37.8301,117.1543,China,CN,CHN,Shandong,Shandong,CN-SD,,,339.7,,,3,Asia/Shanghai,FALSE,1156444519
Xiweituo,Xiweituo,,39.4896,116.1462,China,CN,CHN,Hebei,Hebei,CN-HE,,,565.0,,,3,Asia/Shanghai,FALSE,1156624952
Jigunzhai,Jigunzhai,,26.2923,108.9500,China,CN,CHN,Guizhou,Guizhou,CN-GZ,,,55.9,,,4,Asia/Shanghai,FALSE,1156403370
Liushubian,Liushubian,,28.6315,110.9089,China,CN,CHN,Hunan,Hunan,CN-HN,,,99.1,,,4,Asia/Shanghai,FALSE,1156555309
Sulong,Sulong,,22.7268,111.6011,China,CN,CHN,Guangdong,Guangdong,CN-GD,,,827.5,,,3,Asia/Shanghai,FALSE,1156558474
Chejiayingcun,Chejiayingcun,Chejiaying,42.1435,118.0649,China,CN,CHN,Hebei,Hebei,CN-HE,,,48.6,,,4,Asia/Shanghai,FALSE,1156135607
Nanguan Zhuangdongcun,Nanguan Zhuangdongcun,,37.3999,121.5579,China,CN,CHN,Shandong,Shandong,CN-SD,,,766.0,,,3,Asia/Shanghai,FALSE,1156440444
Wacuocun,Wacuocun,,31.6984,97.3406,China,CN,CHN,Tibet,Tibet,CN-XZ,,,7.1,,,5,Asia/Shanghai,FALSE,1156242548
Panlongwan,Panlongwan,,25.5956,104.9440,China,CN,CHN,Guizhou,Guizhou,CN-GZ,,,172.1,,,4,Asia/Shanghai,FALSE,1156332184
Nanwangzhuang,Nanwangzhuang,,35.8176,112.8947,China,CN,CHN,Shanxi,Shanxi,CN-SX,,,1348.3,,,3,Asia/Shanghai,FALSE,1156108719
Nanwangzhuang,Nanwangzhuang,,39.5077,113.1931,China,CN,CHN,Shanxi,Shanxi,CN-SX,,,373.2,,,3,Asia/Shanghai,TRUE,1156135291
Bengbapo,Bengbapo,,30.0488,110.3362,China,CN,CHN,Hubei,Hubei,CN-HB,,,45.0,,,4,Asia/Shanghai,FALSE,1156268623
Heila,Heila,,34.0928,103.7448,China,CN,CHN,Gansu,Gansu,CN-GS,,,13.3,,,4,Asia/Shanghai,FALSE,1156588939
Dieshuiyan,Dieshuiyan,,28.5954,104.1860,China,CN,CHN,Yunnan,Yunnan,CN-YN,,,349.2,,,3,Asia/Shanghai,FALSE,1156461197
Duantangcun,Duantangcun,,32.4126,116.4211,China,CN,CHN,Anhui,Anhui,CN-AH,,,395.2,,,3,Asia/Shanghai,FALSE,1156811933
Zhoubu,Zhoubu,,32.2162,120.2667,China,CN,CHN,Jiangsu,Jiangsu,CN-JS,,,1232.9,,,3,Asia/Shanghai,FALSE,1156210122
Hong’an Shequ,Hong'an Shequ,,47.1994,123.6241,China,CN,CHN,Heilongjiang,Heilongjiang,CN-HL,,,2474.6,,,2,Asia/Shanghai,FALSE,1156564337
Jingouling,Jingouling,,27.7042,117.8918,China,CN,CHN,Fujian,Fujian,CN-FJ,,,27.9,,,4,Asia/Shanghai,FALSE,1156120023
Yegong,Yegong,,27.7246,99.6797,China,CN,CHN,Yunnan,Yunnan,CN-YN,,,51.9,,,4,Asia/Shanghai,FALSE,1156671824
Zhongzhuang,Zhongzhuang,,24.8480,102.8400,China,CN,CHN,Yunnan,Yunnan,CN-YN,,,646.8,,,3,Asia/Shanghai,FALSE,1156034987
Heshujie,Heshujie,,38.1913,109.0463,China,CN,CHN,Shaanxi,Shaanxi,CN-SN,,,16.1,,,4,Asia/Shanghai,FALSE,1156186840
Dapotou,Dapotou,,25.7902,114.1040,China,CN,CHN,Jiangxi,Jiangxi,CN-JX,,,43.9,,,4,Asia/Shanghai,FALSE,1156243284
Songcun,Songcun,,30.4660,117.3654,China,CN,CHN,Anhui,Anhui,CN-AH,,,208.2,,,3,Asia/Shanghai,FALSE,1156438546
Songcun,Songcun,,29.9637,118.4080,China,CN,CHN,Anhui,Anhui,CN-AH,,,192.6,,,4,Asia/Shanghai,TRUE,1156100072
Songcun,Songcun,,30.6458,118.5875,China,CN,CHN,Anhui,Anhui,CN-AH,,,80.1,,,4,Asia/Shanghai,TRUE,1156034740
Xigezi Dongcun,Xigezi Dongcun,Xigezidongcun|Gezidong,40.6650,119.5931,China,CN,CHN,Liaoning,Liaoning,CN-LN,,,143.4,,,4,Asia/Shanghai,FALSE,1156422213
Yizitai,Yizitai,,28.6981,106.8960,China,CN,CHN,Guizhou,Guizhou,CN-GZ,,,106.3,,,4,Asia/Shanghai,FALSE,1156045423
Yizitai,Yizitai,,28.6957,106.5540,China,CN,CHN,Guizhou,Guizhou,CN-GZ,,,90.8,,,4,Asia/Shanghai,TRUE,1156068782
Yizitai,Yizitai,,28.7736,106.9790,China,CN,CHN,Guizhou,Guizhou,CN-GZ,,,86.4,,,4,Asia/Shanghai,TRUE,1156721234
Yizitai,Yizitai,,24.1639,106.7440,China,CN,CHN,Guangxi,Guangxi,CN-GX,,,80.1,,,4,Asia/Shanghai,FALSE,1156218845
Dongxiaohu,Dongxiaohu,,32.2123,120.2896,China,CN,CHN,Jiangsu,Jiangsu,CN-JS,,,490.4,,,3,Asia/Shanghai,FALSE,1156754882
Zhangxiang,Zhangxiang,,32.2029,112.3109,China,CN,CHN,Hubei,Hubei,CN-HB,,,479.1,,,3,Asia/Shanghai,FALSE,1156864018
Zhangxiang,Zhangxiang,,30.5861,112.5908,China,CN,CHN,Hubei,Hubei,CN-HB,,,288.1,,,3,Asia/Shanghai,TRUE,1156120589
Mulinbu,Mulinbu,,28.9862,108.2310,China,CN,CHN,Guizhou,Guizhou,CN-GZ,,,108.5,,,4,Asia/Shanghai,FALSE,1156501520
Gulouzhangcun,Gulouzhangcun,,37.7765,117.0614,China,CN,CHN,Shandong,Shandong,CN-SD,,,844.3,,,3,Asia/Shanghai,FALSE,1156443980
Dalanzhai,Dalanzhai,,39.4607,113.4507,China,CN,CHN,Shanxi,Shanxi,CN-SX,,,184.5,,,4,Asia/Shanghai,FALSE,1156849824
Daji Famuchang,Daji Famuchang,,26.0675,117.7097,China,CN,CHN,Fujian,Fujian,CN-FJ,,,181.3,,,4,Asia/Shanghai,FALSE,1156166629
Bainiuping,Bainiuping,,22.2807,112.8571,China,CN,CHN,Guangdong,Guangdong,CN-GD,,,2288.6,,,2,Asia/Shanghai,FALSE,1156602110
Shesang,Shesang,,30.9696,95.0096,China,CN,CHN,Tibet,Tibet,CN-XZ,,,7.3,,,5,Asia/Shanghai,FALSE,1156573456
Xiaoshiban,Xiaoshiban,,24.6228,105.2603,China,CN,CHN,Guangxi,Guangxi,CN-GX,,,76.3,,,4,Asia/Shanghai,FALSE,1156372006
Shangxiyuan,Shangxiyuan,,28.8476,117.0313,China,CN,CHN,Jiangxi,Jiangxi,CN-JX,,,468.4,,,3,Asia/Shanghai,FALSE,1156728626
Shangxiyuan,Shangxiyuan,,29.0496,114.3813,China,CN,CHN,Jiangxi,Jiangxi,CN-JX,,,94.7,,,4,Asia/Shanghai,TRUE,1156266162
Shangxiyuan,Shangxiyuan,,26.9932,116.5672,China,CN,CHN,Jiangxi,Jiangxi,CN-JX,,,88.9,,,4,Asia/Shanghai,TRUE,1156415728
Zoujiazhuang,Zoujiazhuang,,33.2895,119.9840,China,CN,CHN,Jiangsu,Jiangsu,CN-JS,,,425.9,,,3,Asia/Shanghai,FALSE,1156339889
Zoujiazhuang,Zoujiazhuang,,33.7797,119.9473,China,CN,CHN,Jiangsu,Jiangsu,CN-JS,,,283.4,,,3,Asia/Shanghai,TRUE,1156050943
Erdaogou Daoban,Erdaogou Daoban,,43.8075,130.7382,China,CN,CHN,Heilongjiang,Heilongjiang,CN-HL,,,7.9,,,5,Asia/Shanghai,FALSE,1156235958
Panchao,Panchao,,24.1684,107.3040,China,CN,CHN,Guangxi,Guangxi,CN-GX,,,299.7,,,3,Asia/Shanghai,FALSE,1156075184
Tongmuping,Tongmuping,,27.8049,110.3816,China,CN,CHN,Hunan,Hunan,CN-HN,,,460.0,,,3,Asia/Shanghai,FALSE,1156279008
Tongmuping,Tongmuping,,27.9674,109.3272,China,CN,CHN,Hunan,Hunan,CN-HN,,,208.4,,,3,Asia/Shanghai,TRUE,1156037562
Tongmuping,Tongmuping,,27.3199,109.8596,China,CN,CHN,Hunan,Hunan,CN-HN,,,188.9,,,4,Asia/Shanghai,TRUE,1156023360
Tongmuping,Tongmuping,,28.5773,110.1223,China,CN,CHN,Hunan,Hunan,CN-HN,,,63.7,,,4,Asia/Shanghai,TRUE,1156176365
Erdaowobu,Erdaowobu,,40.0091,122.1980,China,CN,CHN,Liaoning,Liaoning,CN-LN,,,105.2,,,4,Asia/Shanghai,FALSE,1156349290
Jiaowanli,Jiaowanli,,33.0021,105.9582,China,CN,CHN,Shaanxi,Shaanxi,CN-SN,,,57.4,,,4,Asia/Shanghai,FALSE,1156190825
Hongya,Hongya,,32.2146,106.2609,China,CN,CHN,Sichuan,Sichuan,CN-SC,,,744.5,,,3,Asia/Shanghai,FALSE,1156245180
Qiaoshan,Qiaoshan,,35.8378,113.1854,China,CN,CHN,Shanxi,Shanxi,CN-SX,,,243.9,,,3,Asia/Shanghai,FALSE,1156168957
Tangjiabang,Tangjiabang,,27.0211,109.3970,China,CN,CHN,Guizhou,Guizhou,CN-GZ,,,140.9,,,4,Asia/Shanghai,FALSE,1156272135
Shangshiquan,Shangshiquan,,37.2454,103.3680,China,CN,CHN,Gansu,Gansu,CN-GS,,,76.8,,,4,Asia/Shanghai,FALSE,1156151830
Liujiachong,Liujiachong,,32.6236,109.2456,China,CN,CHN,Shaanxi,Shaanxi,CN-SN,,,85.5,,,4,Asia/Shanghai,FALSE,1156599112
Weijiangcun,Weijiangcun,,37.6510,120.4853,China,CN,CHN,Shandong,Shandong,CN-SD,,,1230.8,,,3,Asia/Shanghai,FALSE,1156471652
Dazhuangyang,Dazhuangyang,,35.0171,106.1500,China,CN,CHN,Gansu,Gansu,CN-GS,,,275.0,,,3,Asia/Shanghai,FALSE,1156207058
Kuyuketamu,Kuyuketamu,,40.7719,81.5266,China,CN,CHN,Xinjiang,Xinjiang,CN-XJ,autonomous region,,69.0,,,4,Asia/Shanghai,FALSE,1156276408
Lijiadawawu,Lijiadawawu,,31.1708,111.9767,China,CN,CHN,Hubei,Hubei,CN-HB,,,33.5,,,4,Asia/Shanghai,FALSE,1156071659
Yongquan,Yongquan,,31.7951,111.9070,China,CN,CHN,Hubei,Hubei,CN-HB,,,353.4,,,3,Asia/Shanghai,FALSE,1156286362
Xigoutoucun,Xigoutoucun,,36.6650,117.4850,China,CN,CHN,Shandong,Shandong,CN-SD,,,3577.4,,,2,Asia/Shanghai,FALSE,1156497531
Xigoutoucun,Xigoutoucun,,36.8157,117.3526,China,CN,CHN,Shandong,Shandong,CN-SD,,,783.2,,,3,Asia/Shanghai,TRUE,1156082168
Xigoutoucun,Xigoutoucun,,35.6029,118.9175,China,CN,CHN,Shandong,Shandong,CN-SD,,,715.2,,,3,Asia/Shanghai,TRUE,1156163798
Xigoutoucun,Xigoutoucun,,36.5735,119.7205,China,CN,CHN,Shandong,Shandong,CN-SD,,,429.6,,,3,Asia/Shanghai,TRUE,1156497525
Guankengcun,Guankengcun,,28.1064,116.1172,China,CN,CHN,Jiangxi,Jiangxi,CN-JX,,,277.2,,,3,Asia/Shanghai,FALSE,1156198092
Qianfo,Qianfo,,29.8611,105.8937,China,CN,CHN,Chongqing,Chongqing,CN-CQ,,,492.1,,,3,Asia/Shanghai,FALSE,1156109033
Qianfo,Qianfo,,30.3737,105.8612,China,CN,CHN,Chongqing,Chongqing,CN-CQ,,,466.2,,,3,Asia/Shanghai,TRUE,1156373430
Qianfo,Qianfo,,29.7624,107.0444,China,CN,CHN,Chongqing,Chongqing,CN-CQ,,,292.3,,,3,Asia/Shanghai,TRUE,1156857329
Yongquan,Yongquan,,47.9736,127.1498,China,CN,CHN,Heilongjiang,Heilongjiang,CN-HL,,,6.5,,,5,Asia/Shanghai,FALSE,1156785392
Shangsanxicun,Shangsanxicun,,29.5135,120.8655,China,CN,CHN,Zhejiang,Zhejiang,CN-ZJ,,,2922.7,,,2,Asia/Shanghai,FALSE,1156416210
Fuqingcun,Fuqingcun,,23.6406,111.1671,China,CN,CHN,Guangxi,Guangxi,CN-GX,,,129.0,,,4,Asia/Shanghai,FALSE,1156508810
Haiwei,Haiwei,,22.7492,113.2710,China,CN,CHN,Guangdong,Guangdong,CN-GD,,,4848.6,,,2,Asia/Shanghai,FALSE,1156056247
Haiwei,Haiwei,,20.4425,109.9477,China,CN,CHN,Guangdong,Guangdong,CN-GD,,,82.7,,,4,Asia/Shanghai,TRUE,1156434495
Lengshuijing,Lengshuijing,,30.0850,104.3020,China,CN,CHN,Sichuan,Sichuan,CN-SC,,,735.0,,,3,Asia/Shanghai,FALSE,1156132080
Zhoukong,Zhoukong,,32.3556,115.3361,China,CN,CHN,Henan,Henan,CN-HA,,,282.1,,,3,Asia/Shanghai,FALSE,1156101717
Lingtouping,Lingtouping,,24.4678,116.6528,China,CN,CHN,Guangdong,Guangdong,CN-GD,,,246.7,,,3,Asia/Shanghai,FALSE,1156532433
Mulaxi,Mulaxi,,31.7700,108.1601,China,CN,CHN,Sichuan,Sichuan,CN-SC,,,136.1,,,4,Asia/Shanghai,FALSE,1156015326
Shujiachong,Shujiachong,,27.2997,111.9900,China,CN,CHN,Hunan,Hunan,CN-HN,,,561.4,,,3,Asia/Shanghai,FALSE,1156112622
Shujiachong,Shujiachong,,28.3135,112.3008,China,CN,CHN,Hunan,Hunan,CN-HN,,,514.4,,,3,Asia/Shanghai,TRUE,1156185018
Shujiachong,Shujiachong,,27.1894,111.0358,China,CN,CHN,Hunan,Hunan,CN-HN,,,336.9,,,3,Asia/Shanghai,TRUE,1156492012
Shujiachong,Shujiachong,,26.6435,111.2752,China,CN,CHN,Hunan,Hunan,CN-HN,,,193.0,,,4,Asia/Shanghai,TRUE,1156042859
Shujiachong,Shujiachong,,28.9948,112.9815,China,CN,CHN,Hunan,Hunan,CN-HN,,,139.4,,,4,Asia/Shanghai,TRUE,1156838873
Shujiachong,Shujiachong,,28.5717,111.4654,China,CN,CHN,Hunan,Hunan,CN-HN,,,65.3,,,4,Asia/Shanghai,TRUE,1156501300
Wuyaping,Wuyaping,,25.7729,110.2510,China,CN,CHN,Guangxi,Guangxi,CN-GX,,,101.3,,,4,Asia/Shanghai,FALSE,1156748981
Waicaiyuan,Waicaiyuan,,27.8911,116.8192,China,CN,CHN,Jiangxi,Jiangxi,CN-JX,,,17.1,,,4,Asia/Shanghai,FALSE,1156067843
Heiquanhe,Heiquanhe,,36.2462,107.0056,China,CN,CHN,Gansu,Gansu,CN-GS,,,21.7,,,4,Asia/Shanghai,FALSE,1156132872
Yamuqi,Yamuqi,,25.6739,119.1941,China,CN,CHN,Fujian,Fujian,CN-FJ,,,195.8,,,4,Asia/Shanghai,FALSE,1156201133
Yancun,Yancun,,27.1271,114.3178,China,CN,CHN,Jiangxi,Jiangxi,CN-JX,,,253.1,,,3,Asia/Shanghai,FALSE,1156182409
Yancun,Yancun,,28.9699,117.4876,China,CN,CHN,Jiangxi,Jiangxi,CN-JX,,,136.2,,,4,Asia/Shanghai,TRUE,1156129061
Charikou,Charikou,,32.6725,96.5663,China,CN,CHN,Qinghai,Qinghai,CN-QH,,,9.5,,,5,Asia/Shanghai,FALSE,1156576496
Xiuzhong,Xiuzhong,,32.0013,105.2868,China,CN,CHN,Sichuan,Sichuan,CN-SC,,,75.5,,,4,Asia/Shanghai,FALSE,1156024828
Yancun,Yancun,,31.9964,119.8665,China,CN,CHN,Jiangsu,Jiangsu,CN-JS,,,757.3,,,3,Asia/Shanghai,FALSE,1156746901
Yancun,Yancun,,31.9858,119.4553,China,CN,CHN,Jiangsu,Jiangsu,CN-JS,,,546.5,,,3,Asia/Shanghai,TRUE,1156874190
Yancun,Yancun,,32.8831,120.7821,China,CN,CHN,Jiangsu,Jiangsu,CN-JS,,,34.4,,,4,Asia/Shanghai,TRUE,1156374927
Nanmenshancun,Nanmenshancun,Nanmenshan,26.7039,119.8650,China,CN,CHN,Fujian,Fujian,CN-FJ,,,243.0,,,3,Asia/Shanghai,FALSE,1156704982
Yaociyao,Yaociyao,Mecime,26.0047,101.4460,China,CN,CHN,Yunnan,Yunnan,CN-YN,,,42.2,,,4,Asia/Shanghai,FALSE,1156061726
Xiashichang,Xiashichang,,42.7806,124.3129,China,CN,CHN,Liaoning,Liaoning,CN-LN,,,64.3,,,4,Asia/Shanghai,FALSE,1156557789
Xiashichang,Xiashichang,,41.8007,121.2370,China,CN,CHN,Liaoning,Liaoning,CN-LN,,,35.2,,,4,Asia/Shanghai,TRUE,1156331666
Afa Zhongcun,Afa Zhongcun,,24.9179,101.1470,China,CN,CHN,Yunnan,Yunnan,CN-YN,,,55.2,,,4,Asia/Shanghai,FALSE,1156727172
Qiulin,Qiulin,,31.3069,107.4650,China,CN,CHN,Sichuan,Sichuan,CN-SC,,,171.0,,,4,Asia/Shanghai,FALSE,1156644699
Qiulin,Qiulin,,28.7414,102.4700,China,CN,CHN,Sichuan,Sichuan,CN-SC,,,104.9,,,4,Asia/Shanghai,TRUE,1156112628
Qiulin,Qiulin,,32.2813,104.6930,China,CN,CHN,Sichuan,Sichuan,CN-SC,,,32.8,,,4,Asia/Shanghai,TRUE,1156763370
Yezigou,Yezigou,,30.0436,104.8850,China,CN,CHN,Sichuan,Sichuan,CN-SC,,,333.7,,,3,Asia/Shanghai,FALSE,1156882618
Leshanzhaicun,Leshanzhaicun,,30.4478,106.7505,China,CN,CHN,Sichuan,Sichuan,CN-SC,,,551.8,,,3,Asia/Shanghai,FALSE,1156558366
Qiulin,Qiulin,Ch’iu-lin,36.0875,110.2633,China,CN,CHN,Shaanxi,Shaanxi,CN-SN,,,62.4,,,4,Asia/Shanghai,FALSE,1156510193
Genglatun,Genglatun,,25.1642,107.4409,China,CN,CHN,Guangxi,Guangxi,CN-GX,,,61.5,,,4,Asia/Shanghai,FALSE,1156456328
Quebucun,Quebucun,,28.5092,88.0019,China,CN,CHN,Tibet,Tibet,CN-XZ,,,2.7,,,5,Asia/Shanghai,FALSE,1156672758
Dongchaoyangshan,Dongchaoyangshan,,44.4613,124.5921,China,CN,CHN,Jilin,Jilin,CN-JL,,,170.4,,,4,Asia/Shanghai,FALSE,1156088896
Tieshan,Tieshan,,31.4884,106.6333,China,CN,CHN,Sichuan,Sichuan,CN-SC,,,706.2,,,3,Asia/Shanghai,FALSE,1156265277
Tieshan,Tieshan,,31.2321,107.3500,China,CN,CHN,Sichuan,Sichuan,CN-SC,,,341.4,,,3,Asia/Shanghai,TRUE,1156287504
Tieshan,Tieshan,,32.0519,106.8039,China,CN,CHN,Sichuan,Sichuan,CN-SC,,,249.0,,,3,Asia/Shanghai,TRUE,1156123760
Tieshan,Tieshan,,29.7936,105.1950,China,CN,CHN,Sichuan,Sichuan,CN-SC,,,238.9,,,3,Asia/Shanghai,TRUE,1156236723
Tieshan,Tieshan,,29.0568,105.0040,China,CN,CHN,Sichuan,Sichuan,CN-SC,,,182.9,,,4,Asia/Shanghai,TRUE,1156308765
Wangjiaying,Wangjiaying,,33.4329,112.9689,China,CN,CHN,Henan,Henan,CN-HA,,,279.8,,,3,Asia/Shanghai,FALSE,1156658369
Beijie,Beijie,,35.0381,106.0860,China,CN,CHN,Gansu,Gansu,CN-GS,,,1279.9,,,3,Asia/Shanghai,FALSE,1156228959
Wanziying Dongcun,Wanziying Dongcun,,39.8636,116.5901,China,CN,CHN,Beijing,Beijing,CN-BJ,,,4564.7,,,2,Asia/Shanghai,FALSE,1156187869
Tieshan,Tieshan,,32.9485,108.6893,China,CN,CHN,Shaanxi,Shaanxi,CN-SN,,,51.2,,,4,Asia/Shanghai,FALSE,1156962017
Beijiancun,Beijiancun,,21.5637,110.8731,China,CN,CHN,Guangdong,Guangdong,CN-GD,,,1415.7,,,3,Asia/Shanghai,FALSE,1156552088
Wusijiang,Wusijiang,,29.7095,92.1525,China,CN,CHN,Tibet,Tibet,CN-XZ,,,3.0,,,5,Asia/Shanghai,FALSE,1156262655
Chucun,Chucun,Ch’u-ts’un,35.6505,111.3060,China,CN,CHN,Shanxi,Shanxi,CN-SX,,,2231.2,,,2,Asia/Shanghai,FALSE,1156189608
Zhongliancun,Zhongliancun,,30.9648,120.9500,China,CN,CHN,Zhejiang,Zhejiang,CN-ZJ,,,942.0,,,3,Asia/Shanghai,FALSE,1156378465
Zhongliancun,Zhongliancun,,28.1528,120.6138,China,CN,CHN,Zhejiang,Zhejiang,CN-ZJ,,,624.2,,,3,Asia/Shanghai,TRUE,1156380646
Zhongliancun,Zhongliancun,,29.6747,118.7711,China,CN,CHN,Zhejiang,Zhejiang,CN-ZJ,,,185.0,,,4,Asia/Shanghai,TRUE,1156018595
Longliyantou,Longliyantou,,23.4724,104.7220,China,CN,CHN,Yunnan,Yunnan,CN-YN,,,348.3,,,3,Asia/Shanghai,FALSE,1156242465
Yunongtun,Yunongtun,,45.7875,127.5075,China,CN,CHN,Heilongjiang,Heilongjiang,CN-HL,,,1771.6,,,3,Asia/Shanghai,FALSE,1156191776
Nongliu,Nongliu,,23.9888,107.7180,China,CN,CHN,Guangxi,Guangxi,CN-GX,,,86.0,,,4,Asia/Shanghai,FALSE,1156230707
Nongliu,Nongliu,,23.2869,105.9000,China,CN,CHN,Guangxi,Guangxi,CN-GX,,,65.4,,,4,Asia/Shanghai,TRUE,1156223940
Nongliu,Nongliu,,23.1149,105.6190,China,CN,CHN,Guangxi,Guangxi,CN-GX,,,25.1,,,4,Asia/Shanghai,TRUE,1156146407
Daiyuan,Daiyuan,,27.9523,118.8211,China,CN,CHN,Zhejiang,Zhejiang,CN-ZJ,,,74.6,,,4,Asia/Shanghai,FALSE,1156376318
Renyuecun,Renyuecun,Renyue,36.4193,115.0161,China,CN,CHN,Hebei,Hebei,CN-HE,,,1107.8,,,3,Asia/Shanghai,FALSE,1156548096
Zhongchenfangli,Zhongchenfangli,,35.9437,111.3800,China,CN,CHN,Shanxi,Shanxi,CN-SX,,,699.5,,,3,Asia/Shanghai,FALSE,1156100982
Chenbaofan,Chenbaofan,,29.9656,115.1309,China,CN,CHN,Hubei,Hubei,CN-HB,,,146.7,,,4,Asia/Shanghai,FALSE,1156751763
Jingshencun,Jingshencun,,46.7758,131.0365,China,CN,CHN,Heilongjiang,Heilongjiang,CN-HL,,,59.6,,,4,Asia/Shanghai,FALSE,1156309202
Shili Qiaozi,Shili Qiaozi,,44.4421,126.5147,China,CN,CHN,Jilin,Jilin,CN-JL,,,234.5,,,3,Asia/Shanghai,FALSE,1156348631
Tongmin,Tongmin,,23.3284,110.7070,China,CN,CHN,Guangxi,Guangxi,CN-GX,,,223.9,,,3,Asia/Shanghai,FALSE,1156252899
Zhangjiachang,Zhangjiachang,Chang-chia-ch’ang,30.4202,120.7536,China,CN,CHN,Zhejiang,Zhejiang,CN-ZJ,,,1421.3,,,3,Asia/Shanghai,FALSE,1156081566
Goubangcun,Goubangcun,,33.8091,120.3665,China,CN,CHN,Jiangsu,Jiangsu,CN-JS,,,417.9,,,3,Asia/Shanghai,FALSE,1156298567
Chengjia Jiaoshancun,Chengjia Jiaoshancun,,35.1994,119.0208,China,CN,CHN,Shandong,Shandong,CN-SD,,,554.9,,,3,Asia/Shanghai,FALSE,1156437210
Xinduncun,Xinduncun,,32.7823,120.6383,China,CN,CHN,Jiangsu,Jiangsu,CN-JS,,,778.2,,,3,Asia/Shanghai,FALSE,1156291143
Chixi,Chixi,,30.2050,115.3229,China,CN,CHN,Hubei,Hubei,CN-HB,,,203.9,,,3,Asia/Shanghai,FALSE,1156053605
Zushe,Zushe,,23.2699,106.2470,China,CN,CHN,Guangxi,Guangxi,CN-GX,,,128.3,,,4,Asia/Shanghai,FALSE,1156599934
Jiazaishuicun,Jiazaishuicun,,41.5527,127.3832,China,CN,CHN,Jilin,Jilin,CN-JL,,,48.7,,,4,Asia/Shanghai,FALSE,1156299277
Darongka,Darongka,,31.1040,97.1040,China,CN,CHN,Tibet,Tibet,CN-XZ,,,7.3,,,5,Asia/Shanghai,FALSE,1156129710
Xiawa Guanzhuangcun,Xiawa Guanzhuangcun,,36.3641,119.2490,China,CN,CHN,Shandong,Shandong,CN-SD,,,563.3,,,3,Asia/Shanghai,FALSE,1156488961
Muye Sandui,Muye Sandui,,44.5334,82.7970,China,CN,CHN,Xinjiang,Xinjiang,CN-XJ,,,12.7,,,4,Asia/Shanghai,FALSE,1156425406
Qingjiping,Qingjiping,,26.1808,110.7610,China,CN,CHN,Guangxi,Guangxi,CN-GX,,,71.7,,,4,Asia/Shanghai,FALSE,1156044421
Dongchiyang,Dongchiyang,,38.2022,114.9441,China,CN,CHN,Hebei,Hebei,CN-HE,,,1937.6,,,3,Asia/Shanghai,FALSE,1156032259
Fangcao,Fangcao,,37.1155,104.0720,China,CN,CHN,Gansu,Gansu,CN-GS,,,634.4,,,3,Asia/Shanghai,FALSE,1156116706
Nangou,Nangou,,34.5346,104.7850,China,CN,CHN,Gansu,Gansu,CN-GS,,,350.3,,,3,Asia/Shanghai,FALSE,1156680824
Nangou,Nangou,,35.1203,107.3510,China,CN,CHN,Gansu,Gansu,CN-GS,,,173.4,,,4,Asia/Shanghai,TRUE,1156238598
Nangou,Nangou,,34.0447,105.5010,China,CN,CHN,Gansu,Gansu,CN-GS,,,104.8,,,4,Asia/Shanghai,TRUE,1156428251
Nangou,Nangou,,38.9581,100.5230,China,CN,CHN,Gansu,Gansu,CN-GS,,,43.3,,,4,Asia/Shanghai,TRUE,1156018030
Nangou,Nangou,,34.5281,105.2710,China,CN,CHN,Gansu,Gansu,CN-GS,,,36.3,,,4,Asia/Shanghai,TRUE,1156508018
Nangou,Nangou,,35.4251,106.7140,China,CN,CHN,Gansu,Gansu,CN-GS,,,35.8,,,4,Asia/Shanghai,TRUE,1156053466
Nangou,Nangou,,38.3644,101.1980,China,CN,CHN,Gansu,Gansu,CN-GS,,,7.3,,,5,Asia/Shanghai,TRUE,1156896919
Nangou,Nangou,,39.4659,99.3584,China,CN,CHN,Gansu,Gansu,CN-GS,,,1.0,,,5,Asia/Shanghai,TRUE,1156183779
Shangfanjiagoucun,Shangfanjiagoucun,,37.2041,120.8941,China,CN,CHN,Shandong,Shandong,CN-SD,,,277.1,,,3,Asia/Shanghai,FALSE,1156879757
Caotancun,Caotancun,,31.7273,118.1527,China,CN,CHN,Anhui,Anhui,CN-AH,,,734.3,,,3,Asia/Shanghai,FALSE,1156650525
Caotancun,Caotancun,,30.7599,116.7625,China,CN,CHN,Anhui,Anhui,CN-AH,,,450.0,,,3,Asia/Shanghai,TRUE,1156983192
Houxingcun,Houxingcun,,35.6191,116.7326,China,CN,CHN,Shandong,Shandong,CN-SD,,,1648.4,,,3,Asia/Shanghai,FALSE,1156493020
Houxingcun,Houxingcun,,35.9619,115.5261,China,CN,CHN,Shandong,Shandong,CN-SD,,,852.4,,,3,Asia/Shanghai,TRUE,1156493019
Houxingcun,Houxingcun,,36.0972,116.4712,China,CN,CHN,Shandong,Shandong,CN-SD,,,444.8,,,3,Asia/Shanghai,TRUE,1156493016
Kala Yujimai,Kala Yujimai,,40.9640,80.5537,China,CN,CHN,Xinjiang,Xinjiang,CN-XJ,,,67.7,,,4,Asia/Shanghai,FALSE,1156456066