city,city_ascii,city_alt,lat,lng,country,iso2,iso3,admin_name,admin_name_ascii,admin_code,admin_type,capital,density,population,population_proper,ranking,timezone,same_name,id
Karimān,Kariman,,33.1147,74.4645,India,IN,IND,Jammu and Kashmīr,Jammu and Kashmir,IN-JK,state,,143.2,,,4,Asia/Kolkata,FALSE,1356250809
Nariāpār,Nariapar,,26.7500,81.7393,India,IN,IND,Uttar Pradesh,Uttar Pradesh,IN-UP,state,,988.8,,,3,Asia/Kolkata,FALSE,1356182510
Sardārpura Mota,Sardarpura Mota,,23.2468,73.5172,India,IN,IND,Gujarāt,Gujarat,IN-GJ,state,,265.9,,,3,Asia/Kolkata,FALSE,1356125952
Thazhakad,Thazhakad,,10.3328,76.2691,India,IN,IND,Kerala,Kerala,IN-KL,state,,673.0,,,3,Asia/Kolkata,FALSE,1356302461
Zūnthpura,Zunthpura,,25.2892,73.9988,India,IN,IND,Rājasthān,Rajasthan,IN-RJ,state,,319.5,,,3,Asia/Kolkata,FALSE,1356590328
Gainthia,Gainthia,,29.3610,79.4893,India,IN,IND,Uttarākhand,Uttarakhand,IN-UT,state,,248.9,,,3,Asia/Kolkata,FALSE,1356321640
Sanjīvareddipalle,Sanjivareddipalle,,14.8280,78.6598,India,IN,IND,Andhra Pradesh,Andhra Pradesh,IN-AP,state,,256.6,,,3,Asia/Kolkata,FALSE,1356189304
Kaladambe,Kaladambe,,12.5872,75.4256,India,IN,IND,Karnātaka,Karnataka,IN-KA,state,,198.1,,,4,Asia/Kolkata,FALSE,1356087766
Oppereddipalli,Oppereddipalli,,14.2351,79.1126,India,IN,IND,Andhra Pradesh,Andhra Pradesh,IN-AP,state,,390.5,,,3,Asia/Kolkata,FALSE,1356073910
Pura Dwārka Tiwāri,Pura Dwarka Tiwari,,27.3812,81.6120,India,IN,IND,Uttar Pradesh,Uttar Pradesh,IN-UP,state,,946.1,,,3,Asia/Kolkata,FALSE,1356126194
Kankargaon,Kankargaon,,28.4763,77.7940,India,IN,IND,Uttar Pradesh,Uttar Pradesh,IN-UP,state,,1639.6,,,3,Asia/Kolkata,FALSE,1356328278
Gopireddipalle,Gopireddipalle,,14.7262,78.7621,India,IN,IND,Andhra Pradesh,Andhra Pradesh,IN-AP,state,,190.1,,,4,Asia/Kolkata,FALSE,1356114544
Gopireddipalle,Gopireddipalle,,13.9317,78.1463,India,IN,IND,Andhra Pradesh,Andhra Pradesh,IN-AP,state,,135.1,,,4,Asia/Kolkata,TRUE,1356044482
Jāwli,Jawli,,18.1742,76.6019,India,IN,IND,Mahārāshtra,Maharashtra,IN-MH,state,,262.4,,,3,Asia/Kolkata,FALSE,1356734261
Ban Patla,Ban Patla,,25.6983,86.0695,India,IN,IND,Bihār,Bihar,IN-BR,state,,2551.3,,,2,Asia/Kolkata,FALSE,1356756305
Nachuge,Nachuge,,10.7833,92.3500,India,IN,IND,Andaman and Nicobar Islands,Andaman and Nicobar Islands,IN-AN,union territory,,30.7,,,4,Asia/Kolkata,FALSE,1356453138
Vekamvayal,Vekamvayal,,11.6722,76.0434,India,IN,IND,Kerala,Kerala,IN-KL,state,,433.8,,,3,Asia/Kolkata,FALSE,1356592370
Muftipāthar,Muftipathar,,22.4863,85.2008,India,IN,IND,Jhārkhand,Jharkhand,IN-JH,state,,194.9,,,4,Asia/Kolkata,FALSE,1356200487
Kawak Pahārpur,Kawak Paharpur,,25.4025,83.3579,India,IN,IND,Uttar Pradesh,Uttar Pradesh,IN-UP,state,,1240.5,,,3,Asia/Kolkata,FALSE,1356626543
Debri,Debri,,25.0831,84.8960,India,IN,IND,Bihār,Bihar,IN-BR,state,,1348.5,,,3,Asia/Kolkata,FALSE,1356053458
Shambetivāripālem,Shambetivaripalem,,15.8959,80.5346,India,IN,IND,Andhra Pradesh,Andhra Pradesh,IN-AP,state,,503.0,,,3,Asia/Kolkata,FALSE,1356486410
Kīl Vanjiyūr,Kil Vanjiyur,,10.8519,79.8482,India,IN,IND,Puducherry,Puducherry,IN-PY,union territory,,1836.4,,,3,Asia/Kolkata,FALSE,1356195427
Kaseri,Kaseri,,27.8532,78.3958,India,IN,IND,Uttar Pradesh,Uttar Pradesh,IN-UP,state,,2098.5,,,2,Asia/Kolkata,FALSE,1356863734
Venād,Venad,,10.0056,77.1288,India,IN,IND,Kerala,Kerala,IN-KL,state,,398.6,,,3,Asia/Kolkata,FALSE,1356169815
Pura Tikhria,Pura Tikhria,,27.3393,81.7449,India,IN,IND,Uttar Pradesh,Uttar Pradesh,IN-UP,state,,1050.3,,,3,Asia/Kolkata,FALSE,1356656076
Pālaiyamkunjaram,Palaiyamkunjaram,,11.7713,79.1776,India,IN,IND,Tamil Nādu,Tamil Nadu,IN-TN,state,,557.8,,,3,Asia/Kolkata,FALSE,1356214851
Pānsoh,Pansoh,,32.0035,76.6521,India,IN,IND,Himāchal Pradesh,Himachal Pradesh,IN-HP,state,,419.6,,,3,Asia/Kolkata,FALSE,1356599718
Charmoli,Charmoli,,30.9790,77.4530,India,IN,IND,Himāchal Pradesh,Himachal Pradesh,IN-HP,state,,182.8,,,4,Asia/Kolkata,FALSE,1356006420
Bākulūru,Bakuluru,,17.5772,82.3658,India,IN,IND,Andhra Pradesh,Andhra Pradesh,IN-AP,state,,57.1,,,4,Asia/Kolkata,FALSE,1356104748
Tilhāri,Tilhari,,25.6315,84.9273,India,IN,IND,Bihār,Bihar,IN-BR,state,,1504.0,,,3,Asia/Kolkata,FALSE,1356147015
Karilgarwā,Karilgarwa,,24.1938,84.6970,India,IN,IND,Jhārkhand,Jharkhand,IN-JH,state,,192.8,,,4,Asia/Kolkata,FALSE,1356859939
Vāsna Dharol,Vasna Dharol,,23.9177,73.0203,India,IN,IND,Gujarāt,Gujarat,IN-GJ,state,,351.4,,,3,Asia/Kolkata,FALSE,1356648634
Bhamarkhāl,Bhamarkhal,,30.4169,78.2370,India,IN,IND,Uttarākhand,Uttarakhand,IN-UT,state,,1516.7,,,3,Asia/Kolkata,FALSE,1356813861
Sujāwalpur,Sujawalpur,,26.4135,82.9800,India,IN,IND,Uttar Pradesh,Uttar Pradesh,IN-UP,state,,1234.0,,,3,Asia/Kolkata,FALSE,1356584390
Sujāwalpur,Sujawalpur,,27.0154,78.5768,India,IN,IND,Uttar Pradesh,Uttar Pradesh,IN-UP,state,,1015.6,,,3,Asia/Kolkata,TRUE,1356483172
Sujāwalpur,Sujawalpur,,27.7347,79.6681,India,IN,IND,Uttar Pradesh,Uttar Pradesh,IN-UP,state,,801.5,,,3,Asia/Kolkata,TRUE,1356059369
Sujāwalpur,Sujawalpur,,27.9265,79.6428,India,IN,IND,Uttar Pradesh,Uttar Pradesh,IN-UP,state,,794.0,,,3,Asia/Kolkata,TRUE,1356844484
Sujāwalpur,Sujawalpur,,27.8200,81.0886,India,IN,IND,Uttar Pradesh,Uttar Pradesh,IN-UP,state,,624.1,,,3,Asia/Kolkata,TRUE,1356918109
Ajgawān,Ajgawan,,25.9346,80.8554,India,IN,IND,Uttar Pradesh,Uttar Pradesh,IN-UP,state,,789.1,,,3,Asia/Kolkata,FALSE,1356953710
Khanāgan,Khanagan,,30.7276,77.2638,India,IN,IND,Himāchal Pradesh,Himachal Pradesh,IN-HP,state,,197.3,,0,4,Asia/Kolkata,FALSE,1356995710
Shāhzādpur Dandauli,Shahzadpur Dandauli,,26.9281,78.6003,India,IN,IND,Uttar Pradesh,Uttar Pradesh,IN-UP,state,,1003.6,,,3,Asia/Kolkata,FALSE,1356696127
Molkhandi,Molkhandi,,30.1724,78.7640,India,IN,IND,Uttarākhand,Uttarakhand,IN-UT,state,,179.6,,,4,Asia/Kolkata,FALSE,1356155525
Ratowa,Ratowa,,31.4860,77.5539,India,IN,IND,Himāchal Pradesh,Himachal Pradesh,IN-HP,state,,99.6,,,4,Asia/Kolkata,FALSE,1356050263
Chandamūru,Chandamuru,,14.3375,77.6777,India,IN,IND,Andhra Pradesh,Andhra Pradesh,IN-AP,state,,173.0,,,4,Asia/Kolkata,FALSE,1356864936
Hasmatpet,Hasmatpet,,17.4753,78.4882,India,IN,IND,Telangāna,Telangana,IN-TG,state,,9170.3,,,2,Asia/Kolkata,FALSE,1356676671
Bara Kund,Bara Kund,,33.2375,75.1148,India,IN,IND,Jammu and Kashmīr,Jammu and Kashmir,IN-JK,state,,176.2,,,4,Asia/Kolkata,FALSE,1356634476
Khamaria Ilāka Jehar,Khamaria Ilaka Jehar,,28.2659,79.5237,India,IN,IND,Uttar Pradesh,Uttar Pradesh,IN-UP,state,,884.5,,,3,Asia/Kolkata,FALSE,1356788663
Kheriyāthāpak,Kheriyathapak,,26.5384,78.6213,India,IN,IND,Madhya Pradesh,Madhya Pradesh,IN-MP,state,,284.9,,,3,Asia/Kolkata,FALSE,1356665592
Putwa,Putwa,,22.6004,82.4284,India,IN,IND,Chhattīsgarh,Chhattisgarh,IN-CT,state,,100.3,,,4,Asia/Kolkata,FALSE,1356099317
Khānpur Kalān,Khanpur Kalan,,26.1968,82.6377,India,IN,IND,Uttar Pradesh,Uttar Pradesh,IN-UP,state,,673.7,,,3,Asia/Kolkata,FALSE,1356272416
Porur,Porur,,10.9222,75.9077,India,IN,IND,Kerala,Kerala,IN-KL,state,,2160.5,,,2,Asia/Kolkata,FALSE,1356364773
Porūr,Porur,,11.1576,76.2456,India,IN,IND,Kerala,Kerala,IN-KL,state,,549.3,,,3,Asia/Kolkata,TRUE,1356066196
Pōrūr,Porur,,11.7822,75.9312,India,IN,IND,Kerala,Kerala,IN-KL,state,,336.3,,,3,Asia/Kolkata,TRUE,1356796005
Dilāwra,Dilawra,,29.0127,77.6147,India,IN,IND,Uttar Pradesh,Uttar Pradesh,IN-UP,state,,2434.6,,,2,Asia/Kolkata,FALSE,1356955863
Nring,Nring,,27.5475,96.1030,India,IN,IND,Arunāchal Pradesh,Arunachal Pradesh,IN-AR,state,,201.7,,,3,Asia/Kolkata,FALSE,1356115270
Dukhatola,Dukhatola,,20.4820,81.0263,India,IN,IND,Chhattīsgarh,Chhattisgarh,IN-CT,state,,214.8,,,3,Asia/Kolkata,FALSE,1356453764
Mettupārai,Mettuparai,,11.0088,77.5002,India,IN,IND,Tamil Nādu,Tamil Nadu,IN-TN,state,,2019.3,,,2,Asia/Kolkata,FALSE,1356164569
Baraichi,Baraichi,,27.9179,80.1070,India,IN,IND,Uttar Pradesh,Uttar Pradesh,IN-UP,state,,789.0,,,3,Asia/Kolkata,FALSE,1356868132
Baraichi,Baraichi,,25.7040,81.0396,India,IN,IND,Uttar Pradesh,Uttar Pradesh,IN-UP,state,,751.3,,,3,Asia/Kolkata,TRUE,1356666280
Nabābganj,Nababganj,,25.4726,84.8046,India,IN,IND,Bihār,Bihar,IN-BR,state,,1201.6,,,3,Asia/Kolkata,FALSE,1356632665
Ganāthpura,Ganathpura,Ganatpura,26.7771,75.6267,India,IN,IND,Rājasthān,Rajasthan,IN-RJ,state,,1331.0,,,3,Asia/Kolkata,FALSE,1356808956
Kherwa Khurd,Kherwa Khurd,,27.2559,80.6343,India,IN,IND,Uttar Pradesh,Uttar Pradesh,IN-UP,state,,992.5,,,3,Asia/Kolkata,FALSE,1356868597
Dawāla,Dawala,,31.2135,77.4699,India,IN,IND,Himāchal Pradesh,Himachal Pradesh,IN-HP,state,,195.8,,,4,Asia/Kolkata,FALSE,1356690259
Hansalbe,Hansalbe,,24.0707,76.4635,India,IN,IND,Madhya Pradesh,Madhya Pradesh,IN-MP,state,,239.4,,,3,Asia/Kolkata,FALSE,1356364933
Sherullāhpur,Sherullahpur,Jatwāla,30.2252,77.6144,India,IN,IND,Uttar Pradesh,Uttar Pradesh,IN-UP,state,,624.3,,,3,Asia/Kolkata,FALSE,1356371625
Murānipara,Muranipara,,24.4724,87.8754,India,IN,IND,West Bengal,West Bengal,IN-WB,state,,1516.3,,,3,Asia/Kolkata,FALSE,1356682452
Karkapāra,Karkapara,,18.6666,81.4428,India,IN,IND,Chhattīsgarh,Chhattisgarh,IN-CT,state,,81.0,,,4,Asia/Kolkata,FALSE,1356001636
Badhipur,Badhipur,,25.0080,82.2576,India,IN,IND,Uttar Pradesh,Uttar Pradesh,IN-UP,state,,518.5,,,3,Asia/Kolkata,FALSE,1356964157
Baliāri,Baliari,,24.7246,83.4023,India,IN,IND,Uttar Pradesh,Uttar Pradesh,IN-UP,state,,355.5,,,3,Asia/Kolkata,FALSE,1356936313
Baliari,Baliari,,24.1184,83.0687,India,IN,IND,Uttar Pradesh,Uttar Pradesh,IN-UP,state,,311.6,,,3,Asia/Kolkata,TRUE,1356465238
Sārda,Sarda,,20.1884,80.5000,India,IN,IND,Chhattīsgarh,Chhattisgarh,IN-CT,state,,117.1,,,4,Asia/Kolkata,FALSE,1356675192
Elandakkādusakkilivalasu,Elandakkadusakkilivalasu,,11.3693,77.4700,India,IN,IND,Tamil Nādu,Tamil Nadu,IN-TN,state,,621.5,,,3,Asia/Kolkata,FALSE,1356164918
Sikra Pātak,Sikra Patak,,27.3364,82.4104,India,IN,IND,Uttar Pradesh,Uttar Pradesh,IN-UP,state,,1125.1,,,3,Asia/Kolkata,FALSE,1356006475
Langrapur,Langrapur,,26.8778,83.8911,India,IN,IND,Uttar Pradesh,Uttar Pradesh,IN-UP,state,,1443.5,,,3,Asia/Kolkata,FALSE,1356369957
Muskurūm,Muskurum,,20.6155,81.0231,India,IN,IND,Chhattīsgarh,Chhattisgarh,IN-CT,state,,214.8,,,3,Asia/Kolkata,FALSE,1356964740
Kekuatoli,Kekuatoli,,23.0152,85.1197,India,IN,IND,Jhārkhand,Jharkhand,IN-JH,state,,249.5,,,3,Asia/Kolkata,FALSE,1356184258
Ranganāthamadai,Ranganathamadai,,9.5929,78.6021,India,IN,IND,Tamil Nādu,Tamil Nadu,IN-TN,state,,345.4,,,3,Asia/Kolkata,FALSE,1356239638
Baddīha,Baddiha,,25.1167,81.8139,India,IN,IND,Uttar Pradesh,Uttar Pradesh,IN-UP,state,,580.2,,,3,Asia/Kolkata,FALSE,1356700075
Phandhar,Phandhar,,31.4873,76.7534,India,IN,IND,Himāchal Pradesh,Himachal Pradesh,IN-HP,state,,356.1,,,3,Asia/Kolkata,FALSE,1356990203
Akli ka Purwa,Akli ka Purwa,,25.8475,81.1796,India,IN,IND,Uttar Pradesh,Uttar Pradesh,IN-UP,state,,751.3,,,3,Asia/Kolkata,FALSE,1356964578
Dhanali,Dhanali,,24.0963,72.6360,India,IN,IND,Gujarāt,Gujarat,IN-GJ,state,,516.1,,,3,Asia/Kolkata,FALSE,1356003312
Semmāndappatti,Semmandappatti,,11.2230,78.3870,India,IN,IND,Tamil Nādu,Tamil Nadu,IN-TN,state,,480.2,,,3,Asia/Kolkata,FALSE,1356235280
Shujābād,Shujabad,,25.3188,83.0527,India,IN,IND,Uttar Pradesh,Uttar Pradesh,IN-UP,state,,1457.0,,,3,Asia/Kolkata,FALSE,1356124845
Vutrimala,Vutrimala,,14.9956,76.4111,India,IN,IND,Karnātaka,Karnataka,IN-KA,state,,245.5,,,3,Asia/Kolkata,FALSE,1356538024
Kudīmitāngal,Kudimitangal,,12.5336,79.2643,India,IN,IND,Tamil Nādu,Tamil Nadu,IN-TN,state,,368.7,,,3,Asia/Kolkata,FALSE,1356997913
Delau,Delau,,30.6423,77.8117,India,IN,IND,Uttarākhand,Uttarakhand,IN-UT,state,,206.7,,,3,Asia/Kolkata,FALSE,1356639941
Khem Pipra,Khem Pipra,,27.1046,83.5516,India,IN,IND,Uttar Pradesh,Uttar Pradesh,IN-UP,state,,1187.7,,,3,Asia/Kolkata,FALSE,1356066387
Shekhūpur Pitha,Shekhupur Pitha,,29.2424,78.4815,India,IN,IND,Uttar Pradesh,Uttar Pradesh,IN-UP,state,,1589.7,,,3,Asia/Kolkata,FALSE,1356649909
Mānjarkhed,Manjarkhed,,20.6856,78.0015,India,IN,IND,Mahārāshtra,Maharashtra,IN-MH,state,,178.8,,,4,Asia/Kolkata,FALSE,1356970841
Mānjarkhed,Manjarkhed,,20.8284,77.9371,India,IN,IND,Mahārāshtra,Maharashtra,IN-MH,state,,178.8,,,4,Asia/Kolkata,TRUE,1356151394
Kālbar,Kalbar,,22.1541,75.9826,India,IN,IND,Madhya Pradesh,Madhya Pradesh,IN-MP,state,,218.4,,,3,Asia/Kolkata,TRUE,1356409440
Tairi,Tairi,,29.8810,78.5939,India,IN,IND,Uttarākhand,Uttarakhand,IN-UT,state,,154.4,,,4,Asia/Kolkata,FALSE,1356100012
Beliāhi,Beliahi,,26.1684,86.8124,India,IN,IND,Bihār,Bihar,IN-BR,state,,1387.8,,,3,Asia/Kolkata,FALSE,1356642880
Chābal,Chabal,,30.9180,76.9754,India,IN,IND,Himāchal Pradesh,Himachal Pradesh,IN-HP,state,,184.0,,0,4,Asia/Kolkata,FALSE,1356731505
Burhi,Burhi,,25.8934,86.8562,India,IN,IND,Bihār,Bihar,IN-BR,state,,1391.5,,,3,Asia/Kolkata,FALSE,1356844466
Bor,Bor,,24.4289,72.8902,India,IN,IND,Rājasthān,Rajasthan,IN-RJ,state,,272.2,,,3,Asia/Kolkata,FALSE,1356012718
Bor,Bor,,25.2708,73.7017,India,IN,IND,Rājasthān,Rajasthan,IN-RJ,state,,126.7,,,4,Asia/Kolkata,TRUE,1356104492
Ahina,Ahina,,25.7837,81.8568,India,IN,IND,Uttar Pradesh,Uttar Pradesh,IN-UP,state,,1210.3,,,3,Asia/Kolkata,FALSE,1356388776
Pipilye,Pipilye,,24.3750,76.6599,India,IN,IND,Rājasthān,Rajasthan,IN-RJ,state,,261.2,,,3,Asia/Kolkata,FALSE,1356946380
Gopālpur Nimāzgarh,Gopalpur Nimazgarh,,26.1667,82.3572,India,IN,IND,Uttar Pradesh,Uttar Pradesh,IN-UP,state,,673.7,,,3,Asia/Kolkata,FALSE,1356333317
Chinna Kurumpeta,Chinna Kurumpeta,,18.5283,83.8191,India,IN,IND,Andhra Pradesh,Andhra Pradesh,IN-AP,state,,125.7,,,4,Asia/Kolkata,FALSE,1356167982
Barno,Barno,,32.7369,75.7456,India,IN,IND,Jammu and Kashmīr,Jammu and Kashmir,IN-JK,state,,97.8,,,4,Asia/Kolkata,FALSE,1356363246
Bīrtere,Birtere,,22.1522,82.6865,India,IN,IND,Chhattīsgarh,Chhattisgarh,IN-CT,state,,333.6,,,3,Asia/Kolkata,FALSE,1356295351
Mairh,Mairh,,27.3533,76.1495,India,IN,IND,Rājasthān,Rajasthan,IN-RJ,state,,367.5,,,3,Asia/Kolkata,FALSE,1356004733
Khamaria Hardopatti,Khamaria Hardopatti,,27.5740,81.4272,India,IN,IND,Uttar Pradesh,Uttar Pradesh,IN-UP,state,,824.4,,,3,Asia/Kolkata,FALSE,1356538667
Gularia Makrandpur,Gularia Makrandpur,,28.1878,79.6605,India,IN,IND,Uttar Pradesh,Uttar Pradesh,IN-UP,state,,864.5,,,3,Asia/Kolkata,FALSE,1356130627
Lanjhera,Lanjhera,,21.4107,79.5790,India,IN,IND,Mahārāshtra,Maharashtra,IN-MH,state,,270.3,,,3,Asia/Kolkata,FALSE,1356046670
Lānjhera,Lanjhera,,20.1864,80.0195,India,IN,IND,Mahārāshtra,Maharashtra,IN-MH,state,,142.6,,,4,Asia/Kolkata,TRUE,1356617508
Lahra,Lahra,,31.4632,76.7840,India,IN,IND,Himāchal Pradesh,Himachal Pradesh,IN-HP,state,,786.0,,,3,Asia/Kolkata,FALSE,1356437894
Lāhra,Lahra,,32.7765,76.0934,India,IN,IND,Himāchal Pradesh,Himachal Pradesh,IN-HP,state,,86.2,,,4,Asia/Kolkata,TRUE,1356292821
Bhankhehr,Bhankhehr,,32.0289,76.6961,India,IN,IND,Himāchal Pradesh,Himachal Pradesh,IN-HP,state,,412.1,,,3,Asia/Kolkata,FALSE,1356176579
Ludiānpur,Ludianpur,,27.8797,80.0966,India,IN,IND,Uttar Pradesh,Uttar Pradesh,IN-UP,state,,789.0,,,3,Asia/Kolkata,FALSE,1356704088
Pīli ka Khāna,Pili ka Khana,,25.6163,73.8085,India,IN,IND,Rājasthān,Rajasthan,IN-RJ,state,,166.1,,,4,Asia/Kolkata,FALSE,1356973542
Lātāpakhra,Latapakhra,,21.9877,82.9186,India,IN,IND,Chhattīsgarh,Chhattisgarh,IN-CT,state,,553.4,,,3,Asia/Kolkata,FALSE,1356441996
Amjāpur,Amjapur,Amjapur,17.3034,78.5867,India,IN,IND,Telangāna,Telangana,IN-TG,state,,1222.8,,,3,Asia/Kolkata,FALSE,1356862365
Nāmrek,Namrek,,27.1394,88.2668,India,IN,IND,Sikkim,Sikkim,IN-SK,state,,163.7,,,4,Asia/Kolkata,FALSE,1356124869
Nagla Param Sukh,Nagla Param Sukh,,27.4690,79.4604,India,IN,IND,Uttar Pradesh,Uttar Pradesh,IN-UP,state,,849.2,,,3,Asia/Kolkata,FALSE,1356504334
Nagla Sarria,Nagla Sarria,Saraiya,26.7665,79.2299,India,IN,IND,Uttar Pradesh,Uttar Pradesh,IN-UP,state,,819.8,,,3,Asia/Kolkata,FALSE,1356988962
Jigalgod,Jigalgod,,13.7175,75.2083,India,IN,IND,Karnātaka,Karnataka,IN-KA,state,,109.9,,,4,Asia/Kolkata,FALSE,1356114558
Pura Badal Pānde,Pura Badal Pande,,26.3920,81.6008,India,IN,IND,Uttar Pradesh,Uttar Pradesh,IN-UP,state,,866.4,,,3,Asia/Kolkata,FALSE,1356039938
Pura Badal Pānde,Pura Badal Pande,,26.9043,82.1796,India,IN,IND,Uttar Pradesh,Uttar Pradesh,IN-UP,state,,845.8,,,3,Asia/Kolkata,TRUE,1356661250
Madhu Bigha,Madhu Bigha,,25.1885,84.9168,India,IN,IND,Bihār,Bihar,IN-BR,state,,1379.2,,,3,Asia/Kolkata,FALSE,1356110590
Semrauna,Semrauna,,26.7194,83.3403,India,IN,IND,Uttar Pradesh,Uttar Pradesh,IN-UP,state,,2197.3,,,2,Asia/Kolkata,FALSE,1356365606
Semrauna,Semrauna,,26.7820,83.6038,India,IN,IND,Uttar Pradesh,Uttar Pradesh,IN-UP,state,,1925.9,,,3,Asia/Kolkata,TRUE,1356038611
Semrauna,Semrauna,,26.5739,83.1265,India,IN,IND,Uttar Pradesh,Uttar Pradesh,IN-UP,state,,1038.1,,,3,Asia/Kolkata,TRUE,1356010965
Kakuturipālem,Kakuturipalem,,15.3606,80.0126,India,IN,IND,Andhra Pradesh,Andhra Pradesh,IN-AP,state,,397.5,,,3,Asia/Kolkata,FALSE,1356323679
Mānjhwi,Manjhwi,,31.3903,77.5380,India,IN,IND,Himāchal Pradesh,Himachal Pradesh,IN-HP,state,,99.6,,,4,Asia/Kolkata,FALSE,1356269253
Chintareguballi,Chintareguballi,,17.6036,81.2878,India,IN,IND,Telangāna,Telangana,IN-TG,state,,50.5,,0,4,Asia/Kolkata,FALSE,1356501068
Poseātoli,Poseatoli,,22.5874,84.8083,India,IN,IND,Jhārkhand,Jharkhand,IN-JH,state,,180.9,,,4,Asia/Kolkata,FALSE,1356198742
Chittamreddipādu,Chittamreddipadu,,17.4810,81.3268,India,IN,IND,Telangāna,Telangana,IN-TG,state,,59.6,,,4,Asia/Kolkata,FALSE,1356662819
Markiārpatti,Markiarpatti,,10.0554,78.2298,India,IN,IND,Tamil Nādu,Tamil Nadu,IN-TN,state,,1363.1,,,3,Asia/Kolkata,FALSE,1356225851
Valkapāyi,Valkapayi,,18.8425,83.1741,India,IN,IND,Odisha,Odisha,IN-OR,state,,90.7,,,4,Asia/Kolkata,FALSE,1356587535
Menarahi,Menarahi,,26.1957,86.3847,India,IN,IND,Bihār,Bihar,IN-BR,state,,1471.5,,,3,Asia/Kolkata,FALSE,1356141199
Loguda,Loguda,,18.9498,83.8504,India,IN,IND,Odisha,Odisha,IN-OR,state,,198.3,,,4,Asia/Kolkata,FALSE,1356867616
Teliāmāran,Teliamaran,,24.6330,86.1475,India,IN,IND,Bihār,Bihar,IN-BR,state,,357.6,,,3,Asia/Kolkata,FALSE,1356247677
Dharma Tānda,Dharma Tanda,,16.6041,79.0460,India,IN,IND,Telangāna,Telangana,IN-TG,state,,182.2,,,4,Asia/Kolkata,FALSE,1356103082
Kakrūi,Kakrui,,31.5236,76.7901,India,IN,IND,Himāchal Pradesh,Himachal Pradesh,IN-HP,state,,880.6,,,3,Asia/Kolkata,FALSE,1356046776
Bajanadka,Bajanadka,,12.5929,75.4227,India,IN,IND,Karnātaka,Karnataka,IN-KA,state,,198.1,,,4,Asia/Kolkata,FALSE,1356464907
Hari ka Pura,Hari ka Pura,,25.7283,81.9948,India,IN,IND,Uttar Pradesh,Uttar Pradesh,IN-UP,state,,1266.0,,,3,Asia/Kolkata,FALSE,1356726928
Hari ka Pura,Hari ka Pura,,25.9908,82.4030,India,IN,IND,Uttar Pradesh,Uttar Pradesh,IN-UP,state,,673.7,,,3,Asia/Kolkata,TRUE,1356646796
Pachmahalātola,Pachmahalatola,,24.5164,84.6949,India,IN,IND,Bihār,Bihar,IN-BR,state,,724.4,,,3,Asia/Kolkata,FALSE,1356260167
Bagthār,Bagthar,,31.3493,77.3998,India,IN,IND,Himāchal Pradesh,Himachal Pradesh,IN-HP,state,,194.3,,,4,Asia/Kolkata,FALSE,1356721319
Charwela,Charwela,,25.9633,86.5588,India,IN,IND,Bihār,Bihar,IN-BR,state,,941.9,,,3,Asia/Kolkata,FALSE,1356847551
Khāngri,Khangri,,25.3560,73.1690,India,IN,IND,Rājasthān,Rajasthan,IN-RJ,state,,190.2,,,4,Asia/Kolkata,FALSE,1356968050
Grāogund,Graogund,,33.8340,75.0351,India,IN,IND,Jammu and Kashmīr,Jammu and Kashmir,IN-JK,state,,1002.9,,,3,Asia/Kolkata,FALSE,1356442893
Alvikanāthpāliyam,Alvikanathpaliyam,,11.2152,77.9515,India,IN,IND,Tamil Nādu,Tamil Nadu,IN-TN,state,,484.0,,,3,Asia/Kolkata,FALSE,1356167155
Pattī Ghīna,Patti Ghina,Lālapur,25.4126,82.0464,India,IN,IND,Uttar Pradesh,Uttar Pradesh,IN-UP,state,,1493.2,,,3,Asia/Kolkata,FALSE,1356276966
Bishri,Bishri,,31.1493,77.3946,India,IN,IND,Himāchal Pradesh,Himachal Pradesh,IN-HP,state,,182.8,,,4,Asia/Kolkata,FALSE,1356692453
Redla,Redla,,23.9002,73.7204,India,IN,IND,Rājasthān,Rajasthan,IN-RJ,state,,309.5,,,3,Asia/Kolkata,FALSE,1356910674
Wādi Muktāji,Wadi Muktaji,,19.1228,77.4508,India,IN,IND,Mahārāshtra,Maharashtra,IN-MH,state,,884.3,,,3,Asia/Kolkata,FALSE,1356875989
Yāqūtpur Mawj,Yaqutpur Mawj,,28.8538,77.5584,India,IN,IND,Uttar Pradesh,Uttar Pradesh,IN-UP,state,,1898.1,,,3,Asia/Kolkata,FALSE,1356859586
Gulri,Gulri,,26.3450,82.9959,India,IN,IND,Uttar Pradesh,Uttar Pradesh,IN-UP,state,,1117.7,,,3,Asia/Kolkata,FALSE,1356425215
Gulri,Gulri,,30.3105,78.1244,India,IN,IND,Uttarākhand,Uttarakhand,IN-UT,state,,1516.7,,,3,Asia/Kolkata,FALSE,1356258301
Kawagūda,Kawaguda,Kawāguda,17.2771,78.3391,India,IN,IND,Telangāna,Telangana,IN-TG,state,,735.1,,,3,Asia/Kolkata,FALSE,1356790894
Sarāyān Kalā,Sarayan Kala,,27.5840,80.9881,India,IN,IND,Uttar Pradesh,Uttar Pradesh,IN-UP,state,,859.0,,,3,Asia/Kolkata,FALSE,1356973321
Pachpahri,Pachpahri,,24.7793,86.1956,India,IN,IND,Bihār,Bihar,IN-BR,state,,665.0,,,3,Asia/Kolkata,FALSE,1356840303
Shaidāpur,Shaidapur,,27.6750,81.0957,India,IN,IND,Uttar Pradesh,Uttar Pradesh,IN-UP,state,,916.5,,,3,Asia/Kolkata,FALSE,1356110505
Dilam,Dilam,,28.1526,76.9556,India,IN,IND,Haryāna,Haryana,IN-HR,state,,904.8,,,3,Asia/Kolkata,FALSE,1356500925
Koniān,Konian,,24.1551,81.0993,India,IN,IND,Madhya Pradesh,Madhya Pradesh,IN-MP,state,,414.3,,,3,Asia/Kolkata,FALSE,1356264717
Bīyāna Khera,Biyana Khera,,29.3164,76.0255,India,IN,IND,Haryāna,Haryana,IN-HR,state,,529.9,,,3,Asia/Kolkata,FALSE,1356509210
Kakwārā,Kakwara,,25.3787,79.1082,India,IN,IND,Uttar Pradesh,Uttar Pradesh,IN-UP,state,,426.1,,,3,Asia/Kolkata,FALSE,1356009494
Tsukroir,Tsukroir,,33.1335,75.9393,India,IN,IND,Jammu and Kashmīr,Jammu and Kashmir,IN-JK,state,,107.1,,,4,Asia/Kolkata,FALSE,1356053109
Mundahar,Mundahar,,25.8574,82.9637,India,IN,IND,Uttar Pradesh,Uttar Pradesh,IN-UP,state,,1038.2,,,3,Asia/Kolkata,FALSE,1356043400
Aliyām,Aliyam,,32.8552,76.1890,India,IN,IND,Himāchal Pradesh,Himachal Pradesh,IN-HP,state,,86.2,,,4,Asia/Kolkata,FALSE,1356073724
Lāl Bāgh,Lal Bagh,,25.1872,85.4778,India,IN,IND,Bihār,Bihar,IN-BR,state,,1118.2,,,3,Asia/Kolkata,FALSE,1356827714
Marg,Marg,,33.2899,74.6922,India,IN,IND,Jammu and Kashmīr,Jammu and Kashmir,IN-JK,state,,314.6,,,3,Asia/Kolkata,FALSE,1356370844
Marg,Marg,,33.4059,75.2417,India,IN,IND,Jammu and Kashmīr,Jammu and Kashmir,IN-JK,state,,276.8,,,3,Asia/Kolkata,TRUE,1356777422
Marg,Marg,,33.3219,75.3520,India,IN,IND,Jammu and Kashmīr,Jammu and Kashmir,IN-JK,state,,276.8,,,3,Asia/Kolkata,TRUE,1356057129
Marg,Marg,,33.2511,75.8814,India,IN,IND,Jammu and Kashmīr,Jammu and Kashmir,IN-JK,state,,107.1,,,4,Asia/Kolkata,TRUE,1356514302
Marg,Marg,,33.2650,75.7024,India,IN,IND,Jammu and Kashmīr,Jammu and Kashmir,IN-JK,state,,40.1,,,4,Asia/Kolkata,TRUE,1356033176
Marg,Marg,,33.5279,75.6692,India,IN,IND,Jammu and Kashmīr,Jammu and Kashmir,IN-JK,state,,40.1,,,4,Asia/Kolkata,TRUE,1356329583
Marg,Marg,,33.3296,75.5527,India,IN,IND,Jammu and Kashmīr,Jammu and Kashmir,IN-JK,state,,40.1,,,4,Asia/Kolkata,TRUE,1356357005
Marg,Marg,,33.2610,75.6248,India,IN,IND,Jammu and Kashmīr,Jammu and Kashmir,IN-JK,state,,40.1,,,4,Asia/Kolkata,TRUE,1356105754
Atkar Pānde,Atkar Pande,,27.0489,81.7134,India,IN,IND,Uttar Pradesh,Uttar Pradesh,IN-UP,state,,1011.3,,,3,Asia/Kolkata,FALSE,1356517710
Kosra,Kosra,,25.2750,82.7695,India,IN,IND,Uttar Pradesh,Uttar Pradesh,IN-UP,state,,4464.8,,,2,Asia/Kolkata,FALSE,1356124102
Malog ki Ser,Malog ki Ser,,31.1017,77.2846,India,IN,IND,Himāchal Pradesh,Himachal Pradesh,IN-HP,state,,211.7,,,3,Asia/Kolkata,FALSE,1356094963
Chāndpahāri,Chandpahari,,27.4170,76.5292,India,IN,IND,Rājasthān,Rajasthan,IN-RJ,state,,710.7,,,3,Asia/Kolkata,FALSE,1356335446
Bhīlpur,Bhilpur,,22.4061,73.9509,India,IN,IND,Gujarāt,Gujarat,IN-GJ,state,,315.1,,,3,Asia/Kolkata,FALSE,1356112655
Nathanmarartola,Nathanmarartola,,25.6366,86.9309,India,IN,IND,Bihār,Bihar,IN-BR,state,,1782.8,,,3,Asia/Kolkata,FALSE,1356992579
Jhirigāha,Jhirigaha,,24.9504,82.4241,India,IN,IND,Uttar Pradesh,Uttar Pradesh,IN-UP,state,,349.9,,,3,Asia/Kolkata,FALSE,1356179722
Bhat Khera,Bhat Khera,,26.5979,81.3794,India,IN,IND,Uttar Pradesh,Uttar Pradesh,IN-UP,state,,1002.0,,,3,Asia/Kolkata,FALSE,1356580111
Ayrahalli,Ayrahalli,,12.7930,76.4534,India,IN,IND,Karnātaka,Karnataka,IN-KA,state,,305.0,,,3,Asia/Kolkata,FALSE,1356432631
Chhor,Chhor,,33.1354,75.0984,India,IN,IND,Jammu and Kashmīr,Jammu and Kashmir,IN-JK,state,,227.7,,,3,Asia/Kolkata,FALSE,1356351806
Sānytola,Sanytola,,21.5897,79.8888,India,IN,IND,Madhya Pradesh,Madhya Pradesh,IN-MP,state,,147.8,,,4,Asia/Kolkata,FALSE,1356959974
Hājīpur,Hajipur,,27.8499,77.2323,India,IN,IND,Haryāna,Haryana,IN-HR,state,,1389.8,,,3,Asia/Kolkata,FALSE,1356941731
Hājīpur,Hajipur,,28.1191,76.0913,India,IN,IND,Haryāna,Haryana,IN-HR,state,,537.4,,,3,Asia/Kolkata,TRUE,1356050768
Hājīpur,Hajipur,,27.6878,76.8944,India,IN,IND,Haryāna,Haryana,IN-HR,state,,533.9,,,3,Asia/Kolkata,TRUE,1356277614
Pura Sunkhraj Singh,Pura Sunkhraj Singh,,26.7773,82.5029,India,IN,IND,Uttar Pradesh,Uttar Pradesh,IN-UP,state,,854.7,,,3,Asia/Kolkata,FALSE,1356069304
Mangrūl Pīr,Mangrul Pir,,20.3138,77.3418,India,IN,IND,Mahārāshtra,Maharashtra,IN-MH,state,,225.0,,,3,Asia/Kolkata,FALSE,1356296886
Kenjāru,Kenjaru,,12.9628,74.8593,India,IN,IND,Karnātaka,Karnataka,IN-KA,state,,1895.8,,,3,Asia/Kolkata,FALSE,1356097001
Bāhind,Bahind,,31.4309,76.8159,India,IN,IND,Himāchal Pradesh,Himachal Pradesh,IN-HP,state,,776.4,,,3,Asia/Kolkata,FALSE,1356794977
Barwātānrtoli,Barwatanrtoli,,23.7197,84.9450,India,IN,IND,Jhārkhand,Jharkhand,IN-JH,state,,409.9,,,3,Asia/Kolkata,FALSE,1356184070
Barwātānrtoli,Barwatanrtoli,,23.9712,85.0309,India,IN,IND,Jhārkhand,Jharkhand,IN-JH,state,,380.8,,,3,Asia/Kolkata,TRUE,1356198912
Karanjeri,Karanjeri,,13.2876,80.2946,India,IN,IND,Tamil Nādu,Tamil Nadu,IN-TN,state,,754.8,,,3,Asia/Kolkata,FALSE,1356521154
Pura Karmohni,Pura Karmohni,,27.1007,82.1650,India,IN,IND,Uttar Pradesh,Uttar Pradesh,IN-UP,state,,1220.3,,,3,Asia/Kolkata,FALSE,1356155422
Tāpni,Tapni,,29.6323,79.9267,India,IN,IND,Uttarākhand,Uttarakhand,IN-UT,state,,141.2,,,4,Asia/Kolkata,FALSE,1356356255
Yarravāndlapalli,Yarravandlapalli,,13.6068,79.0022,India,IN,IND,Andhra Pradesh,Andhra Pradesh,IN-AP,state,,169.8,,,4,Asia/Kolkata,FALSE,1356702053
Sarua,Sarua,,25.7222,81.5469,India,IN,IND,Uttar Pradesh,Uttar Pradesh,IN-UP,state,,1032.7,,,3,Asia/Kolkata,FALSE,1356898573
Lokaīpur,Lokaipur,,25.7827,83.2978,India,IN,IND,Uttar Pradesh,Uttar Pradesh,IN-UP,state,,1114.0,,,3,Asia/Kolkata,FALSE,1356040981
Barosa,Barosa,,30.9874,77.4231,India,IN,IND,Himāchal Pradesh,Himachal Pradesh,IN-HP,state,,168.8,,,4,Asia/Kolkata,FALSE,1356683422
Pura Dirgaj Pāsi,Pura Dirgaj Pasi,,26.4529,81.5318,India,IN,IND,Uttar Pradesh,Uttar Pradesh,IN-UP,state,,1028.0,,,3,Asia/Kolkata,FALSE,1356667990
Pāndūsar ki Dhāni,Pandusar ki Dhani,,28.5786,74.0656,India,IN,IND,Rājasthān,Rajasthan,IN-RJ,state,,63.3,,,4,Asia/Kolkata,FALSE,1356601240
Ladeshu,Ladeshu,,29.8977,78.5134,India,IN,IND,Uttarākhand,Uttarakhand,IN-UT,state,,154.4,,,4,Asia/Kolkata,FALSE,1356030379
Tulsi Ratan,Tulsi Ratan,,26.5956,83.1250,India,IN,IND,Uttar Pradesh,Uttar Pradesh,IN-UP,state,,1132.1,,,3,Asia/Kolkata,FALSE,1356016393
Amiauli Hata Janubi,Amiauli Hata Janubi,,26.9287,82.6830,India,IN,IND,Uttar Pradesh,Uttar Pradesh,IN-UP,state,,992.2,,,3,Asia/Kolkata,FALSE,1356557473
Sewai,Sewai,,21.9407,82.5257,India,IN,IND,Chhattīsgarh,Chhattisgarh,IN-CT,state,,510.4,,,3,Asia/Kolkata,FALSE,1356529186
Papora,Papora,,24.7077,78.8557,India,IN,IND,Madhya Pradesh,Madhya Pradesh,IN-MP,state,,323.2,,,3,Asia/Kolkata,FALSE,1356065566
Rātepāni,Ratepani,,27.1399,88.4412,India,IN,IND,Sikkim,Sikkim,IN-SK,state,,367.6,,,3,Asia/Kolkata,FALSE,1356039902
Nakdi,Nakdi,,25.0248,85.4638,India,IN,IND,Bihār,Bihar,IN-BR,state,,825.6,,,3,Asia/Kolkata,FALSE,1356033543
Borikonda,Borikonda,,18.8539,83.0766,India,IN,IND,Odisha,Odisha,IN-OR,state,,90.7,,,4,Asia/Kolkata,FALSE,1356022780
Laitmawsiang,Laitmawsiang,,25.3966,91.6079,India,IN,IND,Meghālaya,Meghalaya,IN-ML,state,,109.6,,,4,Asia/Kolkata,FALSE,1356598498
Bilhārītola,Bilharitola,,24.5177,84.6852,India,IN,IND,Bihār,Bihar,IN-BR,state,,724.4,,,3,Asia/Kolkata,FALSE,1356718098
Pura Hardat Tiwāri,Pura Hardat Tiwari,,26.9274,81.9251,India,IN,IND,Uttar Pradesh,Uttar Pradesh,IN-UP,state,,845.8,,,3,Asia/Kolkata,FALSE,1356039346
Manrad,Manrad,,21.5366,74.4475,India,IN,IND,Mahārāshtra,Maharashtra,IN-MH,state,,441.3,,,3,Asia/Kolkata,FALSE,1356962176
Gattāpāl,Gattapal,,20.2953,80.7970,India,IN,IND,Chhattīsgarh,Chhattisgarh,IN-CT,state,,117.1,,,4,Asia/Kolkata,FALSE,1356421424
Panei,Panei,,27.1961,83.5856,India,IN,IND,Uttar Pradesh,Uttar Pradesh,IN-UP,state,,1187.7,,,3,Asia/Kolkata,FALSE,1356051567
Gangnī,Gangni,,27.3272,78.4490,India,IN,IND,Uttar Pradesh,Uttar Pradesh,IN-UP,state,,2087.1,,,2,Asia/Kolkata,FALSE,1356065011
Sangmūr,Sangmur,,30.0778,77.5165,India,IN,IND,Uttar Pradesh,Uttar Pradesh,IN-UP,state,,722.8,,,3,Asia/Kolkata,FALSE,1356352085
Budhināli,Budhinali,,21.3176,84.3622,India,IN,IND,Odisha,Odisha,IN-OR,state,,55.9,,,4,Asia/Kolkata,FALSE,1356256901
Syun,Syun,,29.5228,79.5048,India,IN,IND,Uttarākhand,Uttarakhand,IN-UT,state,,226.5,,,3,Asia/Kolkata,FALSE,1356464902
Gadariyān,Gadariyan,,25.7092,81.5098,India,IN,IND,Uttar Pradesh,Uttar Pradesh,IN-UP,state,,1032.7,,,3,Asia/Kolkata,FALSE,1356274765
Sukhdal Khera,Sukhdal Khera,,26.5224,81.0844,India,IN,IND,Uttar Pradesh,Uttar Pradesh,IN-UP,state,,766.0,,,3,Asia/Kolkata,FALSE,1356792283
Kharlātoli,Kharlatoli,,22.4693,84.9867,India,IN,IND,Jhārkhand,Jharkhand,IN-JH,state,,161.8,,,4,Asia/Kolkata,FALSE,1356197825
Bhakwātoli,Bhakwatoli,,23.3243,84.6379,India,IN,IND,Jhārkhand,Jharkhand,IN-JH,state,,271.6,,,3,Asia/Kolkata,FALSE,1356192651
Bhakwātoli,Bhakwatoli,,22.8145,84.3909,India,IN,IND,Jhārkhand,Jharkhand,IN-JH,state,,193.2,,,4,Asia/Kolkata,TRUE,1356213074
Pure Ghanshyām,Pure Ghanshyam,,25.8624,81.6959,India,IN,IND,Uttar Pradesh,Uttar Pradesh,IN-UP,state,,921.6,,,3,Asia/Kolkata,FALSE,1356509132
Trigochha,Trigochha,,20.0760,84.7484,India,IN,IND,Odisha,Odisha,IN-OR,state,,107.9,,,4,Asia/Kolkata,FALSE,1356232558
Mahādar,Mahadar,,23.1983,80.2284,India,IN,IND,Madhya Pradesh,Madhya Pradesh,IN-MP,state,,156.1,,,4,Asia/Kolkata,FALSE,1356108173
Tāntiyān ka Pura,Tantiyan ka Pura,,26.4396,77.8645,India,IN,IND,Madhya Pradesh,Madhya Pradesh,IN-MP,state,,327.7,,,3,Asia/Kolkata,FALSE,1356684301
Kannadiyāpālaiyam,Kannadiyapalaiyam,,10.9518,77.6404,India,IN,IND,Tamil Nādu,Tamil Nadu,IN-TN,state,,321.8,,,3,Asia/Kolkata,FALSE,1356221906
Pura Debi Gardaria,Pura Debi Gardaria,,26.1066,81.6293,India,IN,IND,Uttar Pradesh,Uttar Pradesh,IN-UP,state,,876.2,,,3,Asia/Kolkata,FALSE,1356567704
Mohsand,Mohsand,,27.1071,81.0484,India,IN,IND,Uttar Pradesh,Uttar Pradesh,IN-UP,state,,944.8,,,3,Asia/Kolkata,FALSE,1356057511
Nagla Raghola,Nagla Raghola,,27.1317,78.5106,India,IN,IND,Uttar Pradesh,Uttar Pradesh,IN-UP,state,,1015.6,,,3,Asia/Kolkata,FALSE,1356653266
Dhanaula,Dhanaula,,30.3844,78.1187,India,IN,IND,Uttarākhand,Uttarakhand,IN-UT,state,,1516.7,,,3,Asia/Kolkata,FALSE,1356334307
Pura Lalki,Pura Lalki,,26.8861,82.1291,India,IN,IND,Uttar Pradesh,Uttar Pradesh,IN-UP,state,,845.8,,,3,Asia/Kolkata,FALSE,1356335476
Giripādu,Giripadu,,19.2011,83.5862,India,IN,IND,Odisha,Odisha,IN-OR,state,,339.6,,,3,Asia/Kolkata,FALSE,1356142756
Nagla Chandalya,Nagla Chandalya,,27.6462,78.9516,India,IN,IND,Uttar Pradesh,Uttar Pradesh,IN-UP,state,,674.6,,,3,Asia/Kolkata,FALSE,1356112187
Bāīndi,Baindi,,30.0885,77.1685,India,IN,IND,Haryāna,Haryana,IN-HR,state,,1181.1,,,3,Asia/Kolkata,FALSE,1356101953
Khanun,Khanun,,29.6754,79.6521,India,IN,IND,Uttarākhand,Uttarakhand,IN-UT,state,,248.2,,,3,Asia/Kolkata,FALSE,1356570084
Savdhān ka Pura,Savdhan ka Pura,,26.3960,77.7644,India,IN,IND,Madhya Pradesh,Madhya Pradesh,IN-MP,state,,327.7,,,3,Asia/Kolkata,FALSE,1356878918
Kozhikkottu Kizhakku,Kozhikkottu Kizhakku,,9.0295,76.5220,India,IN,IND,Kerala,Kerala,IN-KL,state,,2588.9,,,2,Asia/Kolkata,FALSE,1356160587
Purwa Rām Da,Purwa Ram Da,,26.6770,82.2460,India,IN,IND,Uttar Pradesh,Uttar Pradesh,IN-UP,state,,1774.9,,,3,Asia/Kolkata,FALSE,1356396421
Jaurāsi,Jaurasi,,28.2361,76.9108,India,IN,IND,Haryāna,Haryana,IN-HR,state,,904.8,,,3,Asia/Kolkata,FALSE,1356311490
Mohba,Mohba,,21.1796,81.0167,India,IN,IND,Chhattīsgarh,Chhattisgarh,IN-CT,state,,590.0,,,3,Asia/Kolkata,FALSE,1356117521
Mohba,Mohba,,21.0282,82.4935,India,IN,IND,Chhattīsgarh,Chhattisgarh,IN-CT,state,,207.3,,,3,Asia/Kolkata,TRUE,1356562022
Turutta,Turutta,,10.1827,76.2839,India,IN,IND,Kerala,Kerala,IN-KL,state,,2397.3,,,2,Asia/Kolkata,FALSE,1356165703
Kārīpāthar,Karipathar,,23.5995,80.2877,India,IN,IND,Madhya Pradesh,Madhya Pradesh,IN-MP,state,,250.9,,,3,Asia/Kolkata,FALSE,1356862712
Bingaraguda,Bingaraguda,,19.6588,83.9730,India,IN,IND,Odisha,Odisha,IN-OR,state,,86.8,,,4,Asia/Kolkata,FALSE,1356977633
Sawli Karaintānr,Sawli Karaintanr,,24.2670,84.7222,India,IN,IND,Jhārkhand,Jharkhand,IN-JH,state,,478.6,,,3,Asia/Kolkata,FALSE,1356706144
Bhūpatraopeta,Bhupatraopeta,,18.1103,80.7181,India,IN,IND,Telangāna,Telangana,IN-TG,state,,100.4,,,4,Asia/Kolkata,FALSE,1356225283
Kuthāni,Kuthani,,29.7684,79.8237,India,IN,IND,Uttarākhand,Uttarakhand,IN-UT,state,,183.4,,0,4,Asia/Kolkata,FALSE,1356709706
Kalla-kā-Tāndā,Kalla-ka-Tanda,Raintā,29.2238,79.1606,India,IN,IND,Uttarākhand,Uttarakhand,IN-UT,state,,821.4,,,3,Asia/Kolkata,FALSE,1356119812
Chak Shādīnagar,Chak Shadinagar,,28.7769,79.0318,India,IN,IND,Uttar Pradesh,Uttar Pradesh,IN-UP,state,,2213.9,,,2,Asia/Kolkata,FALSE,1356062440
Sarkandiya,Sarkandiya,,24.2857,76.5991,India,IN,IND,Madhya Pradesh,Madhya Pradesh,IN-MP,state,,347.2,,,3,Asia/Kolkata,FALSE,1356460582
Pichhri,Pichhri,,24.7298,86.1887,India,IN,IND,Bihār,Bihar,IN-BR,state,,669.5,,,3,Asia/Kolkata,TRUE,1356248261
Chamka,Chamka,,32.6564,76.1640,India,IN,IND,Himāchal Pradesh,Himachal Pradesh,IN-HP,state,,200.2,,,3,Asia/Kolkata,FALSE,1356888936
Kāche,Kache,,14.9002,74.2473,India,IN,IND,Karnātaka,Karnataka,IN-KA,state,,349.6,,,3,Asia/Kolkata,FALSE,1356075130
Vellaikarattuppatti,Vellaikarattuppatti,,11.2594,78.0291,India,IN,IND,Tamil Nādu,Tamil Nadu,IN-TN,state,,644.0,,,3,Asia/Kolkata,FALSE,1356239869
Ruppannagūda,Ruppannaguda,,18.7199,83.8006,India,IN,IND,Andhra Pradesh,Andhra Pradesh,IN-AP,state,,125.7,,,4,Asia/Kolkata,FALSE,1356637458
Valaiyavīramppatti,Valaiyaviramppatti,,10.1167,78.3636,India,IN,IND,Tamil Nādu,Tamil Nadu,IN-TN,state,,427.4,,,3,Asia/Kolkata,FALSE,1356205909
Shalār,Shalar,,31.4535,77.3746,India,IN,IND,Himāchal Pradesh,Himachal Pradesh,IN-HP,state,,180.1,,,4,Asia/Kolkata,FALSE,1356910921
Gwāl Chak,Gwal Chak,,31.9541,75.8252,India,IN,IND,Punjab,Punjab,IN-PB,state,,508.3,,,3,Asia/Kolkata,FALSE,1356503889
Dilwālgarh,Dilwalgarh,,26.5088,81.5063,India,IN,IND,Uttar Pradesh,Uttar Pradesh,IN-UP,state,,1024.8,,,3,Asia/Kolkata,FALSE,1356889466
Athanda,Athanda,,11.8884,76.0475,India,IN,IND,Kerala,Kerala,IN-KL,state,,336.3,,,3,Asia/Kolkata,FALSE,1356931082
Nagla Mahādeo,Nagla Mahadeo,,27.0314,79.4841,India,IN,IND,Uttar Pradesh,Uttar Pradesh,IN-UP,state,,1065.1,,,3,Asia/Kolkata,FALSE,1356209776
Hākodal,Hakodal,,13.9774,74.6180,India,IN,IND,Karnātaka,Karnataka,IN-KA,state,,520.8,,,3,Asia/Kolkata,FALSE,1356027406
Paremla Bigha,Paremla Bigha,,25.1354,84.7171,India,IN,IND,Bihār,Bihar,IN-BR,state,,1234.2,,,3,Asia/Kolkata,FALSE,1356524180
Chamua,Chamua,,29.6458,79.8935,India,IN,IND,Uttarākhand,Uttarakhand,IN-UT,state,,141.2,,,4,Asia/Kolkata,FALSE,1356717859
Ghubarpur,Ghubarpur,,34.4997,74.1533,India,IN,IND,Jammu and Kashmīr,Jammu and Kashmir,IN-JK,state,,584.1,,,3,Asia/Kolkata,FALSE,1356221109
Kuvādra,Kuvadra,Kuvada|Kuvārva,22.3595,70.9450,India,IN,IND,Gujarāt,Gujarat,IN-GJ,state,,1379.0,,,3,Asia/Kolkata,FALSE,1356889206
Nonglwai,Nonglwai,,25.4549,91.3290,India,IN,IND,Meghālaya,Meghalaya,IN-ML,state,,120.1,,,4,Asia/Kolkata,FALSE,1356084949
Garoru Ghuman,Garoru Ghuman,,31.7504,76.4714,India,IN,IND,Himāchal Pradesh,Himachal Pradesh,IN-HP,state,,276.4,,,3,Asia/Kolkata,FALSE,1356385019
Badahra,Badahra,,26.6517,84.0421,India,IN,IND,Uttar Pradesh,Uttar Pradesh,IN-UP,state,,1587.5,,,3,Asia/Kolkata,FALSE,1356434021
Badahra,Badahra,,27.1799,82.6710,India,IN,IND,Uttar Pradesh,Uttar Pradesh,IN-UP,state,,1315.8,,,3,Asia/Kolkata,TRUE,1356039173
Badāhra,Badahra,,27.1099,82.9568,India,IN,IND,Uttar Pradesh,Uttar Pradesh,IN-UP,state,,1196.8,,,3,Asia/Kolkata,TRUE,1356826102
Khakurla,Khakurla,,16.6253,73.9042,India,IN,IND,Mahārāshtra,Maharashtra,IN-MH,state,,51.5,,,4,Asia/Kolkata,FALSE,1356045181
Baori ki Guar,Baori ki Guar,,25.6621,74.0231,India,IN,IND,Rājasthān,Rajasthan,IN-RJ,state,,272.9,,,3,Asia/Kolkata,FALSE,1356157904
Turkadih,Turkadih,,21.8173,83.0951,India,IN,IND,Chhattīsgarh,Chhattisgarh,IN-CT,state,,587.1,,,3,Asia/Kolkata,FALSE,1356837301
Turkādīh,Turkadih,,22.1397,82.1149,India,IN,IND,Chhattīsgarh,Chhattisgarh,IN-CT,state,,451.3,,0,3,Asia/Kolkata,TRUE,1356280252
Rājāpura,Rajapura,,25.1389,77.7449,India,IN,IND,Madhya Pradesh,Madhya Pradesh,IN-MP,state,,210.2,,,3,Asia/Kolkata,FALSE,1356837375
Rājāpura,Rajapura,,25.2119,77.6190,India,IN,IND,Madhya Pradesh,Madhya Pradesh,IN-MP,state,,160.8,,,4,Asia/Kolkata,TRUE,1356426804
Rasūlpur Rasūlābād,Rasulpur Rasulabad,,26.7431,79.8948,India,IN,IND,Uttar Pradesh,Uttar Pradesh,IN-UP,state,,520.5,,,3,Asia/Kolkata,FALSE,1356079783
Gugwāl,Gugwal,,32.6949,75.6218,India,IN,IND,Jammu and Kashmīr,Jammu and Kashmir,IN-JK,state,,348.1,,,3,Asia/Kolkata,FALSE,1356976567
Gugwāl,Gugwal,,32.5102,75.2111,India,IN,IND,Jammu and Kashmīr,Jammu and Kashmir,IN-JK,state,,323.6,,,3,Asia/Kolkata,TRUE,1356335984
Pura Duli Bhāt,Pura Duli Bhat,,26.3320,81.7473,India,IN,IND,Uttar Pradesh,Uttar Pradesh,IN-UP,state,,1043.3,,,3,Asia/Kolkata,FALSE,1356549120
Pothra,Pothra,,20.4410,78.9534,India,IN,IND,Mahārāshtra,Maharashtra,IN-MH,state,,107.8,,,4,Asia/Kolkata,FALSE,1356144553
Gangesar,Gangesar,,29.1987,76.6763,India,IN,IND,Haryāna,Haryana,IN-HR,state,,545.9,,,3,Asia/Kolkata,FALSE,1356199658
Sarwāi,Sarwai,,27.0171,79.4550,India,IN,IND,Uttar Pradesh,Uttar Pradesh,IN-UP,state,,1065.1,,,3,Asia/Kolkata,FALSE,1356756626
Khain,Khain,,25.2348,81.9771,India,IN,IND,Uttar Pradesh,Uttar Pradesh,IN-UP,state,,1205.4,,,3,Asia/Kolkata,FALSE,1356424178
Ghāstoli,Ghastoli,,30.8599,79.4698,India,IN,IND,Uttarākhand,Uttarakhand,IN-UT,state,,13.5,,,4,Asia/Kolkata,FALSE,1356175188
Kūtmāri,Kutmari,,31.1568,77.3204,India,IN,IND,Himāchal Pradesh,Himachal Pradesh,IN-HP,state,,185.7,,,4,Asia/Kolkata,FALSE,1356115176
Ghīdi,Ghidi,,29.8079,78.8253,India,IN,IND,Uttarākhand,Uttarakhand,IN-UT,state,,86.9,,,4,Asia/Kolkata,FALSE,1356392112
Susāri Khurd,Susari Khurd,,29.7213,77.7803,India,IN,IND,Uttar Pradesh,Uttar Pradesh,IN-UP,state,,1206.6,,,3,Asia/Kolkata,FALSE,1356681949
Garhi Mahārām,Garhi Maharam,,27.2865,78.2134,India,IN,IND,Uttar Pradesh,Uttar Pradesh,IN-UP,state,,1028.7,,,3,Asia/Kolkata,FALSE,1356654970
Garhi Mahārām,Garhi Maharam,,27.3114,77.8739,India,IN,IND,Uttar Pradesh,Uttar Pradesh,IN-UP,state,,540.9,,,3,Asia/Kolkata,TRUE,1356793340
Amarhwa,Amarhwa,,24.1558,82.6970,India,IN,IND,Uttar Pradesh,Uttar Pradesh,IN-UP,state,,385.3,,,3,Asia/Kolkata,FALSE,1356357743
Kateng,Kateng,,27.1458,88.4720,India,IN,IND,Sikkim,Sikkim,IN-SK,state,,367.6,,,3,Asia/Kolkata,FALSE,1356598306
Partidgarh,Partidgarh,,26.4029,81.5292,India,IN,IND,Uttar Pradesh,Uttar Pradesh,IN-UP,state,,1028.0,,,3,Asia/Kolkata,FALSE,1356056721
Bhatoli,Bhatoli,,27.7963,78.2070,India,IN,IND,Uttar Pradesh,Uttar Pradesh,IN-UP,state,,2098.5,,,2,Asia/Kolkata,FALSE,1356643662
Bhatoli,Bhatoli,,26.4537,82.4729,India,IN,IND,Uttar Pradesh,Uttar Pradesh,IN-UP,state,,1046.5,,,3,Asia/Kolkata,TRUE,1356644603
Pura Audhan,Pura Audhan,,26.3638,81.4653,India,IN,IND,Uttar Pradesh,Uttar Pradesh,IN-UP,state,,1028.0,,,3,Asia/Kolkata,FALSE,1356757164
Mālālpur,Malalpur,,24.7099,87.8540,India,IN,IND,Jhārkhand,Jharkhand,IN-JH,state,,1658.1,,,3,Asia/Kolkata,FALSE,1356024829
Math Gosāīn,Math Gosain,,26.6318,76.9544,India,IN,IND,Rājasthān,Rajasthan,IN-RJ,state,,680.1,,,3,Asia/Kolkata,FALSE,1356389550
Kāpuvāndlapalli,Kapuvandlapalli,,13.6560,78.1699,India,IN,IND,Andhra Pradesh,Andhra Pradesh,IN-AP,state,,191.1,,,4,Asia/Kolkata,FALSE,1356657096
Jaipurīya Dhāni,Jaipuriya Dhani,,28.5408,75.3088,India,IN,IND,Rājasthān,Rajasthan,IN-RJ,state,,183.6,,,4,Asia/Kolkata,FALSE,1356517696
Kālādi,Kaladi,,20.4444,84.2532,India,IN,IND,Odisha,Odisha,IN-OR,state,,138.3,,,4,Asia/Kolkata,FALSE,1356261370
Perāri Buzurg,Perari Buzurg,,27.1254,83.0964,India,IN,IND,Uttar Pradesh,Uttar Pradesh,IN-UP,state,,1196.8,,,3,Asia/Kolkata,FALSE,1356881078
Ayalampedu,Ayalampedu,,13.1276,79.4773,India,IN,IND,Tamil Nādu,Tamil Nadu,IN-TN,state,,553.9,,,3,Asia/Kolkata,FALSE,1356773483
Sarsawān,Sarsawan,,25.4672,81.2836,India,IN,IND,Uttar Pradesh,Uttar Pradesh,IN-UP,state,,1037.8,,,3,Asia/Kolkata,FALSE,1356125973
Sarsawān,Sarsawan,,27.9177,80.9258,India,IN,IND,Uttar Pradesh,Uttar Pradesh,IN-UP,state,,1016.1,,,3,Asia/Kolkata,TRUE,1356300999
Sarsāwān,Sarsawan,,27.7530,80.0586,India,IN,IND,Uttar Pradesh,Uttar Pradesh,IN-UP,state,,991.8,,,3,Asia/Kolkata,TRUE,1356180003
Sarsawān,Sarsawan,,27.7805,78.7934,India,IN,IND,Uttar Pradesh,Uttar Pradesh,IN-UP,state,,752.5,,,3,Asia/Kolkata,TRUE,1356070965
Parsabeni,Parsabeni,,27.1357,83.3164,India,IN,IND,Uttar Pradesh,Uttar Pradesh,IN-UP,state,,1104.5,,,3,Asia/Kolkata,FALSE,1356060051
Ratāri,Ratari,,32.4007,76.0123,India,IN,IND,Himāchal Pradesh,Himachal Pradesh,IN-HP,state,,125.6,,,4,Asia/Kolkata,FALSE,1356142591
Kathār,Kathar,,34.6369,74.3235,India,IN,IND,Jammu and Kashmīr,Jammu and Kashmir,IN-JK,state,,584.1,,,3,Asia/Kolkata,FALSE,1356343165
Kathār,Kathar,,32.5943,75.4132,India,IN,IND,Jammu and Kashmīr,Jammu and Kashmir,IN-JK,state,,348.1,,,3,Asia/Kolkata,TRUE,1356099785
Kathār,Kathar,,32.6859,75.0883,India,IN,IND,Jammu and Kashmīr,Jammu and Kashmir,IN-JK,state,,292.1,,,3,Asia/Kolkata,TRUE,1356478281
Parsa Gondri,Parsa Gondri,,27.1319,81.8142,India,IN,IND,Uttar Pradesh,Uttar Pradesh,IN-UP,state,,1011.3,,,3,Asia/Kolkata,FALSE,1356106841
Kattalaippatti,Kattalaippatti,,10.8887,78.1238,India,IN,IND,Tamil Nādu,Tamil Nadu,IN-TN,state,,806.2,,,3,Asia/Kolkata,FALSE,1356224945
Sabalpur,Sabalpur,,25.3354,82.5737,India,IN,IND,Uttar Pradesh,Uttar Pradesh,IN-UP,state,,1486.6,,,3,Asia/Kolkata,FALSE,1356516680
Sabalpur,Sabalpur,,27.2324,79.6541,India,IN,IND,Uttar Pradesh,Uttar Pradesh,IN-UP,state,,1354.9,,,3,Asia/Kolkata,TRUE,1356560672
Sabalpur,Sabalpur,,27.1120,81.9204,India,IN,IND,Uttar Pradesh,Uttar Pradesh,IN-UP,state,,1220.3,,,3,Asia/Kolkata,TRUE,1356862240
Sabalpur,Sabalpur,,28.2185,78.2333,India,IN,IND,Uttar Pradesh,Uttar Pradesh,IN-UP,state,,1071.1,,,3,Asia/Kolkata,TRUE,1356262557
Sabalpur,Sabalpur,,27.1758,79.4199,India,IN,IND,Uttar Pradesh,Uttar Pradesh,IN-UP,state,,1065.1,,,3,Asia/Kolkata,TRUE,1356009167
Sabalpur,Sabalpur,,29.2438,78.7466,India,IN,IND,Uttar Pradesh,Uttar Pradesh,IN-UP,state,,1051.0,,,3,Asia/Kolkata,TRUE,1356109321
Sabalpur,Sabalpur,,27.4683,78.7615,India,IN,IND,Uttar Pradesh,Uttar Pradesh,IN-UP,state,,940.3,,,3,Asia/Kolkata,TRUE,1356461255
Sabalpur,Sabalpur,,26.6477,79.3212,India,IN,IND,Uttar Pradesh,Uttar Pradesh,IN-UP,state,,886.6,,,3,Asia/Kolkata,TRUE,1356663374
Sabalpur,Sabalpur,,27.8586,79.5699,India,IN,IND,Uttar Pradesh,Uttar Pradesh,IN-UP,state,,794.0,,,3,Asia/Kolkata,TRUE,1356208074
Sabalpur,Sabalpur,,27.3464,82.1585,India,IN,IND,Uttar Pradesh,Uttar Pradesh,IN-UP,state,,753.4,,,3,Asia/Kolkata,TRUE,1356872514
Sabalpur,Sabalpur,,28.1340,79.4645,India,IN,IND,Uttar Pradesh,Uttar Pradesh,IN-UP,state,,733.5,,,3,Asia/Kolkata,TRUE,1356023740
Sabalpur,Sabalpur,,26.7082,79.6229,India,IN,IND,Uttar Pradesh,Uttar Pradesh,IN-UP,state,,725.8,,,3,Asia/Kolkata,TRUE,1356795770
Sābalpur,Sabalpur,,26.8956,79.3982,India,IN,IND,Uttar Pradesh,Uttar Pradesh,IN-UP,state,,725.8,,,3,Asia/Kolkata,TRUE,1356377024
Sabalpur,Sabalpur,,27.2117,78.6600,India,IN,IND,Uttar Pradesh,Uttar Pradesh,IN-UP,state,,712.6,,,3,Asia/Kolkata,TRUE,1356434278
Sabalpur,Sabalpur,,26.5908,79.7094,India,IN,IND,Uttar Pradesh,Uttar Pradesh,IN-UP,state,,709.5,,,3,Asia/Kolkata,TRUE,1356597095
Sabalpur,Sabalpur,,26.5052,79.6732,India,IN,IND,Uttar Pradesh,Uttar Pradesh,IN-UP,state,,709.5,,,3,Asia/Kolkata,TRUE,1356385925
Sabalpur,Sabalpur,,28.1074,77.8054,India,IN,IND,Uttar Pradesh,Uttar Pradesh,IN-UP,state,,702.6,,,3,Asia/Kolkata,TRUE,1356350865
Sabalpur,Sabalpur,,27.4497,79.6298,India,IN,IND,Uttar Pradesh,Uttar Pradesh,IN-UP,state,,548.6,,,3,Asia/Kolkata,TRUE,1356988956
Arāzi Krishnarpan,Arazi Krishnarpan,,25.0304,83.3210,India,IN,IND,Uttar Pradesh,Uttar Pradesh,IN-UP,state,,405.7,,,3,Asia/Kolkata,FALSE,1356265307
Titihīdānd,Titihidand,,24.3616,82.5228,India,IN,IND,Madhya Pradesh,Madhya Pradesh,IN-MP,state,,187.6,,,4,Asia/Kolkata,FALSE,1356592024
Lākkesandiram,Lakkesandiram,,12.5291,77.8382,India,IN,IND,Tamil Nādu,Tamil Nadu,IN-TN,state,,202.8,,,3,Asia/Kolkata,FALSE,1356890855
Bandapalle,Bandapalle,,13.4990,78.4796,India,IN,IND,Andhra Pradesh,Andhra Pradesh,IN-AP,state,,759.4,,,3,Asia/Kolkata,FALSE,1356211183
Bandapalle,Bandapalle,,13.0160,78.5364,India,IN,IND,Andhra Pradesh,Andhra Pradesh,IN-AP,state,,368.6,,,3,Asia/Kolkata,TRUE,1356081278
Bandapalle,Bandapalle,,13.5983,78.4991,India,IN,IND,Andhra Pradesh,Andhra Pradesh,IN-AP,state,,261.3,,,3,Asia/Kolkata,TRUE,1356555960
Bandapalle,Bandapalle,,18.0394,82.4436,India,IN,IND,Andhra Pradesh,Andhra Pradesh,IN-AP,state,,130.7,,,4,Asia/Kolkata,TRUE,1356138709
Sukhniāl,Sukhnial,,32.3376,75.8053,India,IN,IND,Himāchal Pradesh,Himachal Pradesh,IN-HP,state,,964.4,,,3,Asia/Kolkata,FALSE,1356833477
Kulwāra,Kulwara,,28.7087,78.7880,India,IN,IND,Uttar Pradesh,Uttar Pradesh,IN-UP,state,,1424.3,,,3,Asia/Kolkata,FALSE,1356005577
Rāmpurnagar,Rampurnagar,,27.3945,80.1640,India,IN,IND,Uttar Pradesh,Uttar Pradesh,IN-UP,state,,917.2,,,3,Asia/Kolkata,FALSE,1356834717
Sāmāndiyūr,Samandiyur,,11.4621,77.8232,India,IN,IND,Tamil Nādu,Tamil Nadu,IN-TN,state,,754.2,,,3,Asia/Kolkata,FALSE,1356166693
Dahti Salkūpur,Dahti Salkupur,,27.2236,80.1453,India,IN,IND,Uttar Pradesh,Uttar Pradesh,IN-UP,state,,917.2,,,3,Asia/Kolkata,FALSE,1356036045
Bilohān,Bilohan,,26.3943,79.2823,India,IN,IND,Uttar Pradesh,Uttar Pradesh,IN-UP,state,,454.4,,,3,Asia/Kolkata,FALSE,1356009202
Erāttupetta,Erattupetta,Eratupeta,9.6875,76.7789,India,IN,IND,Kerala,Kerala,IN-KL,state,,534.0,,,3,Asia/Kolkata,FALSE,1356511181
Pura Har Parshād,Pura Har Parshad,,27.0938,81.8035,India,IN,IND,Uttar Pradesh,Uttar Pradesh,IN-UP,state,,1011.3,,,3,Asia/Kolkata,FALSE,1356468960
Ganpat Mahtotoli,Ganpat Mahtotoli,,25.4767,85.5708,India,IN,IND,Bihār,Bihar,IN-BR,state,,1393.0,,,3,Asia/Kolkata,FALSE,1356060210
Pura Ilmasganj,Pura Ilmasganj,,26.4656,81.6048,India,IN,IND,Uttar Pradesh,Uttar Pradesh,IN-UP,state,,1047.1,,,3,Asia/Kolkata,FALSE,1356054801
Janamjepur,Janamjepur,Pāndepur,25.4181,83.4626,India,IN,IND,Uttar Pradesh,Uttar Pradesh,IN-UP,state,,1240.5,,,3,Asia/Kolkata,FALSE,1356509239
Chhamroli,Chhamroli,,30.3919,78.1781,India,IN,IND,Uttarākhand,Uttarakhand,IN-UT,state,,1516.7,,,3,Asia/Kolkata,FALSE,1356163686
Tekrīpura,Tekripura,,22.3481,77.8551,India,IN,IND,Madhya Pradesh,Madhya Pradesh,IN-MP,state,,286.5,,,3,Asia/Kolkata,FALSE,1356656413
Tekrīpura,Tekripura,,22.2544,77.8768,India,IN,IND,Madhya Pradesh,Madhya Pradesh,IN-MP,state,,205.5,,,3,Asia/Kolkata,TRUE,1356107485
Tekrīpura,Tekripura,,22.4132,77.5169,India,IN,IND,Madhya Pradesh,Madhya Pradesh,IN-MP,state,,149.2,,,4,Asia/Kolkata,TRUE,1356570092
Tekrīpura,Tekripura,,22.3022,77.6279,India,IN,IND,Madhya Pradesh,Madhya Pradesh,IN-MP,state,,113.9,,,4,Asia/Kolkata,TRUE,1356260883
Bagbanān,Bagbanan,,25.3341,81.8397,India,IN,IND,Uttar Pradesh,Uttar Pradesh,IN-UP,state,,1205.4,,,3,Asia/Kolkata,FALSE,1356915746
Dhobīghāt,Dhobighat,,30.4494,78.1048,India,IN,IND,Uttarākhand,Uttarakhand,IN-UT,state,,1516.7,,,3,Asia/Kolkata,FALSE,1356727052
Dhobīghāt,Dhobighat,,29.8777,79.0511,India,IN,IND,Uttarākhand,Uttarakhand,IN-UT,state,,98.4,,,4,Asia/Kolkata,TRUE,1356747126
Dugganavāndlapalle,Dugganavandlapalle,,14.0191,78.6978,India,IN,IND,Andhra Pradesh,Andhra Pradesh,IN-AP,state,,604.2,,,3,Asia/Kolkata,FALSE,1356112569
Panjla,Panjla,,32.3433,76.0425,India,IN,IND,Himāchal Pradesh,Himachal Pradesh,IN-HP,state,,125.6,,,4,Asia/Kolkata,FALSE,1356944589
Pillidoddi,Pillidoddi,,15.5436,77.5900,India,IN,IND,Andhra Pradesh,Andhra Pradesh,IN-AP,state,,166.3,,,4,Asia/Kolkata,FALSE,1356757063
Chaure,Chaure,,26.4746,82.1296,India,IN,IND,Uttar Pradesh,Uttar Pradesh,IN-UP,state,,955.7,,,3,Asia/Kolkata,FALSE,1356987711
Errappavāndlapalle,Errappavandlapalle,,13.5021,78.4715,India,IN,IND,Andhra Pradesh,Andhra Pradesh,IN-AP,state,,759.4,,,3,Asia/Kolkata,FALSE,1356080888
Errappavāndlapalle,Errappavandlapalle,,13.7015,78.4875,India,IN,IND,Andhra Pradesh,Andhra Pradesh,IN-AP,state,,261.3,,,3,Asia/Kolkata,TRUE,1356287868
Barauda,Barauda,,29.2458,77.4310,India,IN,IND,Uttar Pradesh,Uttar Pradesh,IN-UP,state,,1215.1,,,3,Asia/Kolkata,TRUE,1356071383
Barauda,Barauda,,27.1461,77.8491,India,IN,IND,Uttar Pradesh,Uttar Pradesh,IN-UP,state,,839.1,,,3,Asia/Kolkata,TRUE,1356620435
Gazargund,Gazargund,,33.9944,74.7052,India,IN,IND,Jammu and Kashmīr,Jammu and Kashmir,IN-JK,state,,910.0,,,3,Asia/Kolkata,FALSE,1356114492
Kondrar,Kondrar,,26.2880,81.0272,India,IN,IND,Uttar Pradesh,Uttar Pradesh,IN-UP,state,,1008.1,,,3,Asia/Kolkata,FALSE,1356314995
Jaitpattī,Jaitpatti,,25.3607,82.0442,India,IN,IND,Uttar Pradesh,Uttar Pradesh,IN-UP,state,,1429.2,,,3,Asia/Kolkata,FALSE,1356849784
Jaitpatti,Jaitpatti,,25.3769,82.9213,India,IN,IND,Uttar Pradesh,Uttar Pradesh,IN-UP,state,,1022.1,,,3,Asia/Kolkata,TRUE,1356067373
Sonpurī,Sonpuri,,21.5208,80.0943,India,IN,IND,Mahārāshtra,Maharashtra,IN-MH,state,,704.7,,,3,Asia/Kolkata,FALSE,1356108912
Sonpuri,Sonpuri,,21.1230,79.9497,India,IN,IND,Mahārāshtra,Maharashtra,IN-MH,state,,276.6,,,3,Asia/Kolkata,TRUE,1356570881
Sonpuri,Sonpuri,,21.4266,79.6135,India,IN,IND,Mahārāshtra,Maharashtra,IN-MH,state,,255.1,,,3,Asia/Kolkata,TRUE,1356288017
Sonpurī,Sonpuri,,21.3630,80.5031,India,IN,IND,Mahārāshtra,Maharashtra,IN-MH,state,,248.6,,,3,Asia/Kolkata,TRUE,1356627624
Sonpuri,Sonpuri,,20.9833,79.5370,India,IN,IND,Mahārāshtra,Maharashtra,IN-MH,state,,185.1,,,4,Asia/Kolkata,TRUE,1356541307
Gutyung,Gutyung,,34.0246,75.0943,India,IN,IND,Jammu and Kashmīr,Jammu and Kashmir,IN-JK,state,,2997.8,,,2,Asia/Kolkata,FALSE,1356251459
Sonpurī,Sonpuri,,21.6282,80.3427,India,IN,IND,Madhya Pradesh,Madhya Pradesh,IN-MP,state,,254.3,,0,3,Asia/Kolkata,FALSE,1356691357
Dasehaon,Dasehaon,,20.5502,74.9507,India,IN,IND,Mahārāshtra,Maharashtra,IN-MH,state,,355.1,,,3,Asia/Kolkata,FALSE,1356882161
Unkdeo,Unkdeo,,19.8558,78.2492,India,IN,IND,Mahārāshtra,Maharashtra,IN-MH,state,,167.5,,,4,Asia/Kolkata,FALSE,1356264621
Kārvetikhandriga,Karvetikhandriga,,13.3855,79.4686,India,IN,IND,Andhra Pradesh,Andhra Pradesh,IN-AP,state,,290.0,,,3,Asia/Kolkata,FALSE,1356336063
Veliyāttūr,Veliyattur,,10.8749,79.1627,India,IN,IND,Tamil Nādu,Tamil Nadu,IN-TN,state,,817.2,,,3,Asia/Kolkata,FALSE,1356174036
Veliyāttūr,Veliyattur,,10.0552,78.6231,India,IN,IND,Tamil Nādu,Tamil Nadu,IN-TN,state,,366.7,,,3,Asia/Kolkata,TRUE,1356175979
Gangāna,Gangana,,29.2381,76.6155,India,IN,IND,Haryāna,Haryana,IN-HR,state,,509.7,,,3,Asia/Kolkata,FALSE,1356038220
Sirgoundanhalli,Sirgoundanhalli,,11.6282,76.9973,India,IN,IND,Tamil Nādu,Tamil Nadu,IN-TN,state,,166.3,,,4,Asia/Kolkata,FALSE,1356701189
Chentigāripalle,Chentigaripalle,,14.4636,78.9247,India,IN,IND,Andhra Pradesh,Andhra Pradesh,IN-AP,state,,185.1,,,4,Asia/Kolkata,FALSE,1356050741
Kamdheramau,Kamdheramau,,26.4445,80.4558,India,IN,IND,Uttar Pradesh,Uttar Pradesh,IN-UP,state,,955.4,,,3,Asia/Kolkata,FALSE,1356522233
Mainepāra,Mainepara,,26.2080,82.3617,India,IN,IND,Uttar Pradesh,Uttar Pradesh,IN-UP,state,,673.7,,,3,Asia/Kolkata,FALSE,1356027741
Melkesavarājapeta,Melkesavarajapeta,,13.1290,79.5934,India,IN,IND,Tamil Nādu,Tamil Nadu,IN-TN,state,,568.7,,,3,Asia/Kolkata,FALSE,1356914587
Kāvalkod,Kavalkod,,14.1117,75.0463,India,IN,IND,Karnātaka,Karnataka,IN-KA,state,,115.4,,,4,Asia/Kolkata,FALSE,1356642664
Sir Muttra,Sir Muttra,,26.5150,77.3721,India,IN,IND,Rājasthān,Rajasthan,IN-RJ,state,,276.8,,,3,Asia/Kolkata,FALSE,1356128904
Senipur Malāuni,Senipur Malauni,,26.0000,80.7789,India,IN,IND,Uttar Pradesh,Uttar Pradesh,IN-UP,state,,696.1,,,3,Asia/Kolkata,FALSE,1356021735
Kalchuwa,Kalchuwa,,21.0176,80.3813,India,IN,IND,Mahārāshtra,Maharashtra,IN-MH,state,,131.7,,,4,Asia/Kolkata,FALSE,1356343288
Kāngāpur,Kangapur,,25.3603,82.2945,India,IN,IND,Uttar Pradesh,Uttar Pradesh,IN-UP,state,,1493.2,,,3,Asia/Kolkata,FALSE,1356037215
Karīmullāhpur,Karimullahpur,,25.6728,83.3349,India,IN,IND,Uttar Pradesh,Uttar Pradesh,IN-UP,state,,1288.3,,,3,Asia/Kolkata,FALSE,1356504267
Karimullahpur,Karimullahpur,,27.1251,81.5308,India,IN,IND,Uttar Pradesh,Uttar Pradesh,IN-UP,state,,946.1,,,3,Asia/Kolkata,TRUE,1356276209
Sānwrah,Sanwrah,,30.5967,77.2556,India,IN,IND,Himāchal Pradesh,Himachal Pradesh,IN-HP,state,,198.5,,,4,Asia/Kolkata,FALSE,1356111942
Lāla Bhagat,Lala Bhagat,,26.7223,79.8479,India,IN,IND,Uttar Pradesh,Uttar Pradesh,IN-UP,state,,520.5,,,3,Asia/Kolkata,FALSE,1356212240
Chakhundia,Chakhundia,,26.3936,81.1615,India,IN,IND,Uttar Pradesh,Uttar Pradesh,IN-UP,state,,766.0,,,3,Asia/Kolkata,FALSE,1356111999
Badhāri,Badhari,,27.7528,78.6157,India,IN,IND,Uttar Pradesh,Uttar Pradesh,IN-UP,state,,1135.9,,,3,Asia/Kolkata,FALSE,1356394356
Badhari,Badhari,,27.2731,82.4822,India,IN,IND,Uttar Pradesh,Uttar Pradesh,IN-UP,state,,1125.1,,,3,Asia/Kolkata,TRUE,1356980570
Bamhiyāpur,Bamhiyapur,,26.8562,79.9815,India,IN,IND,Uttar Pradesh,Uttar Pradesh,IN-UP,state,,639.7,,,3,Asia/Kolkata,FALSE,1356671673
Kalamsara,Kalamsara,,21.9583,74.2408,India,IN,IND,Mahārāshtra,Maharashtra,IN-MH,state,,303.3,,,3,Asia/Kolkata,FALSE,1356083016
Kalamsara,Kalamsara,,21.3475,74.9089,India,IN,IND,Mahārāshtra,Maharashtra,IN-MH,state,,285.2,,,3,Asia/Kolkata,TRUE,1356223300
Salemgarh,Salemgarh,,26.6158,84.2590,India,IN,IND,Bihār,Bihar,IN-BR,state,,1449.1,,,3,Asia/Kolkata,FALSE,1356084771
Limhaipur,Limhaipur,,22.2789,81.3187,India,IN,IND,Chhattīsgarh,Chhattisgarh,IN-CT,state,,315.8,,,3,Asia/Kolkata,FALSE,1356178964
Kudputti,Kudputti,,15.3068,75.2089,India,IN,IND,Karnātaka,Karnataka,IN-KA,state,,235.6,,,3,Asia/Kolkata,FALSE,1356710152
Ambalesh,Ambalesh,,19.2495,83.7124,India,IN,IND,Odisha,Odisha,IN-OR,state,,126.8,,,4,Asia/Kolkata,FALSE,1356853713
Majhaua Kalān,Majhaua Kalan,,26.9458,82.8311,India,IN,IND,Uttar Pradesh,Uttar Pradesh,IN-UP,state,,941.1,,,3,Asia/Kolkata,FALSE,1356756045
Mon,Mon,,26.7358,95.0584,India,IN,IND,Nāgāland,Nagaland,IN-NL,state,,163.2,,,4,Asia/Kolkata,FALSE,1356564898
Tigja,Tigja,,25.1599,82.0850,India,IN,IND,Uttar Pradesh,Uttar Pradesh,IN-UP,state,,848.6,,,3,Asia/Kolkata,FALSE,1356644757
Bāzār Kasghar,Bazar Kasghar,,27.2300,82.1499,India,IN,IND,Uttar Pradesh,Uttar Pradesh,IN-UP,state,,1220.3,,,3,Asia/Kolkata,FALSE,1356981343
Vālappattānpālalyam,Valappattanpalalyam,,11.9316,79.7542,India,IN,IND,Puducherry,Puducherry,IN-PY,union territory,,514.9,,,3,Asia/Kolkata,FALSE,1356242625
Dhāmni,Dhamni,,24.7943,87.4770,India,IN,IND,Jhārkhand,Jharkhand,IN-JH,state,,196.9,,,4,Asia/Kolkata,TRUE,1356867381
Bhandrwa,Bhandrwa,,25.2036,81.7656,India,IN,IND,Uttar Pradesh,Uttar Pradesh,IN-UP,state,,580.2,,,3,Asia/Kolkata,FALSE,1356211329
Bāndiamulia,Bandiamulia,,22.4668,74.7850,India,IN,IND,Madhya Pradesh,Madhya Pradesh,IN-MP,state,,282.0,,,3,Asia/Kolkata,FALSE,1356147313
Bātli Behi,Batli Behi,,32.4121,76.0802,India,IN,IND,Himāchal Pradesh,Himachal Pradesh,IN-HP,state,,242.2,,,3,Asia/Kolkata,FALSE,1356232180
Cherukol,Cherukol,,8.3085,77.2552,India,IN,IND,Tamil Nādu,Tamil Nadu,IN-TN,state,,1126.4,,,3,Asia/Kolkata,FALSE,1356205261
Dhamni,Dhamni,,32.3510,75.4049,India,IN,IND,Jammu and Kashmīr,Jammu and Kashmir,IN-JK,state,,473.8,,,3,Asia/Kolkata,FALSE,1356167047
Mohshampur,Mohshampur,,28.6771,78.8089,India,IN,IND,Uttar Pradesh,Uttar Pradesh,IN-UP,state,,1424.3,,,3,Asia/Kolkata,FALSE,1356588590
Mohshampur,Mohshampur,,27.9305,79.0001,India,IN,IND,Uttar Pradesh,Uttar Pradesh,IN-UP,state,,1004.8,,,3,Asia/Kolkata,TRUE,1356481883
Mohshampur,Mohshampur,,28.0869,79.3068,India,IN,IND,Uttar Pradesh,Uttar Pradesh,IN-UP,state,,733.5,,,3,Asia/Kolkata,TRUE,1356070063
Iyyakunam,Iyyakunam,,12.3089,79.3465,India,IN,IND,Tamil Nādu,Tamil Nadu,IN-TN,state,,475.1,,,3,Asia/Kolkata,FALSE,1356789815
Jodhpur,Jodhpur,,23.1629,73.4071,India,IN,IND,Gujarāt,Gujarat,IN-GJ,state,,813.6,,,3,Asia/Kolkata,FALSE,1356109292
Leda Khādir,Leda Khadir,,30.3032,77.4104,India,IN,IND,Haryāna,Haryana,IN-HR,state,,422.6,,,3,Asia/Kolkata,FALSE,1356903678
Masinan Arkhauli,Masinan Arkhauli,,27.1325,82.9813,India,IN,IND,Uttar Pradesh,Uttar Pradesh,IN-UP,state,,1196.8,,,3,Asia/Kolkata,FALSE,1356180190
Kānota ki Dhāni,Kanota ki Dhani,,26.8619,75.9813,India,IN,IND,Rājasthān,Rajasthan,IN-RJ,state,,486.7,,,3,Asia/Kolkata,FALSE,1356190993
Bhagat Singhwāla,Bhagat Singhwala,,31.0456,74.8457,India,IN,IND,Punjab,Punjab,IN-PB,state,,441.9,,,3,Asia/Kolkata,FALSE,1356495115
Bodidevarapalle,Bodidevarapalle,,13.3145,79.2428,India,IN,IND,Andhra Pradesh,Andhra Pradesh,IN-AP,state,,370.1,,,3,Asia/Kolkata,FALSE,1356019545
Muthiriakandigai,Muthiriakandigai,,13.3676,80.1106,India,IN,IND,Tamil Nādu,Tamil Nadu,IN-TN,state,,577.1,,,3,Asia/Kolkata,FALSE,1356024195
Nagariya Birji,Nagariya Birji,,27.7241,77.7894,India,IN,IND,Uttar Pradesh,Uttar Pradesh,IN-UP,state,,821.4,,,3,Asia/Kolkata,FALSE,1356053696
Gejvi,Gejvi,,24.4328,73.3314,India,IN,IND,Rājasthān,Rajasthan,IN-RJ,state,,128.1,,,4,Asia/Kolkata,FALSE,1356049533
Tumdapāra,Tumdapara,,19.8964,81.9279,India,IN,IND,Odisha,Odisha,IN-OR,state,,201.3,,,3,Asia/Kolkata,FALSE,1356131592
Narsāyapalli,Narsayapalli,,17.9387,79.0169,India,IN,IND,Telangāna,Telangana,IN-TG,state,,238.7,,,3,Asia/Kolkata,FALSE,1356112067
Māthaipeta,Mathaipeta,,17.4538,82.3424,India,IN,IND,Andhra Pradesh,Andhra Pradesh,IN-AP,state,,284.4,,,3,Asia/Kolkata,FALSE,1356062682
Kodesai,Kodesai,,28.2644,75.1878,India,IN,IND,Rājasthān,Rajasthan,IN-RJ,state,,353.6,,,3,Asia/Kolkata,FALSE,1356820442
Kosumputtu,Kosumputtu,,18.8390,82.5525,India,IN,IND,Odisha,Odisha,IN-OR,state,,529.5,,,3,Asia/Kolkata,FALSE,1356037443
Pātharwāra,Patharwara,,21.7681,79.7826,India,IN,IND,Madhya Pradesh,Madhya Pradesh,IN-MP,state,,278.5,,,3,Asia/Kolkata,FALSE,1356126356
Pātharwāra,Patharwara,,21.8609,80.2040,India,IN,IND,Madhya Pradesh,Madhya Pradesh,IN-MP,state,,152.8,,,4,Asia/Kolkata,TRUE,1356938292
Harkhar,Harkhar,,25.7154,86.7151,India,IN,IND,Bihār,Bihar,IN-BR,state,,1420.3,,,3,Asia/Kolkata,FALSE,1356015264
Nandikop,Nandikop,,14.8098,75.1675,India,IN,IND,Karnātaka,Karnataka,IN-KA,state,,319.4,,,3,Asia/Kolkata,FALSE,1356850496
Karuvatta,Karuvatta,,9.3167,76.4000,India,IN,IND,Kerala,Kerala,IN-KL,state,,1801.4,,,3,Asia/Kolkata,FALSE,1356160831
Karuvatta,Karuvatta,,9.3000,76.7667,India,IN,IND,Kerala,Kerala,IN-KL,state,,588.2,,,3,Asia/Kolkata,TRUE,1356161253
Enuvāripeta,Enuvaripeta,,18.7287,83.9117,India,IN,IND,Andhra Pradesh,Andhra Pradesh,IN-AP,state,,306.6,,,3,Asia/Kolkata,FALSE,1356115029
Piplo,Piplo,,30.6980,77.3915,India,IN,IND,Himāchal Pradesh,Himachal Pradesh,IN-HP,state,,130.0,,0,4,Asia/Kolkata,FALSE,1356419778
Bāman ki Bakhri,Baman ki Bakhri,,25.8894,81.5534,India,IN,IND,Uttar Pradesh,Uttar Pradesh,IN-UP,state,,930.5,,,3,Asia/Kolkata,FALSE,1356081692
Mallehka,Mallehka,,29.4355,74.8807,India,IN,IND,Haryāna,Haryana,IN-HR,state,,335.3,,,3,Asia/Kolkata,FALSE,1356331517
Teli Dera,Teli Dera,,25.8677,80.3556,India,IN,IND,Uttar Pradesh,Uttar Pradesh,IN-UP,state,,482.3,,,3,Asia/Kolkata,FALSE,1356046658
Rayermanakkudi,Rayermanakkudi,,9.7105,78.6109,India,IN,IND,Tamil Nādu,Tamil Nadu,IN-TN,state,,332.8,,,3,Asia/Kolkata,FALSE,1356235459
Pāden Purwa,Paden Purwa,,27.0988,79.8017,India,IN,IND,Uttar Pradesh,Uttar Pradesh,IN-UP,state,,993.9,,,3,Asia/Kolkata,FALSE,1356047662
Dungai Chak,Dungai Chak,,34.5481,75.2544,India,IN,IND,Jammu and Kashmīr,Jammu and Kashmir,IN-JK,state,,28.0,,,4,Asia/Kolkata,FALSE,1356381778
Ovāmūkapāra,Ovamukapara,,18.6119,81.0997,India,IN,IND,Chhattīsgarh,Chhattisgarh,IN-CT,state,,38.8,,,4,Asia/Kolkata,FALSE,1356258663
Tābai Mazra Painti,Tabai Mazra Painti,,28.8288,78.6219,India,IN,IND,Uttar Pradesh,Uttar Pradesh,IN-UP,state,,2120.0,,,2,Asia/Kolkata,FALSE,1356510790
Maktaguda,Maktaguda,,17.2282,78.0864,India,IN,IND,Telangāna,Telangana,IN-TG,state,,286.1,,,3,Asia/Kolkata,FALSE,1356956420
Islāmābād Chhalehra,Islamabad Chhalehra,,28.9963,77.7855,India,IN,IND,Uttar Pradesh,Uttar Pradesh,IN-UP,state,,2434.6,,,2,Asia/Kolkata,FALSE,1356210501
Rāwatpar Raghen,Rawatpar Raghen,,26.2398,83.9848,India,IN,IND,Uttar Pradesh,Uttar Pradesh,IN-UP,state,,1283.0,,0,3,Asia/Kolkata,FALSE,1356091277
Pura Buniād Singh,Pura Buniad Singh,,26.0372,81.7153,India,IN,IND,Uttar Pradesh,Uttar Pradesh,IN-UP,state,,932.9,,,3,Asia/Kolkata,FALSE,1356295010
Pura Buniād Singh,Pura Buniad Singh,,26.3261,81.6295,India,IN,IND,Uttar Pradesh,Uttar Pradesh,IN-UP,state,,811.9,,,3,Asia/Kolkata,TRUE,1356949195
Baijnāth Purwa,Baijnath Purwa,,27.4441,81.7756,India,IN,IND,Uttar Pradesh,Uttar Pradesh,IN-UP,state,,1223.7,,,3,Asia/Kolkata,FALSE,1356982839
Baijnāth Purwa,Baijnath Purwa,,27.6393,81.5732,India,IN,IND,Uttar Pradesh,Uttar Pradesh,IN-UP,state,,1100.4,,,3,Asia/Kolkata,TRUE,1356293579
Baghra,Baghra,,29.4649,77.5769,India,IN,IND,Uttar Pradesh,Uttar Pradesh,IN-UP,state,,1491.0,,,3,Asia/Kolkata,FALSE,1356120507
Bhia Purwa,Bhia Purwa,,27.0249,81.5524,India,IN,IND,Uttar Pradesh,Uttar Pradesh,IN-UP,state,,1028.9,,,3,Asia/Kolkata,FALSE,1356766100
Devrākheri,Devrakheri,,22.9261,75.6536,India,IN,IND,Madhya Pradesh,Madhya Pradesh,IN-MP,state,,324.5,,,3,Asia/Kolkata,FALSE,1356223019
Bāihāta,Baihata,,26.3584,91.7046,India,IN,IND,Assam,Assam,IN-AS,state,,1040.2,,,3,Asia/Kolkata,FALSE,1356065302
Reala,Reala,,32.7083,75.3049,India,IN,IND,Jammu and Kashmīr,Jammu and Kashmir,IN-JK,state,,199.7,,,4,Asia/Kolkata,FALSE,1356220134
Reāla,Reala,Rēāia,34.3632,73.7793,India,IN,IND,Jammu and Kashmīr,Jammu and Kashmir,IN-JK,state,,166.7,,,4,Asia/Kolkata,TRUE,1356083623
Nisikivalasa,Nisikivalasa,,18.7793,83.5600,India,IN,IND,Andhra Pradesh,Andhra Pradesh,IN-AP,state,,298.4,,,3,Asia/Kolkata,FALSE,1356152206
Budhpur,Budhpur,,23.2191,73.8413,India,IN,IND,Gujarāt,Gujarat,IN-GJ,state,,336.6,,,3,Asia/Kolkata,FALSE,1356731114
Angāndahalli,Angandahalli,,12.3345,78.0996,India,IN,IND,Tamil Nādu,Tamil Nadu,IN-TN,state,,509.5,,,3,Asia/Kolkata,FALSE,1356258575
Panjapālaiyam,Panjapalaiyam,,11.1756,77.9845,India,IN,IND,Tamil Nādu,Tamil Nadu,IN-TN,state,,484.0,,,3,Asia/Kolkata,FALSE,1356167239
Dodihibita,Dodihibita,,25.6531,87.2186,India,IN,IND,Bihār,Bihar,IN-BR,state,,922.9,,,3,Asia/Kolkata,FALSE,1356267512
Dagge Basāpuram,Dagge Basapuram,,14.6065,76.0571,India,IN,IND,Karnātaka,Karnataka,IN-KA,state,,228.1,,,3,Asia/Kolkata,FALSE,1356525871
Chak Shāhanpur,Chak Shahanpur,,25.4988,81.4027,India,IN,IND,Uttar Pradesh,Uttar Pradesh,IN-UP,state,,1037.8,,,3,Asia/Kolkata,FALSE,1356849022
Dānmauri,Danmauri,,24.2159,73.0049,India,IN,IND,Gujarāt,Gujarat,IN-GJ,state,,303.0,,,3,Asia/Kolkata,FALSE,1356045689
Pura Sūba Rāi,Pura Suba Rai,,26.2604,81.7402,India,IN,IND,Uttar Pradesh,Uttar Pradesh,IN-UP,state,,811.9,,,3,Asia/Kolkata,FALSE,1356035605
Thāt Jat,That Jat,,29.1971,78.5042,India,IN,IND,Uttar Pradesh,Uttar Pradesh,IN-UP,state,,1578.4,,,3,Asia/Kolkata,FALSE,1356537294
Thumbalaguda,Thumbalaguda,,19.0527,83.7630,India,IN,IND,Odisha,Odisha,IN-OR,state,,207.7,,,3,Asia/Kolkata,FALSE,1356866744
Gurdāspur,Gurdaspur,,25.2565,82.7482,India,IN,IND,Uttar Pradesh,Uttar Pradesh,IN-UP,state,,4464.8,,,2,Asia/Kolkata,FALSE,1356649178
Gurdāspur,Gurdaspur,,29.1781,78.5692,India,IN,IND,Uttar Pradesh,Uttar Pradesh,IN-UP,state,,1589.7,,,3,Asia/Kolkata,TRUE,1356461380
Gurdāspur,Gurdaspur,,26.4721,82.6571,India,IN,IND,Uttar Pradesh,Uttar Pradesh,IN-UP,state,,1450.2,,,3,Asia/Kolkata,TRUE,1356085479
Gurdāspur,Gurdaspur,,27.4054,79.6048,India,IN,IND,Uttar Pradesh,Uttar Pradesh,IN-UP,state,,1354.9,,,3,Asia/Kolkata,TRUE,1356770313
Gurdāspur,Gurdaspur,,27.5394,79.7017,India,IN,IND,Uttar Pradesh,Uttar Pradesh,IN-UP,state,,801.5,,,3,Asia/Kolkata,TRUE,1356356359
Munda Kundra,Munda Kundra,,26.7767,83.1842,India,IN,IND,Uttar Pradesh,Uttar Pradesh,IN-UP,state,,1236.5,,,3,Asia/Kolkata,FALSE,1356457172
Purtiāl,Purtial,,31.8058,76.3069,India,IN,IND,Himāchal Pradesh,Himachal Pradesh,IN-HP,state,,621.9,,,3,Asia/Kolkata,FALSE,1356185719
Konrāopet,Konraopet,,18.6077,79.2492,India,IN,IND,Telangāna,Telangana,IN-TG,state,,386.9,,,3,Asia/Kolkata,FALSE,1356608000
Konraopet,Konraopet,,18.0255,78.3295,India,IN,IND,Telangāna,Telangana,IN-TG,state,,354.4,,,3,Asia/Kolkata,TRUE,1356557181
Kannappanāyakkankolattuppati,Kannappanayakkankolattuppati,,10.9217,78.2090,India,IN,IND,Tamil Nādu,Tamil Nadu,IN-TN,state,,330.0,,,3,Asia/Kolkata,FALSE,1356215813
Kandiyapuram,Kandiyapuram,,9.3401,77.7499,India,IN,IND,Tamil Nādu,Tamil Nadu,IN-TN,state,,768.8,,,3,Asia/Kolkata,FALSE,1356213571
Redgaon,Redgaon,,20.2116,74.2743,India,IN,IND,Mahārāshtra,Maharashtra,IN-MH,state,,300.8,,,3,Asia/Kolkata,FALSE,1356846958
Redgaon,Redgaon,,20.2181,74.0934,India,IN,IND,Mahārāshtra,Maharashtra,IN-MH,state,,300.8,,,3,Asia/Kolkata,TRUE,1356904645
Timme Kodagi,Timme Kodagi,,13.6322,75.2612,India,IN,IND,Karnātaka,Karnataka,IN-KA,state,,109.9,,,4,Asia/Kolkata,FALSE,1356126868
Jura,Jura,,24.3226,73.0695,India,IN,IND,Gujarāt,Gujarat,IN-GJ,state,,303.0,,,3,Asia/Kolkata,FALSE,1356633337
Babasaiberpālya,Babasaiberpalya,,12.9013,77.4629,India,IN,IND,Karnātaka,Karnataka,IN-KA,state,,526.0,,,3,Asia/Kolkata,FALSE,1356267670
Nārotolā,Narotola,,21.4337,80.4847,India,IN,IND,Madhya Pradesh,Madhya Pradesh,IN-MP,state,,367.5,,,3,Asia/Kolkata,FALSE,1356497843
Vanderipālaiyam,Vanderipalaiyam,,10.9160,77.7717,India,IN,IND,Tamil Nādu,Tamil Nadu,IN-TN,state,,233.2,,,3,Asia/Kolkata,FALSE,1356236287
Sajnara,Sajnara,,30.9489,77.5452,India,IN,IND,Himāchal Pradesh,Himachal Pradesh,IN-HP,state,,83.1,,,4,Asia/Kolkata,FALSE,1356109436
Tāmtingia,Tamtingia,,20.3808,84.0175,India,IN,IND,Odisha,Odisha,IN-OR,state,,107.9,,,4,Asia/Kolkata,FALSE,1356262868
Sūmo,Sumo,,31.4504,77.4534,India,IN,IND,Himāchal Pradesh,Himachal Pradesh,IN-HP,state,,180.1,,,4,Asia/Kolkata,FALSE,1356105839
Tuntpūri Khatta,Tuntpuri Khatta,,29.1390,79.2608,India,IN,IND,Uttarākhand,Uttarakhand,IN-UT,state,,821.4,,,3,Asia/Kolkata,FALSE,1356081895
Nagla Buddha,Nagla Buddha,,27.1616,77.8183,India,IN,IND,Uttar Pradesh,Uttar Pradesh,IN-UP,state,,839.1,,,3,Asia/Kolkata,FALSE,1356751650
Nagla Buddha,Nagla Buddha,,27.6538,78.3531,India,IN,IND,Uttar Pradesh,Uttar Pradesh,IN-UP,state,,788.9,,,3,Asia/Kolkata,TRUE,1356047633
Gambhārdih,Gambhardih,,23.0748,84.3390,India,IN,IND,Jhārkhand,Jharkhand,IN-JH,state,,145.1,,,4,Asia/Kolkata,FALSE,1356191323
Nagra Pahlādpur,Nagra Pahladpur,,27.4413,79.8487,India,IN,IND,Uttar Pradesh,Uttar Pradesh,IN-UP,state,,577.4,,,3,Asia/Kolkata,FALSE,1356142754
Dhārli,Dharli,,30.9939,77.3416,India,IN,IND,Himāchal Pradesh,Himachal Pradesh,IN-HP,state,,182.8,,,4,Asia/Kolkata,FALSE,1356052347
Dhārli,Dharli,,31.4573,77.5299,India,IN,IND,Himāchal Pradesh,Himachal Pradesh,IN-HP,state,,99.6,,,4,Asia/Kolkata,TRUE,1356137903
Dhārli,Dharli,,31.4208,76.9524,India,IN,IND,Himāchal Pradesh,Himachal Pradesh,IN-HP,state,,63.4,,,4,Asia/Kolkata,TRUE,1356615936
Sīndholi Khurd,Sindholi Khurd,,27.9665,78.4437,India,IN,IND,Uttar Pradesh,Uttar Pradesh,IN-UP,state,,929.3,,,3,Asia/Kolkata,FALSE,1356996560
Nagarippuram,Nagarippuram,,10.7894,76.4671,India,IN,IND,Kerala,Kerala,IN-KL,state,,856.6,,,3,Asia/Kolkata,FALSE,1356784172
Garāra,Garara,,30.9575,77.5836,India,IN,IND,Himāchal Pradesh,Himachal Pradesh,IN-HP,state,,83.1,,,4,Asia/Kolkata,FALSE,1356318726
Mudaveli,Mudaveli,,9.6726,78.5937,India,IN,IND,Tamil Nādu,Tamil Nadu,IN-TN,state,,332.8,,,3,Asia/Kolkata,FALSE,1356236963
Pura Kalan Singh,Pura Kalan Singh,,27.6698,81.3683,India,IN,IND,Uttar Pradesh,Uttar Pradesh,IN-UP,state,,824.4,,,3,Asia/Kolkata,FALSE,1356009641
Purwa Kandra,Purwa Kandra,,27.9493,81.0457,India,IN,IND,Uttar Pradesh,Uttar Pradesh,IN-UP,state,,624.1,,,3,Asia/Kolkata,FALSE,1356059414
Āsa,Asa,,27.3960,80.1814,India,IN,IND,Uttar Pradesh,Uttar Pradesh,IN-UP,state,,917.2,,,3,Asia/Kolkata,FALSE,1356794929
Asa,Asa,,29.1814,77.9159,India,IN,IND,Uttar Pradesh,Uttar Pradesh,IN-UP,state,,608.2,,,3,Asia/Kolkata,TRUE,1356248318
Narharia,Narharia,,26.6322,82.6844,India,IN,IND,Uttar Pradesh,Uttar Pradesh,IN-UP,state,,1230.5,,,3,Asia/Kolkata,FALSE,1356012320
Narharia,Narharia,,26.8179,82.7635,India,IN,IND,Uttar Pradesh,Uttar Pradesh,IN-UP,state,,1230.5,,,3,Asia/Kolkata,TRUE,1356631614
Narharia,Narharia,,26.4539,82.4400,India,IN,IND,Uttar Pradesh,Uttar Pradesh,IN-UP,state,,1046.5,,,3,Asia/Kolkata,TRUE,1356032570
Jhilmil,Jhilmil,,25.0245,86.1771,India,IN,IND,Bihār,Bihar,IN-BR,state,,1311.9,,,3,Asia/Kolkata,FALSE,1356693928
Jhilmil,Jhilmil,,24.9582,84.8027,India,IN,IND,Bihār,Bihar,IN-BR,state,,540.8,,,3,Asia/Kolkata,TRUE,1356324471
Dal Sāgar,Dal Sagar,,25.6593,83.7201,India,IN,IND,Uttar Pradesh,Uttar Pradesh,IN-UP,state,,1198.5,,,3,Asia/Kolkata,FALSE,1356961850
Akkalareddipalle,Akkalareddipalle,,15.3649,78.8910,India,IN,IND,Andhra Pradesh,Andhra Pradesh,IN-AP,state,,126.3,,,4,Asia/Kolkata,FALSE,1356891973
Mahāpati Ka Nagla,Mahapati Ka Nagla,,27.5407,77.8771,India,IN,IND,Uttar Pradesh,Uttar Pradesh,IN-UP,state,,1340.5,,,3,Asia/Kolkata,FALSE,1356480245
Giānpur,Gianpur,,26.6579,80.8285,India,IN,IND,Uttar Pradesh,Uttar Pradesh,IN-UP,state,,4377.2,,,2,Asia/Kolkata,FALSE,1356002940
Giānpur,Gianpur,,28.9971,77.8163,India,IN,IND,Uttar Pradesh,Uttar Pradesh,IN-UP,state,,2434.6,,,2,Asia/Kolkata,TRUE,1356090583
Gianpur,Gianpur,,25.8873,84.1377,India,IN,IND,Uttar Pradesh,Uttar Pradesh,IN-UP,state,,1731.4,,,3,Asia/Kolkata,TRUE,1356098832
Giānpur,Gianpur,,25.6547,83.9014,India,IN,IND,Uttar Pradesh,Uttar Pradesh,IN-UP,state,,1198.5,,,3,Asia/Kolkata,TRUE,1356236072
Giānpur,Gianpur,,27.9898,80.7668,India,IN,IND,Uttar Pradesh,Uttar Pradesh,IN-UP,state,,1016.1,,,3,Asia/Kolkata,TRUE,1356997217
Giānpur,Gianpur,,27.0683,81.8563,India,IN,IND,Uttar Pradesh,Uttar Pradesh,IN-UP,state,,1011.3,,,3,Asia/Kolkata,TRUE,1356800803
Giānpur,Gianpur,,26.7258,79.2341,India,IN,IND,Uttar Pradesh,Uttar Pradesh,IN-UP,state,,819.8,,,3,Asia/Kolkata,TRUE,1356665779
Giānpur,Gianpur,,27.6089,78.2479,India,IN,IND,Uttar Pradesh,Uttar Pradesh,IN-UP,state,,788.9,,,3,Asia/Kolkata,TRUE,1356067308
Giānpur,Gianpur,,27.3682,79.6951,India,IN,IND,Uttar Pradesh,Uttar Pradesh,IN-UP,state,,552.0,,,3,Asia/Kolkata,TRUE,1356186143
Galhāmau,Galhamau,,26.8418,81.2286,India,IN,IND,Uttar Pradesh,Uttar Pradesh,IN-UP,state,,1300.3,,,3,Asia/Kolkata,FALSE,1356933549
Thekwa,Thekwa,,21.1276,81.1336,India,IN,IND,Chhattīsgarh,Chhattisgarh,IN-CT,state,,590.0,,,3,Asia/Kolkata,FALSE,1356432845
Thekwa,Thekwa,,21.1702,80.9076,India,IN,IND,Chhattīsgarh,Chhattisgarh,IN-CT,state,,255.9,,,3,Asia/Kolkata,TRUE,1356810388
Dharwa,Dharwa,,32.3437,76.1031,India,IN,IND,Himāchal Pradesh,Himachal Pradesh,IN-HP,state,,125.6,,,4,Asia/Kolkata,FALSE,1356963752
Gabbāpur Kalān,Gabbapur Kalan,,27.8294,82.0614,India,IN,IND,Uttar Pradesh,Uttar Pradesh,IN-UP,state,,624.3,,,3,Asia/Kolkata,FALSE,1356186132
Paglitoli,Paglitoli,,23.5827,85.3218,India,IN,IND,Jhārkhand,Jharkhand,IN-JH,state,,796.5,,,3,Asia/Kolkata,FALSE,1356176539
Makkenavāripālem,Makkenavaripalem,,16.0228,79.9583,India,IN,IND,Andhra Pradesh,Andhra Pradesh,IN-AP,state,,310.4,,,3,Asia/Kolkata,FALSE,1356848037
Makkenavāripālem,Makkenavaripalem,,15.9172,79.8574,India,IN,IND,Andhra Pradesh,Andhra Pradesh,IN-AP,state,,183.8,,,4,Asia/Kolkata,TRUE,1356150583
Kanaganhalli,Kanaganhalli,,13.4034,77.6417,India,IN,IND,Karnātaka,Karnataka,IN-KA,state,,364.2,,,3,Asia/Kolkata,FALSE,1356486832
Garhīwa Majhgawān,Garhiwa Majhgawan,,25.6255,80.9558,India,IN,IND,Uttar Pradesh,Uttar Pradesh,IN-UP,state,,751.3,,,3,Asia/Kolkata,FALSE,1356786321
Satapar,Satapar,,32.6574,76.0973,India,IN,IND,Himāchal Pradesh,Himachal Pradesh,IN-HP,state,,200.2,,,3,Asia/Kolkata,FALSE,1356748708
Jawāla,Jawala,,30.2333,76.3833,India,IN,IND,Punjab,Punjab,IN-PB,state,,827.2,,,3,Asia/Kolkata,FALSE,1356005283
Dhābi Kalān,Dhabi Kalan,,29.3289,75.3247,India,IN,IND,Haryāna,Haryana,IN-HR,state,,396.0,,,3,Asia/Kolkata,FALSE,1356765484
Kālīchhāpar,Kalichhapar,,22.1985,78.4522,India,IN,IND,Madhya Pradesh,Madhya Pradesh,IN-MP,state,,191.5,,,4,Asia/Kolkata,FALSE,1356595642
Kālīchhāpar,Kalichhapar,,22.3864,77.5092,India,IN,IND,Madhya Pradesh,Madhya Pradesh,IN-MP,state,,149.2,,,4,Asia/Kolkata,TRUE,1356482479
Chimlakunta Tānda,Chimlakunta Tanda,,16.7465,78.8479,India,IN,IND,Telangāna,Telangana,IN-TG,state,,141.4,,,4,Asia/Kolkata,FALSE,1356145153
Kalyānpurtola,Kalyanpurtola,,21.9603,79.8110,India,IN,IND,Madhya Pradesh,Madhya Pradesh,IN-MP,state,,184.4,,,4,Asia/Kolkata,FALSE,1356110660
Pura Salaia,Pura Salaia,,25.9957,78.3379,India,IN,IND,Madhya Pradesh,Madhya Pradesh,IN-MP,state,,409.3,,,3,Asia/Kolkata,FALSE,1356830431
Purwa Bhurai,Purwa Bhurai,,26.4301,81.8110,India,IN,IND,Uttar Pradesh,Uttar Pradesh,IN-UP,state,,1047.1,,,3,Asia/Kolkata,FALSE,1356507808
Non Ki Dafai,Non Ki Dafai,,25.8366,78.2479,India,IN,IND,Madhya Pradesh,Madhya Pradesh,IN-MP,state,,409.3,,,3,Asia/Kolkata,FALSE,1356098305
Bandori,Bandori,,16.3475,76.5993,India,IN,IND,Karnātaka,Karnataka,IN-KA,state,,248.4,,,3,Asia/Kolkata,FALSE,1356773181
Tūre ka Pura,Ture ka Pura,,26.2899,78.4247,India,IN,IND,Madhya Pradesh,Madhya Pradesh,IN-MP,state,,507.7,,,3,Asia/Kolkata,FALSE,1356784714
Gao,Gao,,24.6935,75.5641,India,IN,IND,Madhya Pradesh,Madhya Pradesh,IN-MP,state,,173.1,,,4,Asia/Kolkata,FALSE,1356157682
Bhātara Muwara,Bhatara Muwara,,23.1498,73.4802,India,IN,IND,Gujarāt,Gujarat,IN-GJ,state,,512.1,,,3,Asia/Kolkata,FALSE,1356285155
Pura Dharām,Pura Dharam,,26.3575,81.9827,India,IN,IND,Uttar Pradesh,Uttar Pradesh,IN-UP,state,,1256.2,,,3,Asia/Kolkata,FALSE,1356242337
Pura Dharam,Pura Dharam,,27.2386,82.0521,India,IN,IND,Uttar Pradesh,Uttar Pradesh,IN-UP,state,,1220.3,,,3,Asia/Kolkata,TRUE,1356616789
Gollabhāman Tānda,Gollabhaman Tanda,,17.8538,79.8284,India,IN,IND,Telangāna,Telangana,IN-TG,state,,448.9,,,3,Asia/Kolkata,FALSE,1356156869
Lukia Purwa,Lukia Purwa,,27.4382,80.5955,India,IN,IND,Uttar Pradesh,Uttar Pradesh,IN-UP,state,,815.7,,,3,Asia/Kolkata,FALSE,1356609722
Nagla Bhūre Khān,Nagla Bhure Khan,,27.9240,78.2257,India,IN,IND,Uttar Pradesh,Uttar Pradesh,IN-UP,state,,2098.5,,,2,Asia/Kolkata,FALSE,1356516860
Kuttettūru,Kuttetturu,,13.0070,74.8399,India,IN,IND,Karnātaka,Karnataka,IN-KA,state,,1895.8,,,3,Asia/Kolkata,FALSE,1356873855
Nīma Kheri,Nima Kheri,,22.5893,77.2079,India,IN,IND,Madhya Pradesh,Madhya Pradesh,IN-MP,state,,180.1,,,4,Asia/Kolkata,FALSE,1356043151
Silghāt,Silghat,,26.6031,92.9264,India,IN,IND,Assam,Assam,IN-AS,state,,875.9,,,3,Asia/Kolkata,FALSE,1356866688
Sālkhar,Salkhar,,27.8999,76.6508,India,IN,IND,Rājasthān,Rajasthan,IN-RJ,state,,438.7,,,3,Asia/Kolkata,FALSE,1356038827
Jhūra,Jhura,,23.7544,79.0920,India,IN,IND,Madhya Pradesh,Madhya Pradesh,IN-MP,state,,179.5,,,4,Asia/Kolkata,FALSE,1356005155
Nagla Chandrām,Nagla Chandram,Jhalu,27.7929,77.9114,India,IN,IND,Uttar Pradesh,Uttar Pradesh,IN-UP,state,,807.6,,,3,Asia/Kolkata,FALSE,1356769528
Gali Jot,Gali Jot,,27.2272,82.4567,India,IN,IND,Uttar Pradesh,Uttar Pradesh,IN-UP,state,,1125.1,,,3,Asia/Kolkata,FALSE,1356364035
Pure Bansi,Pure Bansi,,25.9353,81.5804,India,IN,IND,Uttar Pradesh,Uttar Pradesh,IN-UP,state,,921.6,,,3,Asia/Kolkata,FALSE,1356855367
Pure Bansi,Pure Bansi,,25.9159,81.7297,India,IN,IND,Uttar Pradesh,Uttar Pradesh,IN-UP,state,,921.6,,,3,Asia/Kolkata,TRUE,1356316902
Kalapalli,Kalapalli,,13.6352,77.9462,India,IN,IND,Karnātaka,Karnataka,IN-KA,state,,188.4,,,4,Asia/Kolkata,FALSE,1356197851
Barhmasia,Barhmasia,,25.0996,86.3019,India,IN,IND,Bihār,Bihar,IN-BR,state,,964.0,,,3,Asia/Kolkata,FALSE,1356713547
Ilaiyānkudi,Ilaiyankudi,,9.7628,78.9400,India,IN,IND,Tamil Nādu,Tamil Nadu,IN-TN,state,,309.5,,,3,Asia/Kolkata,TRUE,1356223425
Ilaiyankudi,Ilaiyankudi,,9.8803,78.8071,India,IN,IND,Tamil Nādu,Tamil Nadu,IN-TN,state,,274.2,,,3,Asia/Kolkata,TRUE,1356224275
Bherūnkhera,Bherunkhera,,25.4776,74.5634,India,IN,IND,Rājasthān,Rajasthan,IN-RJ,state,,226.4,,,3,Asia/Kolkata,FALSE,1356213191
Bherūnkhera,Bherunkhera,,25.3969,74.4278,India,IN,IND,Rājasthān,Rajasthan,IN-RJ,state,,226.4,,,3,Asia/Kolkata,TRUE,1356873358
Supaili Kamat,Supaili Kamat,,25.5991,87.1824,India,IN,IND,Bihār,Bihar,IN-BR,state,,1225.4,,0,3,Asia/Kolkata,FALSE,1356090252
Kesarkonda,Kesarkonda,,13.5316,75.0980,India,IN,IND,Karnātaka,Karnataka,IN-KA,state,,109.9,,,4,Asia/Kolkata,FALSE,1356140351
Chamanpura,Chamanpura,,26.8247,75.5326,India,IN,IND,Rājasthān,Rajasthan,IN-RJ,state,,1331.0,,,3,Asia/Kolkata,FALSE,1356876169
Chamanpura,Chamanpura,,27.1191,75.7057,India,IN,IND,Rājasthān,Rajasthan,IN-RJ,state,,580.7,,,3,Asia/Kolkata,TRUE,1356880467
Chamanpura,Chamanpura,,27.2332,75.7054,India,IN,IND,Rājasthān,Rajasthan,IN-RJ,state,,550.8,,,3,Asia/Kolkata,TRUE,1356564571
Chamanpura,Chamanpura,,26.5069,76.2439,India,IN,IND,Rājasthān,Rajasthan,IN-RJ,state,,546.9,,,3,Asia/Kolkata,TRUE,1356475153
Chamanpura,Chamanpura,,25.4463,74.6208,India,IN,IND,Rājasthān,Rajasthan,IN-RJ,state,,262.9,,,3,Asia/Kolkata,TRUE,1356708936
Chondeshvar,Chondeshvar,,20.6193,75.7232,India,IN,IND,Mahārāshtra,Maharashtra,IN-MH,state,,249.2,,,3,Asia/Kolkata,FALSE,1356949017
Gurāria,Guraria,,22.9583,76.7368,India,IN,IND,Madhya Pradesh,Madhya Pradesh,IN-MP,state,,330.1,,,3,Asia/Kolkata,FALSE,1356848181
Gurāria,Guraria,,22.5238,76.9891,India,IN,IND,Madhya Pradesh,Madhya Pradesh,IN-MP,state,,290.1,,,3,Asia/Kolkata,TRUE,1356198750
Gurāria,Guraria,,22.6874,78.0365,India,IN,IND,Madhya Pradesh,Madhya Pradesh,IN-MP,state,,277.5,,,3,Asia/Kolkata,TRUE,1356303542
Gurāria,Guraria,,23.4874,76.1844,India,IN,IND,Madhya Pradesh,Madhya Pradesh,IN-MP,state,,270.8,,,3,Asia/Kolkata,TRUE,1356634402
Nahorka,Nahorka,,26.9656,78.0069,India,IN,IND,Uttar Pradesh,Uttar Pradesh,IN-UP,state,,701.4,,,3,Asia/Kolkata,FALSE,1356160242
Garial,Garial,,31.8873,76.0689,India,IN,IND,Himāchal Pradesh,Himachal Pradesh,IN-HP,state,,185.1,,,4,Asia/Kolkata,FALSE,1356124721
Pandāri,Pandari,,25.0000,76.7000,India,IN,IND,Rājasthān,Rajasthan,IN-RJ,state,,132.5,,,4,Asia/Kolkata,FALSE,1356128951
Pindaurapur,Pindaurapur,,28.6649,78.2269,India,IN,IND,Uttar Pradesh,Uttar Pradesh,IN-UP,state,,828.1,,,3,Asia/Kolkata,FALSE,1356627187
Tejsingh ka Pura,Tejsingh ka Pura,,26.3760,77.9671,India,IN,IND,Madhya Pradesh,Madhya Pradesh,IN-MP,state,,327.7,,,3,Asia/Kolkata,FALSE,1356713281
Raonakwāra,Raonakwara,,24.5964,72.5159,India,IN,IND,Rājasthān,Rajasthan,IN-RJ,state,,221.0,,,3,Asia/Kolkata,FALSE,1356983993
Barāhlu,Barahlu,,28.5212,75.7268,India,IN,IND,Haryāna,Haryana,IN-HR,state,,261.7,,,3,Asia/Kolkata,FALSE,1356054737
Khud,Khud,,31.8860,76.7985,India,IN,IND,Himāchal Pradesh,Himachal Pradesh,IN-HP,state,,336.3,,,3,Asia/Kolkata,FALSE,1356117703
Khud,Khud,,31.0976,77.2940,India,IN,IND,Himāchal Pradesh,Himachal Pradesh,IN-HP,state,,211.7,,,3,Asia/Kolkata,TRUE,1356282175
Kāla Ban,Kala Ban,,32.7259,75.2517,India,IN,IND,Jammu and Kashmīr,Jammu and Kashmir,IN-JK,state,,230.3,,,3,Asia/Kolkata,FALSE,1356351143
Paroha,Paroha,,26.3748,84.1117,India,IN,IND,Uttar Pradesh,Uttar Pradesh,IN-UP,state,,1384.1,,,3,Asia/Kolkata,FALSE,1356978094
Gūtar,Gutar,,24.0596,78.3183,India,IN,IND,Madhya Pradesh,Madhya Pradesh,IN-MP,state,,256.1,,,3,Asia/Kolkata,FALSE,1356166274
Bondrāni,Bondrani,,21.5479,79.9789,India,IN,IND,Mahārāshtra,Maharashtra,IN-MH,state,,656.1,,,3,Asia/Kolkata,FALSE,1356821432
Shujāatpur,Shujaatpur,,27.6269,81.6208,India,IN,IND,Uttar Pradesh,Uttar Pradesh,IN-UP,state,,1223.7,,,3,Asia/Kolkata,FALSE,1356482951
Shujāātpur,Shujaatpur,,27.4499,81.2114,India,IN,IND,Uttar Pradesh,Uttar Pradesh,IN-UP,state,,859.0,,,3,Asia/Kolkata,TRUE,1356139396
Tulshīa Purwa,Tulshia Purwa,,27.8581,81.4014,India,IN,IND,Uttar Pradesh,Uttar Pradesh,IN-UP,state,,683.0,,,3,Asia/Kolkata,FALSE,1356064017
Paploha,Paploha,,30.8493,76.9051,India,IN,IND,Haryāna,Haryana,IN-HR,state,,719.0,,,3,Asia/Kolkata,FALSE,1356000227
Madhnagar,Madhnagar,,27.4500,81.7381,India,IN,IND,Uttar Pradesh,Uttar Pradesh,IN-UP,state,,1223.7,,,3,Asia/Kolkata,FALSE,1356448141
Madhnagar,Madhnagar,,27.2862,82.1357,India,IN,IND,Uttar Pradesh,Uttar Pradesh,IN-UP,state,,1220.3,,,3,Asia/Kolkata,TRUE,1356332380
Madhnagar,Madhnagar,,27.1819,82.4271,India,IN,IND,Uttar Pradesh,Uttar Pradesh,IN-UP,state,,1125.1,,,3,Asia/Kolkata,TRUE,1356712333
Madhnagar,Madhnagar,,27.1768,82.2717,India,IN,IND,Uttar Pradesh,Uttar Pradesh,IN-UP,state,,1125.1,,,3,Asia/Kolkata,TRUE,1356408697
Mādhnagar,Madhnagar,,27.0257,82.8098,India,IN,IND,Uttar Pradesh,Uttar Pradesh,IN-UP,state,,941.1,,,3,Asia/Kolkata,TRUE,1356117878
Madhnagar,Madhnagar,,27.5078,81.9653,India,IN,IND,Uttar Pradesh,Uttar Pradesh,IN-UP,state,,884.6,,,3,Asia/Kolkata,TRUE,1356055532
Madhnagar,Madhnagar,,26.8835,81.9093,India,IN,IND,Uttar Pradesh,Uttar Pradesh,IN-UP,state,,845.8,,,3,Asia/Kolkata,TRUE,1356606776
Madhnagar,Madhnagar,,27.5647,82.0609,India,IN,IND,Uttar Pradesh,Uttar Pradesh,IN-UP,state,,753.4,,,3,Asia/Kolkata,TRUE,1356885936
Madhnagar,Madhnagar,,27.4968,82.2105,India,IN,IND,Uttar Pradesh,Uttar Pradesh,IN-UP,state,,633.9,,,3,Asia/Kolkata,TRUE,1356374790
Madhnagar,Madhnagar,,27.4400,82.6048,India,IN,IND,Uttar Pradesh,Uttar Pradesh,IN-UP,state,,633.9,,,3,Asia/Kolkata,TRUE,1356158155
Madhnagar,Madhnagar,,27.6120,81.9005,India,IN,IND,Uttar Pradesh,Uttar Pradesh,IN-UP,state,,624.3,,,3,Asia/Kolkata,TRUE,1356328321
Madhnagar,Madhnagar,,27.7101,82.1166,India,IN,IND,Uttar Pradesh,Uttar Pradesh,IN-UP,state,,624.3,,,3,Asia/Kolkata,TRUE,1356345540
Rūkhra Khola,Rukhra Khola,,28.0812,79.2685,India,IN,IND,Uttar Pradesh,Uttar Pradesh,IN-UP,state,,1004.8,,,3,Asia/Kolkata,FALSE,1356415217
Kutma,Kutma,,24.6746,82.9568,India,IN,IND,Uttar Pradesh,Uttar Pradesh,IN-UP,state,,372.0,,,3,Asia/Kolkata,FALSE,1356118007
Nanhu Bigha,Nanhu Bigha,,24.9497,84.6967,India,IN,IND,Bihār,Bihar,IN-BR,state,,1619.2,,,3,Asia/Kolkata,FALSE,1356871126
Nanhu Bigha,Nanhu Bigha,,25.0852,84.4494,India,IN,IND,Bihār,Bihar,IN-BR,state,,535.5,,,3,Asia/Kolkata,TRUE,1356053599
Goriādumartolī,Goriadumartoli,,24.0253,84.1788,India,IN,IND,Jhārkhand,Jharkhand,IN-JH,state,,1090.7,,,3,Asia/Kolkata,FALSE,1356016076
Kankra Pokhar,Kankra Pokhar,,27.1487,82.7559,India,IN,IND,Uttar Pradesh,Uttar Pradesh,IN-UP,state,,1150.6,,,3,Asia/Kolkata,FALSE,1356873204
Sūkhādih,Sukhadih,,21.9410,83.7211,India,IN,IND,Odisha,Odisha,IN-OR,state,,114.3,,,4,Asia/Kolkata,FALSE,1356121534
Rāmāi,Ramai,,19.6627,78.6420,India,IN,IND,Telangāna,Telangana,IN-TG,state,,289.7,,,3,Asia/Kolkata,FALSE,1356068457
Purwa Mathura,Purwa Mathura,,26.6494,83.4713,India,IN,IND,Uttar Pradesh,Uttar Pradesh,IN-UP,state,,2076.2,,,2,Asia/Kolkata,FALSE,1356457960
Purwa Mathura,Purwa Mathura,,26.3232,82.1672,India,IN,IND,Uttar Pradesh,Uttar Pradesh,IN-UP,state,,1426.4,,,3,Asia/Kolkata,TRUE,1356028623
Purwa Mathura,Purwa Mathura,,26.3246,83.1442,India,IN,IND,Uttar Pradesh,Uttar Pradesh,IN-UP,state,,1070.8,,,3,Asia/Kolkata,TRUE,1356475859
Gosal Zamindarān,Gosal Zamindaran,,31.8120,75.0127,India,IN,IND,Punjab,Punjab,IN-PB,state,,2658.6,,,2,Asia/Kolkata,FALSE,1356910723
Purwa Hirāu,Purwa Hirau,,26.5878,82.1010,India,IN,IND,Uttar Pradesh,Uttar Pradesh,IN-UP,state,,955.7,,,3,Asia/Kolkata,FALSE,1356137147
Luwāli,Luwali,,30.6815,77.4866,India,IN,IND,Himāchal Pradesh,Himachal Pradesh,IN-HP,state,,129.7,,,4,Asia/Kolkata,FALSE,1356107974
Koparpāni,Koparpani,,22.0241,78.4621,India,IN,IND,Madhya Pradesh,Madhya Pradesh,IN-MP,state,,191.5,,,4,Asia/Kolkata,FALSE,1356968143
Ratūpura,Ratupura,,28.7820,78.6273,India,IN,IND,Uttar Pradesh,Uttar Pradesh,IN-UP,state,,1411.7,,,3,Asia/Kolkata,FALSE,1356533002
Ratupura,Ratupura,,28.7416,77.9955,India,IN,IND,Uttar Pradesh,Uttar Pradesh,IN-UP,state,,1166.6,,,3,Asia/Kolkata,TRUE,1356834674
Wāsri,Wasri,,20.6415,80.5705,India,IN,IND,Chhattīsgarh,Chhattisgarh,IN-CT,state,,103.3,,,4,Asia/Kolkata,FALSE,1356755532
Wāsri,Wasri,,20.5009,80.8169,India,IN,IND,Chhattīsgarh,Chhattisgarh,IN-CT,state,,103.3,,,4,Asia/Kolkata,TRUE,1356452218
Sadymvallapalli,Sadymvallapalli,,13.7431,79.0087,India,IN,IND,Andhra Pradesh,Andhra Pradesh,IN-AP,state,,286.7,,,3,Asia/Kolkata,FALSE,1356079820
Etāha,Etaha,,26.0405,81.6438,India,IN,IND,Uttar Pradesh,Uttar Pradesh,IN-UP,state,,921.6,,,3,Asia/Kolkata,FALSE,1356667751
Murukungal,Murukungal,,10.3842,76.3850,India,IN,IND,Kerala,Kerala,IN-KL,state,,673.0,,,3,Asia/Kolkata,FALSE,1356856142
Syohar,Syohar,,25.1363,80.3436,India,IN,IND,Madhya Pradesh,Madhya Pradesh,IN-MP,state,,228.1,,,3,Asia/Kolkata,FALSE,1356437285
Sāle Imdāpur,Sale Imdapur,,17.2196,77.7399,India,IN,IND,Telangāna,Telangana,IN-TG,state,,209.4,,,3,Asia/Kolkata,FALSE,1356085466
Rehira,Rehira,,29.9899,79.2549,India,IN,IND,Uttarākhand,Uttarakhand,IN-UT,state,,121.9,,,4,Asia/Kolkata,FALSE,1356850753
Bhagdara,Bhagdara,,20.7326,75.7681,India,IN,IND,Mahārāshtra,Maharashtra,IN-MH,state,,299.5,,,3,Asia/Kolkata,FALSE,1356645527
Shivriha,Shivriha,,25.8072,82.2044,India,IN,IND,Uttar Pradesh,Uttar Pradesh,IN-UP,state,,969.1,,,3,Asia/Kolkata,FALSE,1356086604
Isakuppam,Isakuppam,,12.3303,79.0384,India,IN,IND,Tamil Nādu,Tamil Nadu,IN-TN,state,,692.7,,,3,Asia/Kolkata,FALSE,1356843971
Gend Purwa,Gend Purwa,,26.8995,81.9515,India,IN,IND,Uttar Pradesh,Uttar Pradesh,IN-UP,state,,845.8,,,3,Asia/Kolkata,FALSE,1356162218
Gend Purwa,Gend Purwa,,27.7336,81.8927,India,IN,IND,Uttar Pradesh,Uttar Pradesh,IN-UP,state,,624.3,,,3,Asia/Kolkata,TRUE,1356101975
Salligadde,Salligadde,,14.6861,74.6279,India,IN,IND,Karnātaka,Karnataka,IN-KA,state,,155.2,,,4,Asia/Kolkata,FALSE,1356099349
Kallukudi,Kallukudi,,10.8132,79.4361,India,IN,IND,Tamil Nādu,Tamil Nadu,IN-TN,state,,373.4,,,3,Asia/Kolkata,FALSE,1356174748
Diluān,Diluan,,32.4437,75.5693,India,IN,IND,Jammu and Kashmīr,Jammu and Kashmir,IN-JK,state,,473.8,,,3,Asia/Kolkata,FALSE,1356078100
Kittampatti,Kittampatti,,12.2877,78.5874,India,IN,IND,Tamil Nādu,Tamil Nadu,IN-TN,state,,489.2,,,3,Asia/Kolkata,FALSE,1356321115
Kittampatti,Kittampatti,,11.7053,77.6852,India,IN,IND,Tamil Nādu,Tamil Nadu,IN-TN,state,,325.6,,,3,Asia/Kolkata,TRUE,1356163362
Pura Bān,Pura Ban,,26.7087,78.1968,India,IN,IND,Madhya Pradesh,Madhya Pradesh,IN-MP,state,,547.4,,,3,Asia/Kolkata,FALSE,1356668474
Musrugūda,Musruguda,,18.9819,81.8829,India,IN,IND,Chhattīsgarh,Chhattisgarh,IN-CT,state,,234.3,,,3,Asia/Kolkata,FALSE,1356052747
Uma,Uma,,25.9932,86.6986,India,IN,IND,Bihār,Bihar,IN-BR,state,,1162.5,,,3,Asia/Kolkata,FALSE,1356047673
Inglis,Inglis,,24.5953,87.9995,India,IN,IND,West Bengal,West Bengal,IN-WB,state,,1524.2,,,3,Asia/Kolkata,FALSE,1356037032
Kummargūdem,Kummargudem,,17.9478,79.3533,India,IN,IND,Telangāna,Telangana,IN-TG,state,,304.2,,,3,Asia/Kolkata,FALSE,1356083034
Dewarīmulla,Dewarimulla,,23.5603,76.2881,India,IN,IND,Madhya Pradesh,Madhya Pradesh,IN-MP,state,,271.4,,,3,Asia/Kolkata,FALSE,1356157705
Devireddipalle,Devireddipalle,,13.3073,78.6875,India,IN,IND,Andhra Pradesh,Andhra Pradesh,IN-AP,state,,324.7,,,3,Asia/Kolkata,FALSE,1356936726
Devireddipalle,Devireddipalle,,13.9640,78.1714,India,IN,IND,Andhra Pradesh,Andhra Pradesh,IN-AP,state,,252.1,,,3,Asia/Kolkata,TRUE,1356261562
Devireddipalle,Devireddipalle,,15.6054,79.4002,India,IN,IND,Andhra Pradesh,Andhra Pradesh,IN-AP,state,,114.1,,,4,Asia/Kolkata,TRUE,1356068847
Rigriga,Rigriga,,22.5326,81.9937,India,IN,IND,Chhattīsgarh,Chhattisgarh,IN-CT,state,,220.3,,,3,Asia/Kolkata,FALSE,1356623600
Bhaunria,Bhaunria,,25.0301,82.1411,India,IN,IND,Uttar Pradesh,Uttar Pradesh,IN-UP,state,,518.5,,,3,Asia/Kolkata,FALSE,1356996986
Bājkāta,Bajkata,,21.1232,82.5042,India,IN,IND,Chhattīsgarh,Chhattisgarh,IN-CT,state,,232.8,,,3,Asia/Kolkata,FALSE,1356158177
Bājkāta,Bajkata,,20.9895,82.5378,India,IN,IND,Chhattīsgarh,Chhattisgarh,IN-CT,state,,207.3,,,3,Asia/Kolkata,TRUE,1356347310
Mungaura,Mungaura,,25.1977,80.5516,India,IN,IND,Uttar Pradesh,Uttar Pradesh,IN-UP,state,,453.2,,,3,Asia/Kolkata,FALSE,1356654366
Raisīpatti,Raisipatti,,25.3933,82.9242,India,IN,IND,Uttar Pradesh,Uttar Pradesh,IN-UP,state,,1022.1,,,3,Asia/Kolkata,FALSE,1356101997
Hitekasa,Hitekasa,,20.6154,81.3423,India,IN,IND,Chhattīsgarh,Chhattisgarh,IN-CT,state,,332.8,,,3,Asia/Kolkata,FALSE,1356904089
Adharkhoha,Adharkhoha,,24.4159,80.0464,India,IN,IND,Madhya Pradesh,Madhya Pradesh,IN-MP,state,,230.0,,,3,Asia/Kolkata,FALSE,1356183291
Puttunandal,Puttunandal,,12.4111,79.3451,India,IN,IND,Tamil Nādu,Tamil Nadu,IN-TN,state,,475.1,,,3,Asia/Kolkata,FALSE,1356860531
Bharād,Bharad,,25.6755,86.4212,India,IN,IND,Bihār,Bihar,IN-BR,state,,1353.4,,,3,Asia/Kolkata,FALSE,1356286118
Pura Girāu Mālik,Pura Girau Malik,,26.9245,81.7736,India,IN,IND,Uttar Pradesh,Uttar Pradesh,IN-UP,state,,988.7,,,3,Asia/Kolkata,FALSE,1356774100
Ālamganj,Alamganj,,25.4395,83.6313,India,IN,IND,Uttar Pradesh,Uttar Pradesh,IN-UP,state,,1167.6,,,3,Asia/Kolkata,FALSE,1356091336
Ālāmganj,Alamganj,,25.4980,82.4740,India,IN,IND,Uttar Pradesh,Uttar Pradesh,IN-UP,state,,1142.7,,,3,Asia/Kolkata,TRUE,1356888586
Ālamganj,Alamganj,,27.6536,79.5683,India,IN,IND,Uttar Pradesh,Uttar Pradesh,IN-UP,state,,801.5,,,3,Asia/Kolkata,TRUE,1356354796
Ālamganj,Alamganj,,26.3788,81.3302,India,IN,IND,Uttar Pradesh,Uttar Pradesh,IN-UP,state,,766.0,,,3,Asia/Kolkata,TRUE,1356118782
Ālamganj,Alamganj,,25.1065,80.6481,India,IN,IND,Uttar Pradesh,Uttar Pradesh,IN-UP,state,,497.0,,,3,Asia/Kolkata,TRUE,1356694815
Matiyāni,Matiyani,,30.7147,77.5200,India,IN,IND,Himāchal Pradesh,Himachal Pradesh,IN-HP,state,,129.7,,,4,Asia/Kolkata,FALSE,1356077696
Bāngiriposi,Bangiriposi,,21.8998,85.8849,India,IN,IND,Odisha,Odisha,IN-OR,state,,332.8,,0,3,Asia/Kolkata,FALSE,1356257662
Potupāru,Potuparu,,18.5048,82.9877,India,IN,IND,Odisha,Odisha,IN-OR,state,,151.0,,,4,Asia/Kolkata,FALSE,1356214099
Potupāru,Potuparu,,18.9830,82.7465,India,IN,IND,Odisha,Odisha,IN-OR,state,,103.7,,,4,Asia/Kolkata,TRUE,1356367386
Purwa Isri Parshād,Purwa Isri Parshad,,26.7149,82.0908,India,IN,IND,Uttar Pradesh,Uttar Pradesh,IN-UP,state,,1348.9,,,3,Asia/Kolkata,FALSE,1356180521
Maikharagpur,Maikharagpur,,25.8569,83.0087,India,IN,IND,Uttar Pradesh,Uttar Pradesh,IN-UP,state,,1038.2,,,3,Asia/Kolkata,FALSE,1356106634
Karkidamkunnu,Karkidamkunnu,,11.0361,76.2998,India,IN,IND,Kerala,Kerala,IN-KL,state,,1277.8,,,3,Asia/Kolkata,FALSE,1356768885
Nagla Shahzād,Nagla Shahzad,Hazāribās,27.6788,77.2145,India,IN,IND,Rājasthān,Rajasthan,IN-RJ,state,,593.8,,,3,Asia/Kolkata,FALSE,1356253145
Khatīk Mandi,Khatik Mandi,,30.9244,74.6278,India,IN,IND,Punjab,Punjab,IN-PB,state,,477.4,,,3,Asia/Kolkata,FALSE,1356114506
Māvkhand,Mavkhand,,14.9154,74.7188,India,IN,IND,Karnātaka,Karnataka,IN-KA,state,,64.0,,,4,Asia/Kolkata,FALSE,1356696023
Kerāgām,Keragam,,19.3658,82.1731,India,IN,IND,Odisha,Odisha,IN-OR,state,,253.8,,,3,Asia/Kolkata,FALSE,1356828402
Kalwānda,Kalwanda,,31.5540,77.1711,India,IN,IND,Himāchal Pradesh,Himachal Pradesh,IN-HP,state,,146.9,,,4,Asia/Kolkata,FALSE,1356058920
Nagla Datta,Nagla Datta,,27.1738,78.2304,India,IN,IND,Uttar Pradesh,Uttar Pradesh,IN-UP,state,,1718.6,,,3,Asia/Kolkata,FALSE,1356017266
Karmād,Karmad,,19.8670,75.5403,India,IN,IND,Mahārāshtra,Maharashtra,IN-MH,state,,1533.7,,,3,Asia/Kolkata,FALSE,1356524626
Tarkeshwarnāth,Tarkeshwarnath,,25.1515,83.1688,India,IN,IND,Uttar Pradesh,Uttar Pradesh,IN-UP,state,,908.8,,,3,Asia/Kolkata,FALSE,1356833719
Shorātāda,Shoratada,,28.8853,75.1452,India,IN,IND,Rājasthān,Rajasthan,IN-RJ,state,,214.5,,,3,Asia/Kolkata,FALSE,1356214423
Lālpor,Lalpor,,34.1059,74.5466,India,IN,IND,Jammu and Kashmīr,Jammu and Kashmir,IN-JK,state,,1178.3,,,3,Asia/Kolkata,FALSE,1356287225
Lalpor,Lalpor,Lālpor|Lālpur,34.5023,74.4220,India,IN,IND,Jammu and Kashmīr,Jammu and Kashmir,IN-JK,state,,432.3,,,3,Asia/Kolkata,TRUE,1356111853
Fatehganj,Fatehganj,,22.2199,82.8253,India,IN,IND,Chhattīsgarh,Chhattisgarh,IN-CT,state,,305.1,,,3,Asia/Kolkata,FALSE,1356624704
Fatehganj,Fatehganj,,21.0874,80.5879,India,IN,IND,Chhattīsgarh,Chhattisgarh,IN-CT,state,,212.4,,,3,Asia/Kolkata,TRUE,1356085729
Jhāntkisāi,Jhantkisai,,21.7300,85.9722,India,IN,IND,Odisha,Odisha,IN-OR,state,,202.5,,,3,Asia/Kolkata,FALSE,1356242839
Narna Haiguli Deven,Narna Haiguli Deven,,13.7306,74.7214,India,IN,IND,Karnātaka,Karnataka,IN-KA,state,,291.0,,,3,Asia/Kolkata,FALSE,1356452065
Partāpīpur,Partapipur,,26.3956,83.2541,India,IN,IND,Uttar Pradesh,Uttar Pradesh,IN-UP,state,,1162.8,,,3,Asia/Kolkata,FALSE,1356136856
Partāpipur,Partapipur,,26.2323,83.1488,India,IN,IND,Uttar Pradesh,Uttar Pradesh,IN-UP,state,,1070.8,,,3,Asia/Kolkata,TRUE,1356433854
Partāpipur,Partapipur,,26.7735,82.5166,India,IN,IND,Uttar Pradesh,Uttar Pradesh,IN-UP,state,,854.7,,,3,Asia/Kolkata,TRUE,1356745304
Thanata,Thanata,,30.7186,77.9452,India,IN,IND,Uttarākhand,Uttarakhand,IN-UT,state,,125.5,,,4,Asia/Kolkata,FALSE,1356338874
Pursala,Pursala,,24.1936,87.7063,India,IN,IND,West Bengal,West Bengal,IN-WB,state,,757.8,,,3,Asia/Kolkata,FALSE,1356793153
Pura Dhobāha Musalmān,Pura Dhobaha Musalman,,27.4743,81.5394,India,IN,IND,Uttar Pradesh,Uttar Pradesh,IN-UP,state,,899.7,,,3,Asia/Kolkata,FALSE,1356439676
Tola Dil Sangār Dās,Tola Dil Sangar Das,,26.9670,83.4068,India,IN,IND,Uttar Pradesh,Uttar Pradesh,IN-UP,state,,2197.3,,,2,Asia/Kolkata,FALSE,1356110099
Ghāsaura,Ghasaura,,27.6669,77.8214,India,IN,IND,Uttar Pradesh,Uttar Pradesh,IN-UP,state,,807.6,,,3,Asia/Kolkata,FALSE,1356239243
Phūta Nagla,Phuta Nagla,,26.8250,77.7004,India,IN,IND,Rājasthān,Rajasthan,IN-RJ,state,,276.8,,,3,Asia/Kolkata,FALSE,1356468220
Semra Kurbhahār,Semra Kurbhahar,,24.4752,80.8478,India,IN,IND,Madhya Pradesh,Madhya Pradesh,IN-MP,state,,281.9,,,3,Asia/Kolkata,FALSE,1356536564
Hanmantpet,Hanmantpet,,18.5820,79.4105,India,IN,IND,Telangāna,Telangana,IN-TG,state,,463.1,,,3,Asia/Kolkata,FALSE,1356134902
Yogmāthāng,Yogmathang,,34.6583,76.3431,India,IN,IND,Jammu and Kashmīr,Jammu and Kashmir,IN-JK,state,,5.0,,,5,Asia/Kolkata,FALSE,1356109133
Kodaila,Kodaila,,27.0884,83.6095,India,IN,IND,Uttar Pradesh,Uttar Pradesh,IN-UP,state,,1187.7,,,3,Asia/Kolkata,FALSE,1356142546
Kodaila,Kodaila,,25.4486,82.5483,India,IN,IND,Uttar Pradesh,Uttar Pradesh,IN-UP,state,,1142.7,,,3,Asia/Kolkata,TRUE,1356042176
Bamhauri Kalān,Bamhauri Kalan,,25.9964,79.5704,India,IN,IND,Uttar Pradesh,Uttar Pradesh,IN-UP,state,,335.6,,,3,Asia/Kolkata,FALSE,1356059538
Bamhauri Kalān,Bamhauri Kalan,,25.4408,79.8649,India,IN,IND,Uttar Pradesh,Uttar Pradesh,IN-UP,state,,238.0,,,3,Asia/Kolkata,TRUE,1356433821
Bhagu Nagla,Bhagu Nagla,,27.3959,79.6231,India,IN,IND,Uttar Pradesh,Uttar Pradesh,IN-UP,state,,1056.9,,,3,Asia/Kolkata,FALSE,1356806448
Pānde,Pande,,26.7303,84.0294,India,IN,IND,Uttar Pradesh,Uttar Pradesh,IN-UP,state,,1587.5,,,3,Asia/Kolkata,FALSE,1356123965
Pānde,Pande,,26.6619,84.2974,India,IN,IND,Uttar Pradesh,Uttar Pradesh,IN-UP,state,,1535.4,,,3,Asia/Kolkata,TRUE,1356783761
Pānde,Pande,,26.2657,84.0130,India,IN,IND,Uttar Pradesh,Uttar Pradesh,IN-UP,state,,1384.1,,,3,Asia/Kolkata,TRUE,1356007204
Pānde,Pande,,26.3750,84.1016,India,IN,IND,Uttar Pradesh,Uttar Pradesh,IN-UP,state,,1384.1,,,3,Asia/Kolkata,TRUE,1356401052
Pānde,Pande,,27.1155,81.6418,India,IN,IND,Uttar Pradesh,Uttar Pradesh,IN-UP,state,,1011.3,,,3,Asia/Kolkata,TRUE,1356914897
Pānde,Pande,,27.0760,81.7373,India,IN,IND,Uttar Pradesh,Uttar Pradesh,IN-UP,state,,1011.3,,,3,Asia/Kolkata,TRUE,1356060682
Pānde,Pande,,24.9395,82.3552,India,IN,IND,Uttar Pradesh,Uttar Pradesh,IN-UP,state,,349.9,,,3,Asia/Kolkata,TRUE,1356873570
Hadha,Hadha,,27.1940,82.8752,India,IN,IND,Uttar Pradesh,Uttar Pradesh,IN-UP,state,,1196.8,,,3,Asia/Kolkata,FALSE,1356707473
Velugundlapalli,Velugundlapalli,,13.3254,79.2118,India,IN,IND,Andhra Pradesh,Andhra Pradesh,IN-AP,state,,326.7,,,3,Asia/Kolkata,FALSE,1356640463
Pura Chhabi Lāl,Pura Chhabi Lal,,27.3522,81.8943,India,IN,IND,Uttar Pradesh,Uttar Pradesh,IN-UP,state,,1223.7,,,3,Asia/Kolkata,FALSE,1356739171
Kotakhandrika,Kotakhandrika,,13.5032,79.7162,India,IN,IND,Andhra Pradesh,Andhra Pradesh,IN-AP,state,,94.4,,,4,Asia/Kolkata,FALSE,1356030044
Malahar,Malahar,,24.9500,83.8010,India,IN,IND,Bihār,Bihar,IN-BR,state,,503.6,,,3,Asia/Kolkata,FALSE,1356498187
Ubhāri,Ubhari,,25.3127,81.8500,India,IN,IND,Uttar Pradesh,Uttar Pradesh,IN-UP,state,,1205.4,,,3,Asia/Kolkata,FALSE,1356703061
Jamnāgārhī,Jamnagarhi,,29.0147,80.0335,India,IN,IND,Uttarākhand,Uttarakhand,IN-UT,state,,381.8,,,3,Asia/Kolkata,FALSE,1356432850
Dhorāla,Dhorala,,26.4229,76.3239,India,IN,IND,Rājasthān,Rajasthan,IN-RJ,state,,234.2,,,3,Asia/Kolkata,FALSE,1356713656
Subbalāpuram,Subbalapuram,,9.3046,78.1243,India,IN,IND,Tamil Nādu,Tamil Nadu,IN-TN,state,,164.6,,,4,Asia/Kolkata,FALSE,1356222537
Kasimkheri,Kasimkheri,,23.2156,76.4717,India,IN,IND,Madhya Pradesh,Madhya Pradesh,IN-MP,state,,414.8,,,3,Asia/Kolkata,FALSE,1356157741
Chhatāpur,Chhatapur,,26.2765,81.8284,India,IN,IND,Uttar Pradesh,Uttar Pradesh,IN-UP,state,,1256.2,,,3,Asia/Kolkata,FALSE,1356232338
Kopargaon,Kopargaon,,19.6578,74.3675,India,IN,IND,Mahārāshtra,Maharashtra,IN-MH,state,,497.8,,,3,Asia/Kolkata,FALSE,1356668842
Shri,Shri,,30.7157,77.6879,India,IN,IND,Himāchal Pradesh,Himachal Pradesh,IN-HP,state,,316.7,,,3,Asia/Kolkata,FALSE,1356269595
Pura Patti,Pura Patti,,26.5131,81.6217,India,IN,IND,Uttar Pradesh,Uttar Pradesh,IN-UP,state,,1047.1,,,3,Asia/Kolkata,FALSE,1356609218
Mithna,Mithna,,26.5441,83.0217,India,IN,IND,Uttar Pradesh,Uttar Pradesh,IN-UP,state,,979.8,,,3,Asia/Kolkata,FALSE,1356642458
Mangronnāth,Mangronnath,,29.6957,78.9944,India,IN,IND,Uttarākhand,Uttarakhand,IN-UT,state,,60.7,,,4,Asia/Kolkata,FALSE,1356772552
Sunhi,Sunhi,,26.9576,81.1887,India,IN,IND,Uttar Pradesh,Uttar Pradesh,IN-UP,state,,1300.3,,,3,Asia/Kolkata,FALSE,1356751789
Limthān,Limthan,,23.4540,74.4193,India,IN,IND,Rājasthān,Rajasthan,IN-RJ,state,,718.0,,,3,Asia/Kolkata,FALSE,1356463957
Malābād,Malabad,,17.2333,76.4333,India,IN,IND,Karnātaka,Karnataka,IN-KA,state,,184.7,,,3,Asia/Kolkata,FALSE,1356899940
Sui Khera,Sui Khera,,26.4828,80.7672,India,IN,IND,Uttar Pradesh,Uttar Pradesh,IN-UP,state,,704.6,,,3,Asia/Kolkata,FALSE,1356367802
Reganiātānr,Reganiatanr,,24.6812,85.3818,India,IN,IND,Bihār,Bihar,IN-BR,state,,572.9,,,3,Asia/Kolkata,FALSE,1356698382
Rati,Rati,,28.0066,79.8024,India,IN,IND,Uttar Pradesh,Uttar Pradesh,IN-UP,state,,794.0,,,3,Asia/Kolkata,FALSE,1356434989
Veeyūr,Veeyur,,11.4722,75.6970,India,IN,IND,Kerala,Kerala,IN-KL,state,,1028.9,,,3,Asia/Kolkata,FALSE,1356768554
Pājāwa,Pajawa,,30.0300,74.5778,India,IN,IND,Punjab,Punjab,IN-PB,state,,410.3,,,3,Asia/Kolkata,FALSE,1356980590
Leoriātolī,Leoriatoli,,24.1418,84.7478,India,IN,IND,Jhārkhand,Jharkhand,IN-JH,state,,239.8,,,3,Asia/Kolkata,FALSE,1356050491
Tārādohar,Taradohar,,24.2226,84.6359,India,IN,IND,Jhārkhand,Jharkhand,IN-JH,state,,335.2,,,3,Asia/Kolkata,FALSE,1356366707
Majinadka,Majinadka,,13.0435,75.1840,India,IN,IND,Karnātaka,Karnataka,IN-KA,state,,221.8,,,3,Asia/Kolkata,FALSE,1356021597
Kallūrma,Kallurma,,10.7180,76.0197,India,IN,IND,Kerala,Kerala,IN-KL,state,,2017.7,,,2,Asia/Kolkata,FALSE,1356403516
Amkātal,Amkatal,,29.9864,78.3358,India,IN,IND,Uttarākhand,Uttarakhand,IN-UT,state,,92.2,,,4,Asia/Kolkata,FALSE,1356999050
Āmba Mhauri,Amba Mhauri,,24.3530,73.0256,India,IN,IND,Gujarāt,Gujarat,IN-GJ,state,,303.0,,,3,Asia/Kolkata,FALSE,1356025018
Ghurkata,Ghurkata,,26.9604,83.0886,India,IN,IND,Uttar Pradesh,Uttar Pradesh,IN-UP,state,,1445.2,,,3,Asia/Kolkata,FALSE,1356099905
Bhansuri,Bhansuri,,25.3769,81.2131,India,IN,IND,Uttar Pradesh,Uttar Pradesh,IN-UP,state,,1037.8,,,3,Asia/Kolkata,FALSE,1356557750
Khānapur,Khanapur,,33.9694,74.5588,India,IN,IND,Jammu and Kashmīr,Jammu and Kashmir,IN-JK,state,,3024.2,,,2,Asia/Kolkata,FALSE,1356669325
Khānapur,Khanapur,,33.8249,74.7821,India,IN,IND,Jammu and Kashmīr,Jammu and Kashmir,IN-JK,state,,957.1,,,3,Asia/Kolkata,TRUE,1356011106
Khānapur,Khanapur,,34.0157,74.7338,India,IN,IND,Jammu and Kashmīr,Jammu and Kashmir,IN-JK,state,,910.0,,,3,Asia/Kolkata,TRUE,1356146657
Khānapur,Khanapur,,34.2042,74.6799,India,IN,IND,Jammu and Kashmīr,Jammu and Kashmir,IN-JK,state,,747.9,,,3,Asia/Kolkata,TRUE,1356405249
Sattigudda,Sattigudda,,13.5408,75.3204,India,IN,IND,Karnātaka,Karnataka,IN-KA,state,,154.6,,,4,Asia/Kolkata,FALSE,1356066898
Degān Dhāni,Degan Dhani,,28.2730,74.4914,India,IN,IND,Rājasthān,Rajasthan,IN-RJ,state,,105.0,,,4,Asia/Kolkata,FALSE,1356399908
Nāhgīda,Nahgida,,20.0967,80.7564,India,IN,IND,Chhattīsgarh,Chhattisgarh,IN-CT,state,,103.1,,,4,Asia/Kolkata,FALSE,1356260715
Shake,Shake,,7.8833,93.3500,India,IN,IND,Andaman and Nicobar Islands,Andaman and Nicobar Islands,IN-AN,union territory,,19.0,,,4,Asia/Kolkata,FALSE,1356378493
Tiruvadi,Tiruvadi,,11.7372,79.6836,India,IN,IND,Tamil Nādu,Tamil Nadu,IN-TN,state,,764.6,,,3,Asia/Kolkata,TRUE,1356203832
Tiruvādi,Tiruvadi,,9.4545,78.6575,India,IN,IND,Tamil Nādu,Tamil Nadu,IN-TN,state,,379.8,,,3,Asia/Kolkata,TRUE,1356231749
Nangor,Nangor,,23.2930,69.7240,India,IN,IND,Gujarāt,Gujarat,IN-GJ,state,,22.1,,,3,Asia/Kolkata,FALSE,1356252598
Faijpur,Faijpur,,25.9059,83.1834,India,IN,IND,Uttar Pradesh,Uttar Pradesh,IN-UP,state,,1820.5,,,3,Asia/Kolkata,FALSE,1356784678
Haon,Haon,,31.4519,77.2861,India,IN,IND,Himāchal Pradesh,Himachal Pradesh,IN-HP,state,,192.3,,,4,Asia/Kolkata,FALSE,1356916066
Shyambira,Shyambira,,20.2386,84.2737,India,IN,IND,Odisha,Odisha,IN-OR,state,,161.1,,,4,Asia/Kolkata,FALSE,1356230570
Narvāda Khurd,Narvada Khurd,,21.2761,75.3533,India,IN,IND,Mahārāshtra,Maharashtra,IN-MH,state,,346.4,,,3,Asia/Kolkata,FALSE,1356764417
Jaijairām Khera,Jaijairam Khera,,26.4923,81.1470,India,IN,IND,Uttar Pradesh,Uttar Pradesh,IN-UP,state,,766.0,,,3,Asia/Kolkata,FALSE,1356579174
Harnaha,Harnaha,,26.8571,83.7259,India,IN,IND,Uttar Pradesh,Uttar Pradesh,IN-UP,state,,1443.5,,,3,Asia/Kolkata,FALSE,1356051088
Morban,Morban,,32.3522,76.0210,India,IN,IND,Himāchal Pradesh,Himachal Pradesh,IN-HP,state,,291.7,,,3,Asia/Kolkata,FALSE,1356400889
Dadwāri,Dadwari,,31.7081,77.2370,India,IN,IND,Himāchal Pradesh,Himachal Pradesh,IN-HP,state,,129.3,,,4,Asia/Kolkata,FALSE,1356757332
Memanākonam,Memanakonam,,8.8275,76.7543,India,IN,IND,Kerala,Kerala,IN-KL,state,,2827.0,,,2,Asia/Kolkata,FALSE,1356162005
Saepur,Saepur,,22.5918,84.4732,India,IN,IND,Jhārkhand,Jharkhand,IN-JH,state,,280.8,,,3,Asia/Kolkata,FALSE,1356229225
Adanappatti,Adanappatti,,10.5814,78.6970,India,IN,IND,Tamil Nādu,Tamil Nadu,IN-TN,state,,362.7,,,3,Asia/Kolkata,FALSE,1356212096
Munimangala,Munimangala,,13.4637,78.0147,India,IN,IND,Karnātaka,Karnataka,IN-KA,state,,348.1,,0,3,Asia/Kolkata,FALSE,1356898692
Dhanori Khurd,Dhanori Khurd,,28.3448,77.6105,India,IN,IND,Uttar Pradesh,Uttar Pradesh,IN-UP,state,,787.0,,,3,Asia/Kolkata,FALSE,1356504229
Hathiānwan,Hathianwan,,24.6966,84.6813,India,IN,IND,Bihār,Bihar,IN-BR,state,,960.1,,0,3,Asia/Kolkata,FALSE,1356807763
Nagla Dīpā,Nagla Dipa,,27.2778,79.1146,India,IN,IND,Uttar Pradesh,Uttar Pradesh,IN-UP,state,,825.1,,,3,Asia/Kolkata,FALSE,1356341514
Nūrullāhpur Hāfiz,Nurullahpur Hafiz,,29.4303,78.1143,India,IN,IND,Uttar Pradesh,Uttar Pradesh,IN-UP,state,,925.4,,,3,Asia/Kolkata,FALSE,1356640443
Uganpur Marauri,Uganpur Marauri,,28.2117,79.7589,India,IN,IND,Uttar Pradesh,Uttar Pradesh,IN-UP,state,,810.5,,,3,Asia/Kolkata,FALSE,1356718573
Phuteri,Phuteri,,24.8311,78.8836,India,IN,IND,Madhya Pradesh,Madhya Pradesh,IN-MP,state,,323.2,,,3,Asia/Kolkata,FALSE,1356483251
Sirakhānia,Sirakhania,,22.6047,74.8752,India,IN,IND,Madhya Pradesh,Madhya Pradesh,IN-MP,state,,261.3,,,3,Asia/Kolkata,FALSE,1356109158
Purwa Bhaluia,Purwa Bhaluia,,26.7597,82.5305,India,IN,IND,Uttar Pradesh,Uttar Pradesh,IN-UP,state,,854.7,,,3,Asia/Kolkata,FALSE,1356135343
Jālamākulapalle,Jalamakulapalle,,13.5986,78.3578,India,IN,IND,Andhra Pradesh,Andhra Pradesh,IN-AP,state,,256.7,,,3,Asia/Kolkata,FALSE,1356135640
Dagdagwa,Dagdagwa,,25.4646,83.0617,India,IN,IND,Uttar Pradesh,Uttar Pradesh,IN-UP,state,,1022.1,,,3,Asia/Kolkata,FALSE,1356098923
Mukkuttu,Mukkuttu,,11.2660,76.3393,India,IN,IND,Kerala,Kerala,IN-KL,state,,448.2,,,3,Asia/Kolkata,FALSE,1356714925
Chinnamadaiyānippatti,Chinnamadaiyanippatti,,10.1580,78.3578,India,IN,IND,Tamil Nādu,Tamil Nadu,IN-TN,state,,427.4,,,3,Asia/Kolkata,FALSE,1356215179
Bāchhīhera,Bachhihera,,24.8738,76.1683,India,IN,IND,Rājasthān,Rajasthan,IN-RJ,state,,228.1,,,3,Asia/Kolkata,FALSE,1356032171
Kāzi Dewar,Kazi Dewar,,27.0710,82.0743,India,IN,IND,Uttar Pradesh,Uttar Pradesh,IN-UP,state,,1220.3,,,3,Asia/Kolkata,FALSE,1356256535
Paraiyankulam,Paraiyankulam,,9.7326,78.4761,India,IN,IND,Tamil Nādu,Tamil Nadu,IN-TN,state,,380.2,,,3,Asia/Kolkata,TRUE,1356227257
Paraiyankulam,Paraiyankulam,,9.7939,78.2853,India,IN,IND,Tamil Nādu,Tamil Nadu,IN-TN,state,,380.2,,,3,Asia/Kolkata,TRUE,1356215990
Paraiyankulam,Paraiyankulam,,9.2565,78.4549,India,IN,IND,Tamil Nādu,Tamil Nadu,IN-TN,state,,267.6,,,3,Asia/Kolkata,TRUE,1356221326
Paraiyankulam,Paraiyankulam,,9.1773,78.5672,India,IN,IND,Tamil Nādu,Tamil Nadu,IN-TN,state,,264.9,,,3,Asia/Kolkata,TRUE,1356206596
Ennelli,Ennelli,,17.7667,78.4684,India,IN,IND,Telangāna,Telangana,IN-TG,state,,405.9,,,3,Asia/Kolkata,FALSE,1356062442
Kalingat,Kalingat,,12.3162,75.1822,India,IN,IND,Kerala,Kerala,IN-KL,state,,652.7,,,3,Asia/Kolkata,FALSE,1356144364
Zuastān,Zuastan,,34.0741,75.0754,India,IN,IND,Jammu and Kashmīr,Jammu and Kashmir,IN-JK,state,,3287.1,,,2,Asia/Kolkata,FALSE,1356935815
Kanchumāranahallikoppal,Kanchumaranahallikoppal,,13.0616,76.1006,India,IN,IND,Karnātaka,Karnataka,IN-KA,state,,423.4,,,3,Asia/Kolkata,FALSE,1356808413
Shukra,Shukra,,32.7504,76.0878,India,IN,IND,Himāchal Pradesh,Himachal Pradesh,IN-HP,state,,86.2,,,4,Asia/Kolkata,FALSE,1356554698
Imlipāra,Imlipara,,22.9121,74.5758,India,IN,IND,Madhya Pradesh,Madhya Pradesh,IN-MP,state,,415.1,,,3,Asia/Kolkata,FALSE,1356165918
Imlipāra,Imlipara,,22.7202,74.5811,India,IN,IND,Madhya Pradesh,Madhya Pradesh,IN-MP,state,,308.2,,,3,Asia/Kolkata,TRUE,1356973487
Newarhia Bāzār,Newarhia Bazar,,25.5170,82.6826,India,IN,IND,Uttar Pradesh,Uttar Pradesh,IN-UP,state,,1142.7,,,3,Asia/Kolkata,FALSE,1356753454
Sote Abbur,Sote Abbur,,12.6159,75.9865,India,IN,IND,Karnātaka,Karnataka,IN-KA,state,,310.5,,,3,Asia/Kolkata,FALSE,1356063493
Bhīlvatti,Bhilvatti,,23.8576,73.6906,India,IN,IND,Rājasthān,Rajasthan,IN-RJ,state,,309.5,,,3,Asia/Kolkata,FALSE,1356000230
Muttuvāncheri,Muttuvancheri,,11.0194,79.2727,India,IN,IND,Tamil Nādu,Tamil Nadu,IN-TN,state,,403.0,,,3,Asia/Kolkata,FALSE,1356171717
Nāriayāmpattu,Nariayampattu,,12.1087,79.0649,India,IN,IND,Tamil Nādu,Tamil Nadu,IN-TN,state,,692.7,,,3,Asia/Kolkata,FALSE,1356022876
Painā Kalān,Paina Kalan,,25.8076,80.7608,India,IN,IND,Uttar Pradesh,Uttar Pradesh,IN-UP,state,,789.1,,,3,Asia/Kolkata,FALSE,1356308737
Khandera,Khandera,,28.5294,77.6270,India,IN,IND,Uttar Pradesh,Uttar Pradesh,IN-UP,state,,3402.4,,,2,Asia/Kolkata,FALSE,1356224964
Khandera,Khandera,,25.0672,82.0493,India,IN,IND,Uttar Pradesh,Uttar Pradesh,IN-UP,state,,848.6,,,3,Asia/Kolkata,TRUE,1356708274
Khandera,Khandera,,27.9020,80.1254,India,IN,IND,Uttar Pradesh,Uttar Pradesh,IN-UP,state,,789.0,,,3,Asia/Kolkata,TRUE,1356018856
Khandera,Khandera,,27.3985,77.8103,India,IN,IND,Uttar Pradesh,Uttar Pradesh,IN-UP,state,,540.9,,,3,Asia/Kolkata,TRUE,1356298259
Mushaharnia,Mushaharnia,,25.7327,86.5451,India,IN,IND,Bihār,Bihar,IN-BR,state,,2073.4,,,2,Asia/Kolkata,FALSE,1356489036
Chaukītolā,Chaukitola,,21.3383,80.1294,India,IN,IND,Mahārāshtra,Maharashtra,IN-MH,state,,316.4,,,3,Asia/Kolkata,FALSE,1356958820
Pāli Begpur,Pali Begpur,,28.4870,77.9287,India,IN,IND,Uttar Pradesh,Uttar Pradesh,IN-UP,state,,1612.3,,,3,Asia/Kolkata,FALSE,1356110346
Jartauli,Jartauli,,27.9984,77.6574,India,IN,IND,Uttar Pradesh,Uttar Pradesh,IN-UP,state,,770.0,,,3,Asia/Kolkata,FALSE,1356000930
Giyānpura,Giyanpura,,29.3506,76.0248,India,IN,IND,Haryāna,Haryana,IN-HR,state,,529.9,,,3,Asia/Kolkata,FALSE,1356479772
Shīva Ahir,Shiva Ahir,,27.4776,81.5181,India,IN,IND,Uttar Pradesh,Uttar Pradesh,IN-UP,state,,824.4,,,3,Asia/Kolkata,FALSE,1356899481
Ūmra,Umra,,18.9456,78.1071,India,IN,IND,Telangāna,Telangana,IN-TG,state,,169.4,,,4,Asia/Kolkata,FALSE,1356507831
Jokhri,Jokhri,,30.9506,77.1279,India,IN,IND,Himāchal Pradesh,Himachal Pradesh,IN-HP,state,,203.7,,0,3,Asia/Kolkata,FALSE,1356793728
Tagria,Tagria,,25.1923,74.4808,India,IN,IND,Rājasthān,Rajasthan,IN-RJ,state,,208.7,,,3,Asia/Kolkata,FALSE,1356032042
Miān Tarauni,Mian Tarauni,,25.7017,87.2027,India,IN,IND,Bihār,Bihar,IN-BR,state,,922.9,,,3,Asia/Kolkata,FALSE,1356783045
Nāgelao,Nagelao,Nāgelāv,26.2932,74.4008,India,IN,IND,Rājasthān,Rajasthan,IN-RJ,state,,213.1,,,3,Asia/Kolkata,FALSE,1356881283
Jāmaga,Jamaga,,17.5374,76.4847,India,IN,IND,Karnātaka,Karnataka,IN-KA,state,,205.3,,,3,Asia/Kolkata,FALSE,1356118692
Dingāhr,Dingahr,,31.8123,76.9865,India,IN,IND,Himāchal Pradesh,Himachal Pradesh,IN-HP,state,,624.3,,,3,Asia/Kolkata,FALSE,1356219839
Chānpākheri,Chanpakheri,,25.0296,74.1751,India,IN,IND,Rājasthān,Rajasthan,IN-RJ,state,,589.6,,,3,Asia/Kolkata,FALSE,1356104602
Purwa Rām Harakh,Purwa Ram Harakh,,27.1704,82.0891,India,IN,IND,Uttar Pradesh,Uttar Pradesh,IN-UP,state,,1220.3,,,3,Asia/Kolkata,FALSE,1356777997
Khandiāsu,Khandiasu,,32.6522,76.1359,India,IN,IND,Himāchal Pradesh,Himachal Pradesh,IN-HP,state,,200.2,,,3,Asia/Kolkata,FALSE,1356533757
Sukarābād,Sukarabad,,24.3379,87.9480,India,IN,IND,West Bengal,West Bengal,IN-WB,state,,953.4,,,3,Asia/Kolkata,FALSE,1356473089
Langūl,Langul,,18.3732,77.5826,India,IN,IND,Telangāna,Telangana,IN-TG,state,,370.7,,,3,Asia/Kolkata,FALSE,1356205471
Kallarpur Gūjrān,Kallarpur Gujran,,29.7852,77.4234,India,IN,IND,Uttar Pradesh,Uttar Pradesh,IN-UP,state,,819.4,,,3,Asia/Kolkata,FALSE,1356759104
Tarsīngra,Tarsingra,,25.0729,73.9227,India,IN,IND,Rājasthān,Rajasthan,IN-RJ,state,,403.3,,,3,Asia/Kolkata,FALSE,1356118814
Pottakkunduppatti,Pottakkunduppatti,,10.0206,78.4821,India,IN,IND,Tamil Nādu,Tamil Nadu,IN-TN,state,,427.4,,,3,Asia/Kolkata,FALSE,1356213038
Amlāhru,Amlahru,,31.7774,76.4246,India,IN,IND,Himāchal Pradesh,Himachal Pradesh,IN-HP,state,,376.7,,,3,Asia/Kolkata,FALSE,1356953214
Sadhan Khera,Sadhan Khera,,27.3466,80.8440,India,IN,IND,Uttar Pradesh,Uttar Pradesh,IN-UP,state,,992.5,,,3,Asia/Kolkata,FALSE,1356947450
Sadhan Khera,Sadhan Khera,,26.5801,81.1292,India,IN,IND,Uttar Pradesh,Uttar Pradesh,IN-UP,state,,859.9,,,3,Asia/Kolkata,TRUE,1356301652
Sādhan Khera,Sadhan Khera,,27.0177,80.5768,India,IN,IND,Uttar Pradesh,Uttar Pradesh,IN-UP,state,,788.0,,,3,Asia/Kolkata,TRUE,1356518027
Rājmahal,Rajmahal,Rājmahāl,25.8922,75.4658,India,IN,IND,Rājasthān,Rajasthan,IN-RJ,state,,189.9,,,4,Asia/Kolkata,FALSE,1356705838
Guriu,Guriu,,32.6506,75.7070,India,IN,IND,Jammu and Kashmīr,Jammu and Kashmir,IN-JK,state,,97.8,,,4,Asia/Kolkata,FALSE,1356335854
Abdul Wāhidganj,Abdul Wahidganj,,25.8674,81.4149,India,IN,IND,Uttar Pradesh,Uttar Pradesh,IN-UP,state,,1032.7,,,3,Asia/Kolkata,FALSE,1356876192
Srī Rāmarpālaiyam,Sri Ramarpalaiyam,,13.0305,79.9103,India,IN,IND,Tamil Nādu,Tamil Nadu,IN-TN,state,,817.3,,,3,Asia/Kolkata,FALSE,1356827334
Wazīrpur,Wazirpur,,33.7067,75.0565,India,IN,IND,Jammu and Kashmīr,Jammu and Kashmir,IN-JK,state,,238.6,,,3,Asia/Kolkata,FALSE,1356281079
Māndla,Mandla,,27.5880,76.8481,India,IN,IND,Rājasthān,Rajasthan,IN-RJ,state,,533.9,,,3,Asia/Kolkata,FALSE,1356953440
Māndla,Mandla,,25.9639,73.7194,India,IN,IND,Rājasthān,Rajasthan,IN-RJ,state,,112.0,,,4,Asia/Kolkata,TRUE,1356647431
Sīgadikoppal,Sigadikoppal,,12.8645,76.1354,India,IN,IND,Karnātaka,Karnataka,IN-KA,state,,423.4,,,3,Asia/Kolkata,FALSE,1356972648
Dansinghdih,Dansinghdih,,24.8117,86.2810,India,IN,IND,Bihār,Bihar,IN-BR,state,,665.0,,,3,Asia/Kolkata,FALSE,1356258467
Sarāi Harnārāyan,Sarai Harnarayan,,25.8023,81.8610,India,IN,IND,Uttar Pradesh,Uttar Pradesh,IN-UP,state,,1210.3,,,3,Asia/Kolkata,FALSE,1356196462
Battukattu,Battukattu,,13.7342,74.7485,India,IN,IND,Karnātaka,Karnataka,IN-KA,state,,291.0,,,3,Asia/Kolkata,FALSE,1356278661
Pūlāvadi,Pulavadi,,10.3665,77.4862,India,IN,IND,Tamil Nādu,Tamil Nadu,IN-TN,state,,174.9,,,4,Asia/Kolkata,TRUE,1356172143
Umarkhāngūda,Umarkhanguda,,17.2655,78.6728,India,IN,IND,Telangāna,Telangana,IN-TG,state,,1222.8,,,3,Asia/Kolkata,FALSE,1356701862
Dantur,Dantur,,21.3333,86.5833,India,IN,IND,Odisha,Odisha,IN-OR,state,,671.6,,,3,Asia/Kolkata,FALSE,1356314368
Adarmadār,Adarmadar,,25.5590,81.5537,India,IN,IND,Uttar Pradesh,Uttar Pradesh,IN-UP,state,,1198.8,,,3,Asia/Kolkata,FALSE,1356152563
Munalgōt,Munalgot,,33.4046,75.3138,India,IN,IND,Jammu and Kashmīr,Jammu and Kashmir,IN-JK,state,,639.5,,,3,Asia/Kolkata,FALSE,1356473781
Gopa,Gopa,,18.9807,76.8316,India,IN,IND,Mahārāshtra,Maharashtra,IN-MH,state,,317.9,,,3,Asia/Kolkata,FALSE,1356159293
Jamuria Khurd,Jamuria Khurd,,27.0219,83.1267,India,IN,IND,Uttar Pradesh,Uttar Pradesh,IN-UP,state,,1285.3,,,3,Asia/Kolkata,FALSE,1356144231
Kālth,Kalth,,30.6600,77.4309,India,IN,IND,Himāchal Pradesh,Himachal Pradesh,IN-HP,state,,129.7,,0,4,Asia/Kolkata,FALSE,1356349476
Hingne,Hingne,,20.8498,74.5660,India,IN,IND,Mahārāshtra,Maharashtra,IN-MH,state,,499.2,,,3,Asia/Kolkata,FALSE,1356928839
Hingne,Hingne,,20.1625,74.9698,India,IN,IND,Mahārāshtra,Maharashtra,IN-MH,state,,285.6,,,3,Asia/Kolkata,TRUE,1356576720
Āmti,Amti,,19.8662,77.3599,India,IN,IND,Mahārāshtra,Maharashtra,IN-MH,state,,344.2,,,3,Asia/Kolkata,FALSE,1356210487
Āmti,Amti,,21.0460,79.5131,India,IN,IND,Mahārāshtra,Maharashtra,IN-MH,state,,185.1,,,4,Asia/Kolkata,TRUE,1356451362
Āmti,Amti,,21.6141,79.0973,India,IN,IND,Mahārāshtra,Maharashtra,IN-MH,state,,176.5,,,4,Asia/Kolkata,TRUE,1356814631
Duna Khera,Duna Khera,,26.4736,81.1842,India,IN,IND,Uttar Pradesh,Uttar Pradesh,IN-UP,state,,766.0,,,3,Asia/Kolkata,FALSE,1356683699
Rohania,Rohania,,25.2891,82.9283,India,IN,IND,Uttar Pradesh,Uttar Pradesh,IN-UP,state,,4464.8,,,2,Asia/Kolkata,FALSE,1356944120
Rohania,Rohania,,28.7836,79.4213,India,IN,IND,Uttar Pradesh,Uttar Pradesh,IN-UP,state,,986.9,,,3,Asia/Kolkata,TRUE,1356072696
Sarheon,Sarheon,,31.0702,77.1697,India,IN,IND,Himāchal Pradesh,Himachal Pradesh,IN-HP,state,,211.7,,,3,Asia/Kolkata,FALSE,1356030139
Gudisibandlapalle,Gudisibandlapalle,,13.3418,78.6138,India,IN,IND,Andhra Pradesh,Andhra Pradesh,IN-AP,state,,422.0,,,3,Asia/Kolkata,FALSE,1356224709
Roshanpura,Roshanpura,,28.4159,75.6992,India,IN,IND,Rājasthān,Rajasthan,IN-RJ,state,,531.1,,,3,Asia/Kolkata,FALSE,1356530353
Hathādāndu,Hathadandu,,21.8588,81.6413,India,IN,IND,Chhattīsgarh,Chhattisgarh,IN-CT,state,,349.6,,,3,Asia/Kolkata,FALSE,1356974362
Tapri,Tapri,,29.5961,77.2178,India,IN,IND,Uttar Pradesh,Uttar Pradesh,IN-UP,state,,1091.8,,,3,Asia/Kolkata,FALSE,1356833880
Tapri,Tapri,,27.1993,81.6808,India,IN,IND,Uttar Pradesh,Uttar Pradesh,IN-UP,state,,1011.3,,,3,Asia/Kolkata,TRUE,1356415033
Tapri,Tapri,,27.7840,81.3540,India,IN,IND,Uttar Pradesh,Uttar Pradesh,IN-UP,state,,683.0,,,3,Asia/Kolkata,TRUE,1356924401
Tapri,Tapri,,27.6284,79.0216,India,IN,IND,Uttar Pradesh,Uttar Pradesh,IN-UP,state,,674.6,,,3,Asia/Kolkata,TRUE,1356436116
Dhamlāwās,Dhamlawas,,28.1851,76.5366,India,IN,IND,Haryāna,Haryana,IN-HR,state,,721.3,,,3,Asia/Kolkata,FALSE,1356102518
Karuppāyivalasu,Karuppayivalasu,,10.6249,77.5130,India,IN,IND,Tamil Nādu,Tamil Nadu,IN-TN,state,,416.5,,,3,Asia/Kolkata,FALSE,1356227714
Rājarhalli,Rajarhalli,,13.0578,77.6242,India,IN,IND,Karnātaka,Karnataka,IN-KA,state,,458.5,,,3,Asia/Kolkata,FALSE,1356806445
Narainpur,Narainpur,,25.1000,92.8333,India,IN,IND,Assam,Assam,IN-AS,state,,64.4,,,4,Asia/Kolkata,FALSE,1356299484
Pura Pachhān,Pura Pachhan,,26.9510,78.1892,India,IN,IND,Uttar Pradesh,Uttar Pradesh,IN-UP,state,,867.5,,,3,Asia/Kolkata,FALSE,1356469051
Huddātola,Huddatola,,22.7812,81.5158,India,IN,IND,Madhya Pradesh,Madhya Pradesh,IN-MP,state,,122.0,,,4,Asia/Kolkata,FALSE,1356593588
Bembīrpūr,Bembirpur,,28.1046,78.3101,India,IN,IND,Uttar Pradesh,Uttar Pradesh,IN-UP,state,,929.3,,,3,Asia/Kolkata,FALSE,1356021889
Pure Kharagrāi,Pure Kharagrai,,25.8130,81.9297,India,IN,IND,Uttar Pradesh,Uttar Pradesh,IN-UP,state,,1210.3,,,3,Asia/Kolkata,FALSE,1356556964
Chorur,Chorur,,11.8231,76.0591,India,IN,IND,Kerala,Kerala,IN-KL,state,,336.3,,,3,Asia/Kolkata,FALSE,1356391602
Umarjhari,Umarjhari,,21.1904,79.9346,India,IN,IND,Mahārāshtra,Maharashtra,IN-MH,state,,276.6,,,3,Asia/Kolkata,FALSE,1356113896
Lūnwāli,Lunwali,,33.9571,74.2832,India,IN,IND,Jammu and Kashmīr,Jammu and Kashmir,IN-JK,state,,444.4,,,3,Asia/Kolkata,FALSE,1356634355
Ambiāpuor,Ambiapuor,,28.1741,79.2022,India,IN,IND,Uttar Pradesh,Uttar Pradesh,IN-UP,state,,1004.8,,,3,Asia/Kolkata,FALSE,1356335522
Dālim,Dalim,,31.7607,74.7782,India,IN,IND,Punjab,Punjab,IN-PB,state,,426.9,,,3,Asia/Kolkata,FALSE,1356653077
Bhitia Khurd,Bhitia Khurd,,26.9411,82.8880,India,IN,IND,Uttar Pradesh,Uttar Pradesh,IN-UP,state,,1445.2,,,3,Asia/Kolkata,FALSE,1356225013
Bhitia Khurd,Bhitia Khurd,,26.9956,83.0815,India,IN,IND,Uttar Pradesh,Uttar Pradesh,IN-UP,state,,1285.3,,,3,Asia/Kolkata,TRUE,1356909542
Bhitia Khurd,Bhitia Khurd,,26.8572,82.7235,India,IN,IND,Uttar Pradesh,Uttar Pradesh,IN-UP,state,,1230.5,,,3,Asia/Kolkata,TRUE,1356336736
Diyoli,Diyoli,,25.1943,80.5683,India,IN,IND,Uttar Pradesh,Uttar Pradesh,IN-UP,state,,453.2,,,3,Asia/Kolkata,FALSE,1356054283
Āludā,Aluda,,26.8099,76.3868,India,IN,IND,Rājasthān,Rajasthan,IN-RJ,state,,571.4,,,3,Asia/Kolkata,FALSE,1356937940
Aluda,Aluda,,26.3204,76.2765,India,IN,IND,Rājasthān,Rajasthan,IN-RJ,state,,234.2,,,3,Asia/Kolkata,TRUE,1356981939
Bhatpura,Bhatpura,,28.2803,77.3661,India,IN,IND,Haryāna,Haryana,IN-HR,state,,778.8,,,3,Asia/Kolkata,FALSE,1356069453
Bhatpura,Bhatpura,,32.0185,76.5270,India,IN,IND,Himāchal Pradesh,Himachal Pradesh,IN-HP,state,,388.5,,,3,Asia/Kolkata,FALSE,1356154924
Awrāj Sāni,Awraj Sani,,22.7717,76.4721,India,IN,IND,Madhya Pradesh,Madhya Pradesh,IN-MP,state,,130.1,,,4,Asia/Kolkata,FALSE,1356083980
Pajāwar,Pajawar,,28.7584,79.2263,India,IN,IND,Uttar Pradesh,Uttar Pradesh,IN-UP,state,,871.9,,,3,Asia/Kolkata,FALSE,1356927878
Hārpur,Harpur,,33.8665,74.8560,India,IN,IND,Jammu and Kashmīr,Jammu and Kashmir,IN-JK,state,,1002.9,,,3,Asia/Kolkata,FALSE,1356767562
Dudaūn,Dudaun,,27.7952,79.9577,India,IN,IND,Uttar Pradesh,Uttar Pradesh,IN-UP,state,,1200.4,,,3,Asia/Kolkata,FALSE,1356508731
Ganyiwār,Ganyiwar,,33.3139,75.6260,India,IN,IND,Jammu and Kashmīr,Jammu and Kashmir,IN-JK,state,,40.1,,,4,Asia/Kolkata,FALSE,1356205931
Madhorāpur,Madhorapur,,24.9614,85.7007,India,IN,IND,Bihār,Bihar,IN-BR,state,,1357.6,,,3,Asia/Kolkata,FALSE,1356727480
Luāwān,Luawan,,27.1956,81.9687,India,IN,IND,Uttar Pradesh,Uttar Pradesh,IN-UP,state,,1220.3,,,3,Asia/Kolkata,FALSE,1356078407
Pīparbahāra,Piparbahara,,22.6227,82.2045,India,IN,IND,Chhattīsgarh,Chhattisgarh,IN-CT,state,,184.9,,,4,Asia/Kolkata,FALSE,1356154796
Kolharia,Kolharia,,24.1567,86.2248,India,IN,IND,Jhārkhand,Jharkhand,IN-JH,state,,1236.7,,,3,Asia/Kolkata,TRUE,1356250589
Kolharia,Kolharia,,24.0951,86.2884,India,IN,IND,Jhārkhand,Jharkhand,IN-JH,state,,1236.7,,,3,Asia/Kolkata,TRUE,1356245368
Kolharia,Kolharia,,24.1500,86.0112,India,IN,IND,Jhārkhand,Jharkhand,IN-JH,state,,643.8,,,3,Asia/Kolkata,TRUE,1356250539
Tarkho Tirat,Tarkho Tirat,,29.3023,76.6577,India,IN,IND,Haryāna,Haryana,IN-HR,state,,412.2,,,3,Asia/Kolkata,FALSE,1356917141
Muliguda,Muliguda,,19.0901,83.6475,India,IN,IND,Andhra Pradesh,Andhra Pradesh,IN-AP,state,,152.1,,,4,Asia/Kolkata,FALSE,1356847442
Pokhār,Pokhar,,29.7409,78.9376,India,IN,IND,Uttarākhand,Uttarakhand,IN-UT,state,,86.9,,,4,Asia/Kolkata,FALSE,1356121675
Ularmau,Ularmau,,25.9140,81.0735,India,IN,IND,Uttar Pradesh,Uttar Pradesh,IN-UP,state,,751.3,,,3,Asia/Kolkata,FALSE,1356454846
Pokhar,Pokhar,,27.0052,78.4366,India,IN,IND,Uttar Pradesh,Uttar Pradesh,IN-UP,state,,867.5,,,3,Asia/Kolkata,FALSE,1356703089
Pokhar,Pokhar,,26.9936,78.0360,India,IN,IND,Uttar Pradesh,Uttar Pradesh,IN-UP,state,,867.5,,,3,Asia/Kolkata,TRUE,1356100475
Pokhar,Pokhar,,27.7810,81.2449,India,IN,IND,Uttar Pradesh,Uttar Pradesh,IN-UP,state,,624.1,,,3,Asia/Kolkata,TRUE,1356345693
Dhundliya,Dhundliya,,24.3647,76.6311,India,IN,IND,Rājasthān,Rajasthan,IN-RJ,state,,274.2,,,3,Asia/Kolkata,FALSE,1356149184
Keronj,Keronj,,26.0623,75.2693,India,IN,IND,Rājasthān,Rajasthan,IN-RJ,state,,239.5,,,3,Asia/Kolkata,FALSE,1356013211
Pālya,Palya,,12.5815,77.2601,India,IN,IND,Karnātaka,Karnataka,IN-KA,state,,487.6,,,3,Asia/Kolkata,TRUE,1356611011
Pālya,Palya,,12.5296,77.1709,India,IN,IND,Karnātaka,Karnataka,IN-KA,state,,487.6,,,3,Asia/Kolkata,TRUE,1356397133
Pālya,Palya,,13.3586,76.4019,India,IN,IND,Karnātaka,Karnataka,IN-KA,state,,290.0,,,3,Asia/Kolkata,TRUE,1356028579
Pālya,Palya,,13.6073,76.4806,India,IN,IND,Karnātaka,Karnataka,IN-KA,state,,189.1,,,4,Asia/Kolkata,TRUE,1356026483
Pālya,Palya,,13.5979,76.4049,India,IN,IND,Karnātaka,Karnataka,IN-KA,state,,171.3,,,4,Asia/Kolkata,TRUE,1356124222
Kathgari,Kathgari,,27.9141,80.0996,India,IN,IND,Uttar Pradesh,Uttar Pradesh,IN-UP,state,,744.4,,,3,Asia/Kolkata,FALSE,1356030171
Kanderi,Kanderi,,26.5662,81.1179,India,IN,IND,Uttar Pradesh,Uttar Pradesh,IN-UP,state,,859.6,,,3,Asia/Kolkata,FALSE,1356152510
Orchhi,Orchhi,,26.3780,80.2962,India,IN,IND,Uttar Pradesh,Uttar Pradesh,IN-UP,state,,3401.6,,,2,Asia/Kolkata,FALSE,1356785005
Orchhi,Orchhi,,28.4319,78.8145,India,IN,IND,Uttar Pradesh,Uttar Pradesh,IN-UP,state,,1046.3,,,3,Asia/Kolkata,TRUE,1356061646
Ghoga,Ghoga,,28.8311,77.0500,India,IN,IND,Delhi,Delhi,IN-DL,national capital territory,,4307.1,,,2,Asia/Kolkata,FALSE,1356499775
Kanderi,Kanderi,,30.0691,78.8518,India,IN,IND,Uttarākhand,Uttarakhand,IN-UT,state,,179.6,,,4,Asia/Kolkata,FALSE,1356486456
Terku Ayyampālaiyam,Terku Ayyampalaiyam,,10.5741,78.1727,India,IN,IND,Tamil Nādu,Tamil Nadu,IN-TN,state,,292.8,,,3,Asia/Kolkata,FALSE,1356215571
Deoharī Parsa,Deohari Parsa,,29.1744,79.0026,India,IN,IND,Uttarākhand,Uttarakhand,IN-UT,state,,1402.3,,,3,Asia/Kolkata,FALSE,1356048544
Madukipur,Madukipur,,26.0340,83.8208,India,IN,IND,Uttar Pradesh,Uttar Pradesh,IN-UP,state,,1178.3,,,3,Asia/Kolkata,FALSE,1356524194
Nawādih,Nawadih,,25.4809,84.1942,India,IN,IND,Bihār,Bihar,IN-BR,state,,3778.0,,,2,Asia/Kolkata,FALSE,1356803332
Nawādih,Nawadih,,24.5205,84.8013,India,IN,IND,Bihār,Bihar,IN-BR,state,,1517.6,,,3,Asia/Kolkata,TRUE,1356061136
Nawādih,Nawadih,,24.7715,85.5006,India,IN,IND,Bihār,Bihar,IN-BR,state,,1272.5,,,3,Asia/Kolkata,TRUE,1356254057
Nawādih,Nawadih,,25.4612,87.4346,India,IN,IND,Bihār,Bihar,IN-BR,state,,1230.6,,,3,Asia/Kolkata,TRUE,1356430692
Nawādih,Nawadih,,25.0308,84.1021,India,IN,IND,Bihār,Bihar,IN-BR,state,,1185.0,,,3,Asia/Kolkata,TRUE,1356665995
Nawādih,Nawadih,,24.6449,85.2846,India,IN,IND,Bihār,Bihar,IN-BR,state,,1093.7,,,3,Asia/Kolkata,TRUE,1356253979
Nawādih,Nawadih,,25.3090,84.3250,India,IN,IND,Bihār,Bihar,IN-BR,state,,1090.3,,,3,Asia/Kolkata,TRUE,1356368665
Nawādih,Nawadih,,25.3058,84.4295,India,IN,IND,Bihār,Bihar,IN-BR,state,,1052.4,,,3,Asia/Kolkata,TRUE,1356942451
Nawādih,Nawadih,,24.7191,85.0875,India,IN,IND,Bihār,Bihar,IN-BR,state,,1043.3,,,3,Asia/Kolkata,TRUE,1356028026
Nawādih,Nawadih,,24.7895,84.9296,India,IN,IND,Bihār,Bihar,IN-BR,state,,1039.0,,,3,Asia/Kolkata,TRUE,1356948556
Nawādih,Nawadih,,24.6044,84.6886,India,IN,IND,Bihār,Bihar,IN-BR,state,,1018.2,,,3,Asia/Kolkata,TRUE,1356434280
Nawādih,Nawadih,,25.5974,84.4768,India,IN,IND,Bihār,Bihar,IN-BR,state,,1006.0,,,3,Asia/Kolkata,TRUE,1356984391
Nawādih,Nawadih,,24.4614,84.7145,India,IN,IND,Bihār,Bihar,IN-BR,state,,991.6,,,3,Asia/Kolkata,TRUE,1356001893
Nawādih,Nawadih,,24.6530,84.5673,India,IN,IND,Bihār,Bihar,IN-BR,state,,960.1,,,3,Asia/Kolkata,TRUE,1356571564
Nawādih,Nawadih,,24.9258,84.3911,India,IN,IND,Bihār,Bihar,IN-BR,state,,937.2,,,3,Asia/Kolkata,TRUE,1356019149
Nawādih,Nawadih,,24.6083,85.1284,India,IN,IND,Bihār,Bihar,IN-BR,state,,920.1,,,3,Asia/Kolkata,TRUE,1356294216
Nawādīh,Nawadih,,24.5776,84.3011,India,IN,IND,Bihār,Bihar,IN-BR,state,,864.5,,,3,Asia/Kolkata,TRUE,1356561930
Nawādih,Nawadih,,24.6335,86.2445,India,IN,IND,Bihār,Bihar,IN-BR,state,,774.3,,,3,Asia/Kolkata,TRUE,1356243062
Nawādih,Nawadih,,24.7267,86.3157,India,IN,IND,Bihār,Bihar,IN-BR,state,,774.3,,,3,Asia/Kolkata,TRUE,1356219927
Nawādih,Nawadih,,25.0682,86.1244,India,IN,IND,Bihār,Bihar,IN-BR,state,,758.5,,,3,Asia/Kolkata,TRUE,1356295053
Nawādih,Nawadih,,24.5394,85.0741,India,IN,IND,Bihār,Bihar,IN-BR,state,,680.8,,,3,Asia/Kolkata,TRUE,1356065727
Nawādih,Nawadih,,24.7998,85.9488,India,IN,IND,Bihār,Bihar,IN-BR,state,,646.8,,,3,Asia/Kolkata,TRUE,1356236488
Nawādih,Nawadih,,24.9271,86.4691,India,IN,IND,Bihār,Bihar,IN-BR,state,,627.8,,,3,Asia/Kolkata,TRUE,1356206222
Nawādih,Nawadih,,24.7657,84.3840,India,IN,IND,Bihār,Bihar,IN-BR,state,,619.4,,,3,Asia/Kolkata,TRUE,1356041847
Nawādih,Nawadih,,24.4451,85.2026,India,IN,IND,Bihār,Bihar,IN-BR,state,,591.4,,,3,Asia/Kolkata,TRUE,1356056076
Nawādih,Nawadih,,24.6274,85.4349,India,IN,IND,Bihār,Bihar,IN-BR,state,,572.9,,,3,Asia/Kolkata,TRUE,1356088896
Nawādih,Nawadih,,24.5543,85.4123,India,IN,IND,Bihār,Bihar,IN-BR,state,,572.9,,,3,Asia/Kolkata,TRUE,1356092301
Nawādih,Nawadih,,25.0917,85.7600,India,IN,IND,Bihār,Bihar,IN-BR,state,,549.1,,,3,Asia/Kolkata,TRUE,1356088677
Nawādih,Nawadih,,25.1013,85.8146,India,IN,IND,Bihār,Bihar,IN-BR,state,,549.1,,,3,Asia/Kolkata,TRUE,1356188688
Nawādih,Nawadih,,24.5004,85.0050,India,IN,IND,Bihār,Bihar,IN-BR,state,,511.9,,,3,Asia/Kolkata,TRUE,1356556617
Nawādih,Nawadih,,24.5715,86.1445,India,IN,IND,Bihār,Bihar,IN-BR,state,,502.9,,,3,Asia/Kolkata,TRUE,1356246620
Nawādih,Nawadih,,24.4133,84.5731,India,IN,IND,Bihār,Bihar,IN-BR,state,,417.7,,,3,Asia/Kolkata,TRUE,1356012355
Nawādīh,Nawadih,,24.3967,84.3767,India,IN,IND,Bihār,Bihar,IN-BR,state,,383.0,,,3,Asia/Kolkata,TRUE,1356935685
Nawādih,Nawadih,,24.6336,86.1414,India,IN,IND,Bihār,Bihar,IN-BR,state,,357.6,,,3,Asia/Kolkata,TRUE,1356247675
Nawādih,Nawadih,,24.5655,86.3954,India,IN,IND,Bihār,Bihar,IN-BR,state,,357.6,,,3,Asia/Kolkata,TRUE,1356260900
Nawādih,Nawadih,,24.4678,86.4234,India,IN,IND,Bihār,Bihar,IN-BR,state,,357.6,,,3,Asia/Kolkata,TRUE,1356189006
Nawādih,Nawadih,,24.4770,86.3604,India,IN,IND,Bihār,Bihar,IN-BR,state,,357.6,,,3,Asia/Kolkata,TRUE,1356178483
Muhagwān,Muhagwan,,23.8610,80.5594,India,IN,IND,Madhya Pradesh,Madhya Pradesh,IN-MP,state,,173.6,,,4,Asia/Kolkata,FALSE,1356110769
Urāha,Uraha,,25.7890,83.7128,India,IN,IND,Uttar Pradesh,Uttar Pradesh,IN-UP,state,,1198.5,,,3,Asia/Kolkata,FALSE,1356059539
Uraha,Uraha,,25.5383,81.1359,India,IN,IND,Uttar Pradesh,Uttar Pradesh,IN-UP,state,,751.3,,,3,Asia/Kolkata,TRUE,1356451832
Dūndābāgh,Dundabagh,,28.2806,78.5122,India,IN,IND,Uttar Pradesh,Uttar Pradesh,IN-UP,state,,712.2,,,3,Asia/Kolkata,FALSE,1356241084
Malika Purwa,Malika Purwa,,26.9205,82.0990,India,IN,IND,Uttar Pradesh,Uttar Pradesh,IN-UP,state,,845.8,,,3,Asia/Kolkata,FALSE,1356206801
Mahūpura,Mahupura,,23.4271,76.2839,India,IN,IND,Madhya Pradesh,Madhya Pradesh,IN-MP,state,,271.4,,0,3,Asia/Kolkata,FALSE,1356047978
Pura Sukai Gadaria,Pura Sukai Gadaria,,27.4676,81.5364,India,IN,IND,Uttar Pradesh,Uttar Pradesh,IN-UP,state,,899.7,,,3,Asia/Kolkata,FALSE,1356521182
Tiko Jangaila,Tiko Jangaila,,23.3404,80.7541,India,IN,IND,Madhya Pradesh,Madhya Pradesh,IN-MP,state,,277.9,,,3,Asia/Kolkata,FALSE,1356210882
Bargyāo,Bargyao,,23.4618,79.3278,India,IN,IND,Madhya Pradesh,Madhya Pradesh,IN-MP,state,,126.8,,,4,Asia/Kolkata,FALSE,1356889720
Peyanūr,Peyanur,,12.3166,78.5517,India,IN,IND,Tamil Nādu,Tamil Nadu,IN-TN,state,,487.2,,,3,Asia/Kolkata,FALSE,1356270355
Mādho Dīhwa,Madho Dihwa,,27.3910,82.0867,India,IN,IND,Uttar Pradesh,Uttar Pradesh,IN-UP,state,,1012.9,,,3,Asia/Kolkata,FALSE,1356201234
Shibpuri,Shibpuri,Shivpuri,30.1381,78.3905,India,IN,IND,Uttarākhand,Uttarakhand,IN-UT,state,,148.9,,,4,Asia/Kolkata,FALSE,1356721286
Kutra Chua,Kutra Chua,,21.8706,83.9639,India,IN,IND,Odisha,Odisha,IN-OR,state,,806.3,,,3,Asia/Kolkata,FALSE,1356341634
Rūria,Ruria,,28.1913,79.4521,India,IN,IND,Uttar Pradesh,Uttar Pradesh,IN-UP,state,,884.5,,,3,Asia/Kolkata,FALSE,1356630836
Rūrīa,Ruria,,26.9291,79.2255,India,IN,IND,Uttar Pradesh,Uttar Pradesh,IN-UP,state,,819.8,,,3,Asia/Kolkata,TRUE,1356231280
Ruria,Ruria,,28.3828,79.8137,India,IN,IND,Uttar Pradesh,Uttar Pradesh,IN-UP,state,,810.5,,,3,Asia/Kolkata,TRUE,1356086030
Shrotriamnattam,Shrotriamnattam,,10.9094,79.5963,India,IN,IND,Tamil Nādu,Tamil Nadu,IN-TN,state,,615.4,,,3,Asia/Kolkata,FALSE,1356173529
Bhatrenahalli,Bhatrenahalli,,13.6225,77.7864,India,IN,IND,Karnātaka,Karnataka,IN-KA,state,,298.7,,,3,Asia/Kolkata,FALSE,1356956836
Ratta Purwa,Ratta Purwa,,27.4367,80.1775,India,IN,IND,Uttar Pradesh,Uttar Pradesh,IN-UP,state,,917.2,,,3,Asia/Kolkata,FALSE,1356427357
Phututāl,Phututal,,22.6931,79.8670,India,IN,IND,Madhya Pradesh,Madhya Pradesh,IN-MP,state,,180.9,,,4,Asia/Kolkata,FALSE,1356634871
Ambgāhra,Ambgahra,,31.7706,76.4651,India,IN,IND,Himāchal Pradesh,Himachal Pradesh,IN-HP,state,,276.0,,,3,Asia/Kolkata,FALSE,1356443658
Ameda,Ameda,,26.5156,82.5842,India,IN,IND,Uttar Pradesh,Uttar Pradesh,IN-UP,state,,1450.2,,,3,Asia/Kolkata,FALSE,1356087196
Ameda,Ameda,,25.5864,83.1417,India,IN,IND,Uttar Pradesh,Uttar Pradesh,IN-UP,state,,1185.8,,,3,Asia/Kolkata,TRUE,1356325976
Muttapareddikhandriga,Muttapareddikhandriga,,13.3458,79.7103,India,IN,IND,Andhra Pradesh,Andhra Pradesh,IN-AP,state,,268.6,,,3,Asia/Kolkata,FALSE,1356252318
Gudar Chak,Gudar Chak,,26.4423,83.2422,India,IN,IND,Uttar Pradesh,Uttar Pradesh,IN-UP,state,,1162.8,,,3,Asia/Kolkata,FALSE,1356168786
Bungkhāl,Bungkhal,,30.1489,78.9555,India,IN,IND,Uttarākhand,Uttarakhand,IN-UT,state,,98.4,,,4,Asia/Kolkata,FALSE,1356747378
Pir Hāt,Pir Hat,,20.9439,86.7161,India,IN,IND,Odisha,Odisha,IN-OR,state,,639.5,,,3,Asia/Kolkata,FALSE,1356120059
Siddareddipālem,Siddareddipalem,,14.6803,79.8599,India,IN,IND,Andhra Pradesh,Andhra Pradesh,IN-AP,state,,163.4,,,4,Asia/Kolkata,FALSE,1356020336
Kamnānpur,Kamnanpur,,25.4344,82.1923,India,IN,IND,Uttar Pradesh,Uttar Pradesh,IN-UP,state,,1493.2,,,3,Asia/Kolkata,FALSE,1356013440
Bahādurgūda,Bahadurguda,,17.3464,78.5463,India,IN,IND,Telangāna,Telangana,IN-TG,state,,5382.7,,,2,Asia/Kolkata,FALSE,1356862729
Sukedi,Sukedi,,31.1645,76.6643,India,IN,IND,Himāchal Pradesh,Himachal Pradesh,IN-HP,state,,404.4,,0,3,Asia/Kolkata,FALSE,1356432980
Mibailu,Mibailu,,13.6287,74.8479,India,IN,IND,Karnātaka,Karnataka,IN-KA,state,,291.0,,,3,Asia/Kolkata,FALSE,1356448055