city,city_ascii,city_alt,lat,lng,country,iso2,iso3,admin_name,admin_name_ascii,admin_code,admin_type,capital,density,population,population_proper,ranking,timezone,same_name,id
Pasekan,Pasekan,,-7.9494,110.7903,Indonesia,ID,IDN,Jawa Tengah,Jawa Tengah,ID-JT,province,,481.5,,,3,Asia/Jakarta,TRUE,1360798367
Petilasan,Petilasan,,-7.6625,109.1756,Indonesia,ID,IDN,Jawa Tengah,Jawa Tengah,ID-JT,province,,708.0,,,3,Asia/Jakarta,FALSE,1360463753
Tanjung Sialang,Tanjung Sialang,Tandjungsialang,0.3250,101.9540,Indonesia,ID,IDN,Riau,Riau,ID-RI,province,,45.2,,,4,Asia/Jakarta,FALSE,1360829388
Teneran,Teneran,,-7.4278,110.3211,Indonesia,ID,IDN,Jawa Tengah,Jawa Tengah,ID-JT,province,,1113.4,,,3,Asia/Jakarta,FALSE,1360851108
Seuot,Seuot,,5.4183,95.4615,Indonesia,ID,IDN,Aceh,Aceh,ID-AC,special region,,153.5,,,4,Asia/Jakarta,FALSE,1360249345
Kartasari,Kartasari,Karta,-4.5880,105.0180,Indonesia,ID,IDN,Lampung,Lampung,ID-LA,province,,180.0,,,4,Asia/Jakarta,FALSE,1360776542
Manak Raya,Manak Raya,,2.9034,98.7368,Indonesia,ID,IDN,Sumatera Utara,Sumatera Utara,ID-SU,province,,174.8,,,4,Asia/Jakarta,FALSE,1360624383
Cewang,Cewang,,-8.7090,120.4212,Indonesia,ID,IDN,Nusa Tenggara Timur,Nusa Tenggara Timur,ID-NT,province,,270.4,,,3,Asia/Makassar,FALSE,1360572555
Galiroda,Galiroda,,-9.5259,119.5365,Indonesia,ID,IDN,Nusa Tenggara Timur,Nusa Tenggara Timur,ID-NT,province,,44.0,,,4,Asia/Makassar,FALSE,1360123251
Ubamaro,Ubamaro,,-8.7450,122.0647,Indonesia,ID,IDN,Nusa Tenggara Timur,Nusa Tenggara Timur,ID-NT,province,,202.1,,,3,Asia/Makassar,FALSE,1360997325
Pohitan,Pohitan,,-7.8247,110.4719,Indonesia,ID,IDN,Yogyakarta,Yogyakarta,ID-YO,special region,,2316.4,,,2,Asia/Jakarta,FALSE,1360026010
Mangrih,Mangrih,,-7.8944,111.0875,Indonesia,ID,IDN,Jawa Tengah,Jawa Tengah,ID-JT,province,,481.5,,,3,Asia/Jakarta,FALSE,1360030067
Gunung Serlang,Gunung Serlang,,2.8123,117.3679,Indonesia,ID,IDN,Kalimantan Utara,Kalimantan Utara,ID-KU,province,,13.4,,,4,Asia/Makassar,FALSE,1360743862
Kebraon,Kebraon,,-7.3348,112.6984,Indonesia,ID,IDN,Jawa Timur,Jawa Timur,ID-JI,province,,8497.0,,,2,Asia/Jakarta,FALSE,1360709882
Bukittumpang,Bukittumpang,,-7.4199,107.2358,Indonesia,ID,IDN,Jawa Barat,Jawa Barat,ID-JB,province,,666.6,,,3,Asia/Jakarta,FALSE,1360209462
Agheng,Agheng,,2.3314,125.3902,Indonesia,ID,IDN,Sulawesi Utara,Sulawesi Utara,ID-SA,province,,298.7,,,3,Asia/Makassar,FALSE,1360093440
Spayung,Spayung,,-6.5910,110.7435,Indonesia,ID,IDN,Jawa Tengah,Jawa Tengah,ID-JT,province,,1152.9,,,3,Asia/Jakarta,FALSE,1360027986
Perbaingan,Perbaingan,,3.3300,98.8490,Indonesia,ID,IDN,Sumatera Utara,Sumatera Utara,ID-SU,province,,332.4,,,3,Asia/Jakarta,FALSE,1360009965
Nyatu,Nyatu,,-7.6640,112.7792,Indonesia,ID,IDN,Jawa Timur,Jawa Timur,ID-JI,province,,1127.0,,,3,Asia/Jakarta,FALSE,1360005388
Ratem,Ratem,,-7.3656,109.2550,Indonesia,ID,IDN,Jawa Tengah,Jawa Tengah,ID-JT,province,,1174.8,,,3,Asia/Jakarta,FALSE,1360031761
Patahunan,Patahunan,Patahoenan 2,-7.4546,108.2308,Indonesia,ID,IDN,Jawa Barat,Jawa Barat,ID-JB,province,,678.9,,,3,Asia/Jakarta,FALSE,1360738697
Waru,Waru,,-1.3890,116.6148,Indonesia,ID,IDN,Kalimantan Timur,Kalimantan Timur,ID-KI,province,minor,58.9,,,3,Asia/Makassar,FALSE,1360323273
Pulomaja,Pulomaja,,-6.2175,106.8786,Indonesia,ID,IDN,Jakarta,Jakarta,ID-JK,special district,,16225.4,,,2,Asia/Jakarta,FALSE,1360994512
Babakansaltewi,Babakansaltewi,,-6.4681,107.7789,Indonesia,ID,IDN,Jawa Barat,Jawa Barat,ID-JB,province,,751.4,,,3,Asia/Jakarta,FALSE,1360453785
Mohet,Mohet,,4.3106,97.9505,Indonesia,ID,IDN,Aceh,Aceh,ID-AC,special region,,106.4,,,4,Asia/Jakarta,FALSE,1360209898
Ulakagung Hulu,Ulakagung Hulu,Uluagung,-4.4190,103.7340,Indonesia,ID,IDN,Sumatera Selatan,Sumatera Selatan,ID-SS,province,,78.4,,,4,Asia/Jakarta,FALSE,1360082169
Kendal Wetan,Kendal Wetan,,-8.1078,111.8645,Indonesia,ID,IDN,Jawa Timur,Jawa Timur,ID-JI,province,,912.2,,,3,Asia/Jakarta,FALSE,1360917228
Kampungkaret,Kampungkaret,,-6.4644,106.7531,Indonesia,ID,IDN,Jawa Barat,Jawa Barat,ID-JB,province,,2169.9,,,2,Asia/Jakarta,FALSE,1360428896
Segaralangu,Segaralangu,Segaralangoe,-7.4342,108.7946,Indonesia,ID,IDN,Jawa Tengah,Jawa Tengah,ID-JT,province,,708.0,,,3,Asia/Jakarta,FALSE,1360679056
Sukorejokrajan,Sukorejokrajan,,-8.0408,111.6438,Indonesia,ID,IDN,Jawa Timur,Jawa Timur,ID-JI,province,minor,559.8,,,3,Asia/Jakarta,FALSE,1360595318
Tlasri,Tlasri,,-7.3231,110.1778,Indonesia,ID,IDN,Jawa Tengah,Jawa Tengah,ID-JT,province,,851.9,,,3,Asia/Jakarta,FALSE,1360757960
Cikoneng Selatan,Cikoneng Selatan,,-6.3991,106.0497,Indonesia,ID,IDN,Banten,Banten,ID-BT,province,,460.1,,,3,Asia/Jakarta,FALSE,1360016767
Surupan Satu,Surupan Satu,,-6.5783,106.9589,Indonesia,ID,IDN,Jawa Barat,Jawa Barat,ID-JB,province,,2169.9,,,2,Asia/Jakarta,FALSE,1360471500
Kelombang,Kelombang,,0.1500,104.6000,Indonesia,ID,IDN,Kepulauan Riau,Kepulauan Riau,ID-KR,province,,41.5,,,4,Asia/Jakarta,FALSE,1360777691
Kampungkaret,Kampungkaret,,-7.5786,109.3042,Indonesia,ID,IDN,Jawa Tengah,Jawa Tengah,ID-JT,province,,1174.8,,,3,Asia/Jakarta,FALSE,1360124701
Parit Sungai Guntung,Parit Sungai Guntung,,-0.4797,102.9947,Indonesia,ID,IDN,Riau,Riau,ID-RI,province,,62.6,,,4,Asia/Jakarta,FALSE,1360416883
Inanjeliga,Inanjeliga,,-8.7237,116.2124,Indonesia,ID,IDN,Nusa Tenggara Barat,Nusa Tenggara Barat,ID-NB,province,,782.4,,,3,Asia/Makassar,FALSE,1360577556
Langenharjo,Langenharjo,,-7.6142,110.8131,Indonesia,ID,IDN,Jawa Tengah,Jawa Tengah,ID-JT,province,,1694.6,,,3,Asia/Jakarta,FALSE,1360613893
Langenharjo,Langenharjo,,-7.1647,111.1356,Indonesia,ID,IDN,Jawa Tengah,Jawa Tengah,ID-JT,province,,676.8,,,3,Asia/Jakarta,TRUE,1360093818
Jawura,Jawura,,-6.4406,107.7692,Indonesia,ID,IDN,Jawa Barat,Jawa Barat,ID-JB,province,,751.4,,,3,Asia/Jakarta,FALSE,1360600874
Pasirloa,Pasirloa,,-6.9411,107.2942,Indonesia,ID,IDN,Jawa Barat,Jawa Barat,ID-JB,province,,1300.1,,,3,Asia/Jakarta,FALSE,1360889716
Pasirloa,Pasirloa,,-7.5141,107.8535,Indonesia,ID,IDN,Jawa Barat,Jawa Barat,ID-JB,province,,909.3,,,3,Asia/Jakarta,TRUE,1360223018
Pasirloa,Pasirloa,,-6.8647,107.7969,Indonesia,ID,IDN,Jawa Barat,Jawa Barat,ID-JB,province,,779.3,,,3,Asia/Jakarta,TRUE,1360167001
Pasirloa,Pasirloa,,-6.8231,107.2983,Indonesia,ID,IDN,Jawa Barat,Jawa Barat,ID-JB,province,,666.6,,,3,Asia/Jakarta,TRUE,1360997198
Lawarenge,Lawarenge,,-4.3064,120.3106,Indonesia,ID,IDN,Sulawesi Selatan,Sulawesi Selatan,ID-SN,province,,175.7,,,4,Asia/Makassar,FALSE,1360439886
Pangloros,Pangloros,,-7.1935,113.4723,Indonesia,ID,IDN,Jawa Timur,Jawa Timur,ID-JI,province,,1149.1,,,3,Asia/Jakarta,FALSE,1360417201
Pangloros,Pangloros,,-7.1014,113.1943,Indonesia,ID,IDN,Jawa Timur,Jawa Timur,ID-JI,province,,857.7,,,3,Asia/Jakarta,TRUE,1360299845
Pangloros,Pangloros,,-6.9404,112.9781,Indonesia,ID,IDN,Jawa Timur,Jawa Timur,ID-JI,province,,781.3,,,3,Asia/Jakarta,TRUE,1360182928
Pangloros,Pangloros,,-7.0738,113.9686,Indonesia,ID,IDN,Jawa Timur,Jawa Timur,ID-JI,province,,522.1,,,3,Asia/Jakarta,TRUE,1360915068
Deimakalibaru,Deimakalibaru,,-2.0366,133.4061,Indonesia,ID,IDN,Papua Barat,Papua Barat,ID-PB,province,,3.3,,,5,Asia/Jayapura,FALSE,1360010614
Talagagede,Talagagede,,-7.2234,107.7801,Indonesia,ID,IDN,Jawa Barat,Jawa Barat,ID-JB,province,,909.3,,,3,Asia/Jakarta,FALSE,1360037950
Lamasin,Lamasin,Malassin,2.7940,95.8600,Indonesia,ID,IDN,Aceh,Aceh,ID-AC,special region,,59.9,,,4,Asia/Jakarta,FALSE,1360771604
Kalipacet Timur,Kalipacet Timur,,-7.4939,109.5122,Indonesia,ID,IDN,Jawa Tengah,Jawa Tengah,ID-JT,province,,784.3,,,3,Asia/Jakarta,FALSE,1360128339
Pereng,Pereng,,-6.8735,108.5880,Indonesia,ID,IDN,Jawa Barat,Jawa Barat,ID-JB,province,,2095.8,,,2,Asia/Jakarta,FALSE,1360906098
Pereng,Pereng,Pareng,-7.1206,107.7367,Indonesia,ID,IDN,Jawa Barat,Jawa Barat,ID-JB,province,,1899.0,,,3,Asia/Jakarta,TRUE,1360470493
Pereng,Pereng,,-7.0069,107.5261,Indonesia,ID,IDN,Jawa Barat,Jawa Barat,ID-JB,province,,1899.0,,,3,Asia/Jakarta,TRUE,1360819597
Pereng,Pereng,,-7.1019,107.5861,Indonesia,ID,IDN,Jawa Barat,Jawa Barat,ID-JB,province,,1899.0,,,3,Asia/Jakarta,TRUE,1360157041
Pereng,Pereng,,-7.0694,107.7646,Indonesia,ID,IDN,Jawa Barat,Jawa Barat,ID-JB,province,,1899.0,,,3,Asia/Jakarta,TRUE,1360679961
Pereng,Pereng,,-6.8766,108.5332,Indonesia,ID,IDN,Jawa Barat,Jawa Barat,ID-JB,province,,889.0,,,3,Asia/Jakarta,TRUE,1360776339
Pereng,Pereng,,-7.0242,108.5999,Indonesia,ID,IDN,Jawa Barat,Jawa Barat,ID-JB,province,,889.0,,,3,Asia/Jakarta,TRUE,1360002552
Pereng,Pereng,,-7.3635,108.2866,Indonesia,ID,IDN,Jawa Barat,Jawa Barat,ID-JB,province,,678.9,,,3,Asia/Jakarta,TRUE,1360555564
Pereng,Pereng,,-7.3444,108.3504,Indonesia,ID,IDN,Jawa Barat,Jawa Barat,ID-JB,province,,592.3,,,3,Asia/Jakarta,TRUE,1360012862
Pereng,Pereng,,-7.2903,108.2646,Indonesia,ID,IDN,Jawa Barat,Jawa Barat,ID-JB,province,,590.8,,,3,Asia/Jakarta,TRUE,1360054554
Setukul,Setukul,Setoekoel|Situkul,0.5785,101.5249,Indonesia,ID,IDN,Riau,Riau,ID-RI,province,,1349.8,,,3,Asia/Jakarta,FALSE,1360688673
Radakapal,Radakapal,,-9.6103,118.9888,Indonesia,ID,IDN,Nusa Tenggara Timur,Nusa Tenggara Timur,ID-NT,province,,260.9,,,3,Asia/Makassar,FALSE,1360021538
Pasirrengit,Pasirrengit,,-6.6944,106.6897,Indonesia,ID,IDN,Jawa Barat,Jawa Barat,ID-JB,province,,2169.9,,,2,Asia/Jakarta,FALSE,1360032161
Pasirmanglayang,Pasirmanglayang,,-7.7243,108.2139,Indonesia,ID,IDN,Jawa Barat,Jawa Barat,ID-JB,province,,678.9,,,3,Asia/Jakarta,FALSE,1360441085
Rantau Panjang,Rantau Panjang,,4.7271,97.7572,Indonesia,ID,IDN,Aceh,Aceh,ID-AC,special region,minor,63.2,,,3,Asia/Jakarta,FALSE,1360008699
Rantau Panjang,Rantau Panjang,Rantopanjang,4.8050,97.7998,Indonesia,ID,IDN,Aceh,Aceh,ID-AC,special region,,63.2,,,4,Asia/Jakarta,TRUE,1360171248
Rantau Panjang,Rantau Panjang,Rantau-pandjang,4.1008,97.0608,Indonesia,ID,IDN,Aceh,Aceh,ID-AC,special region,,17.9,,,4,Asia/Jakarta,TRUE,1360951298
Peliang,Peliang,,2.7352,125.3938,Indonesia,ID,IDN,Sulawesi Utara,Sulawesi Utara,ID-SA,province,,298.7,,,3,Asia/Makassar,FALSE,1360036495
Tampieng,Tampieng,,4.3760,96.2040,Indonesia,ID,IDN,Aceh,Aceh,ID-AC,special region,,51.7,,,4,Asia/Jakarta,FALSE,1360196264
Anakanjan,Anakanjan,,-8.8004,116.3085,Indonesia,ID,IDN,Nusa Tenggara Barat,Nusa Tenggara Barat,ID-NB,province,,782.4,,,3,Asia/Makassar,FALSE,1360082667
Angkona,Angkona,,-2.6002,120.9588,Indonesia,ID,IDN,Sulawesi Selatan,Sulawesi Selatan,ID-SN,province,,46.7,,,4,Asia/Makassar,FALSE,1360449700
Bulutanah,Bulutanah,,-4.7381,119.9234,Indonesia,ID,IDN,Sulawesi Selatan,Sulawesi Selatan,ID-SN,province,,217.7,,,3,Asia/Makassar,FALSE,1360523010
Krajan Asembakor,Krajan Asembakor,,-7.7447,113.4559,Indonesia,ID,IDN,Jawa Timur,Jawa Timur,ID-JI,province,,683.3,,,3,Asia/Jakarta,FALSE,1360397327
Slana,Slana,,-7.6900,109.5475,Indonesia,ID,IDN,Jawa Tengah,Jawa Tengah,ID-JT,province,,854.4,,,3,Asia/Jakarta,FALSE,1360366357
Paas,Paas,,-9.5611,124.5881,Indonesia,ID,IDN,Nusa Tenggara Timur,Nusa Tenggara Timur,ID-NT,province,,100.9,,,4,Asia/Makassar,FALSE,1360225358
Waringinharjo,Waringinharjo,,-5.6371,105.5858,Indonesia,ID,IDN,Lampung,Lampung,ID-LA,province,,520.3,,,3,Asia/Jakarta,FALSE,1360237436
Waringinharjo,Waringinharjo,,-5.0702,104.8051,Indonesia,ID,IDN,Lampung,Lampung,ID-LA,province,,327.2,,,3,Asia/Jakarta,TRUE,1360686542
Kepil,Kepil,,-7.0831,110.3921,Indonesia,ID,IDN,Jawa Tengah,Jawa Tengah,ID-JT,province,,4947.2,,,2,Asia/Jakarta,FALSE,1360716943
Kepil,Kepil,,-7.3394,110.4300,Indonesia,ID,IDN,Jawa Tengah,Jawa Tengah,ID-JT,province,,1028.0,,,3,Asia/Jakarta,TRUE,1360017760
Kepil,Kepil,Kepol,-7.5167,109.9833,Indonesia,ID,IDN,Jawa Tengah,Jawa Tengah,ID-JT,province,,782.0,,,3,Asia/Jakarta,TRUE,1360267409
Kepil,Kepil,,-7.5178,110.0036,Indonesia,ID,IDN,Jawa Tengah,Jawa Tengah,ID-JT,province,,782.0,,,3,Asia/Jakarta,TRUE,1360239973
Kepil,Kepil,,-7.8567,110.8031,Indonesia,ID,IDN,Jawa Tengah,Jawa Tengah,ID-JT,province,,481.5,,,3,Asia/Jakarta,TRUE,1360872485
Parit Tanjung Labu,Parit Tanjung Labu,,0.2734,102.9057,Indonesia,ID,IDN,Riau,Riau,ID-RI,province,,45.2,,,4,Asia/Jakarta,FALSE,1360112867
Pasi Kumbang,Pasi Kumbang,,4.3040,96.2000,Indonesia,ID,IDN,Aceh,Aceh,ID-AC,special region,,51.7,,,4,Asia/Jakarta,FALSE,1360454931
Grunggungan Barat,Grunggungan Barat,,-7.0226,113.3925,Indonesia,ID,IDN,Jawa Timur,Jawa Timur,ID-JI,province,,857.7,,,3,Asia/Jakarta,FALSE,1360906789
Perumanan Pir,Perumanan Pir,,-7.2089,109.8950,Indonesia,ID,IDN,Jawa Tengah,Jawa Tengah,ID-JT,province,,784.3,,,3,Asia/Jakarta,FALSE,1360369817
Meunasah Blangbunat,Meunasah Blangbunat,,5.2520,95.9460,Indonesia,ID,IDN,Aceh,Aceh,ID-AC,special region,,138.2,,,4,Asia/Jakarta,FALSE,1360800094
Jala,Jala,,-8.7290,118.4350,Indonesia,ID,IDN,Nusa Tenggara Barat,Nusa Tenggara Barat,ID-NB,province,,125.3,,,4,Asia/Makassar,FALSE,1360541407
Jala,Jala,,-8.3282,118.3893,Indonesia,ID,IDN,Nusa Tenggara Barat,Nusa Tenggara Barat,ID-NB,province,,125.3,,,4,Asia/Makassar,TRUE,1360961537
Jala,Jala,,-8.3738,118.3155,Indonesia,ID,IDN,Nusa Tenggara Barat,Nusa Tenggara Barat,ID-NB,province,,125.3,,,4,Asia/Makassar,TRUE,1360790187
Jala,Jala,,-8.4970,118.6597,Indonesia,ID,IDN,Nusa Tenggara Barat,Nusa Tenggara Barat,ID-NB,province,,115.6,,,4,Asia/Makassar,TRUE,1360700690
Segale,Segale,,-8.8069,116.4220,Indonesia,ID,IDN,Nusa Tenggara Barat,Nusa Tenggara Barat,ID-NB,province,,782.4,,,3,Asia/Makassar,FALSE,1360495345
Sumurkananga Satu,Sumurkananga Satu,,-6.4622,107.8022,Indonesia,ID,IDN,Jawa Barat,Jawa Barat,ID-JB,province,,751.4,,,3,Asia/Jakarta,FALSE,1360260322
Nasid Hilir,Nasid Hilir,,-6.5827,105.7580,Indonesia,ID,IDN,Banten,Banten,ID-BT,province,,460.1,,,3,Asia/Jakarta,FALSE,1360888626
Ngaraskopen,Ngaraskopen,,-7.6617,110.5364,Indonesia,ID,IDN,Jawa Tengah,Jawa Tengah,ID-JT,province,,1721.4,,,3,Asia/Jakarta,FALSE,1360028056
Baplangsukajaya,Baplangsukajaya,,-6.5381,107.8783,Indonesia,ID,IDN,Jawa Barat,Jawa Barat,ID-JB,province,,751.4,,,3,Asia/Jakarta,FALSE,1360792665
Wonosroyo,Wonosroyo,,-7.3289,109.8031,Indonesia,ID,IDN,Jawa Tengah,Jawa Tengah,ID-JT,province,,782.1,,,3,Asia/Jakarta,FALSE,1360028571
Hutalangit,Hutalangit,,2.0397,98.9511,Indonesia,ID,IDN,Sumatera Utara,Sumatera Utara,ID-SU,province,,83.1,,,4,Asia/Jakarta,FALSE,1360968804
Cipanggalur,Cipanggalur,,-6.5047,106.7003,Indonesia,ID,IDN,Jawa Barat,Jawa Barat,ID-JB,province,,2169.9,,,2,Asia/Jakarta,FALSE,1360833408
Wonosroyo,Wonosroyo,,-7.9360,113.8867,Indonesia,ID,IDN,Jawa Timur,Jawa Timur,ID-JI,province,,504.6,,,3,Asia/Jakarta,FALSE,1360930428
Trembelang,Trembelang,,-8.4346,114.2005,Indonesia,ID,IDN,Jawa Timur,Jawa Timur,ID-JI,province,,452.5,,,3,Asia/Jakarta,FALSE,1360380721
Sidoyadke,Sidoyadke,Sidojadke,-7.4667,140.1667,Indonesia,ID,IDN,Papua,Papua,ID-PA,geographical unit,,9.2,,,5,Asia/Jayapura,FALSE,1360476999
Sampakang,Sampakang,,-5.5114,119.7607,Indonesia,ID,IDN,Sulawesi Selatan,Sulawesi Selatan,ID-SN,province,,472.0,,,3,Asia/Makassar,FALSE,1360978661
Sampakang,Sampakang,,-5.0418,119.6563,Indonesia,ID,IDN,Sulawesi Selatan,Sulawesi Selatan,ID-SN,province,,229.5,,,3,Asia/Makassar,TRUE,1360409889
Calong Cot,Calong Cot,Tjalongtjut,5.3930,95.8990,Indonesia,ID,IDN,Aceh,Aceh,ID-AC,special region,,125.5,,,4,Asia/Jakarta,FALSE,1360355829
Sausu,Sausu,Saoesoe,-1.0098,120.4995,Indonesia,ID,IDN,Sulawesi Tengah,Sulawesi Tengah,ID-ST,province,,81.9,,,4,Asia/Makassar,FALSE,1360649174
Sampakang,Sampakang,,3.4736,125.5802,Indonesia,ID,IDN,Sulawesi Utara,Sulawesi Utara,ID-SA,province,,141.2,,,4,Asia/Makassar,FALSE,1360456475
Siran Tanjong,Siran Tanjong,,5.3860,95.8260,Indonesia,ID,IDN,Aceh,Aceh,ID-AC,special region,,125.5,,,4,Asia/Jakarta,FALSE,1360072592
Huta Sigordang,Huta Sigordang,,2.5334,99.0276,Indonesia,ID,IDN,Sumatera Utara,Sumatera Utara,ID-SU,province,,79.3,,,4,Asia/Jakarta,FALSE,1360924626
Paya Gajah,Paya Gajah,Payagadjah,4.8650,97.8760,Indonesia,ID,IDN,Aceh,Aceh,ID-AC,special region,,63.2,,,4,Asia/Jakarta,FALSE,1360465362
Pelatoang,Pelatoang,,-3.2573,118.8412,Indonesia,ID,IDN,Sulawesi Barat,Sulawesi Barat,ID-SR,province,,200.2,,,3,Asia/Makassar,FALSE,1360838532
Balangpesoang,Balangpesoang,,-5.2955,120.1469,Indonesia,ID,IDN,Sulawesi Selatan,Sulawesi Selatan,ID-SN,province,,298.4,,,3,Asia/Makassar,FALSE,1360061416
Gintung Kulon,Gintung Kulon,,-6.8787,109.5295,Indonesia,ID,IDN,Jawa Tengah,Jawa Tengah,ID-JT,province,,1115.9,,,3,Asia/Jakarta,FALSE,1360833563
Simpangbungur,Simpangbungur,,-7.2919,106.6252,Indonesia,ID,IDN,Jawa Barat,Jawa Barat,ID-JB,province,,633.7,,,3,Asia/Jakarta,FALSE,1360658857
Sidowungu,Sidowungu,,-7.2940,112.6052,Indonesia,ID,IDN,Jawa Timur,Jawa Timur,ID-JI,province,,1182.2,,,3,Asia/Jakarta,FALSE,1360522954
Jorok,Jorok,,-8.5019,116.6061,Indonesia,ID,IDN,Nusa Tenggara Barat,Nusa Tenggara Barat,ID-NB,province,,826.7,,,3,Asia/Makassar,FALSE,1360836651
Jorok,Jorok,,-8.7568,116.2350,Indonesia,ID,IDN,Nusa Tenggara Barat,Nusa Tenggara Barat,ID-NB,province,,782.4,,,3,Asia/Makassar,TRUE,1360884654
Jorok,Jorok,,-8.6365,117.7334,Indonesia,ID,IDN,Nusa Tenggara Barat,Nusa Tenggara Barat,ID-NB,province,,74.3,,,4,Asia/Makassar,TRUE,1360677821
Jorok,Jorok,,-8.5310,117.4280,Indonesia,ID,IDN,Nusa Tenggara Barat,Nusa Tenggara Barat,ID-NB,province,,74.3,,,4,Asia/Makassar,TRUE,1360901830
Kedinding Tengah,Kedinding Tengah,,-7.2253,112.7789,Indonesia,ID,IDN,Jawa Timur,Jawa Timur,ID-JI,province,,8898.3,,,2,Asia/Jakarta,FALSE,1360040466
Telukpucung Selatan,Telukpucung Selatan,Telukputjung|Telukpucung,-6.2158,107.0256,Indonesia,ID,IDN,Jawa Barat,Jawa Barat,ID-JB,province,,14027.4,,,2,Asia/Jakarta,FALSE,1360235388
Damur,Damur,,-6.9544,107.8356,Indonesia,ID,IDN,Jawa Barat,Jawa Barat,ID-JB,province,,779.3,,,3,Asia/Jakarta,FALSE,1360380494
Karang Indah,Karang Indah,,-4.0630,104.1230,Indonesia,ID,IDN,Sumatera Selatan,Sumatera Selatan,ID-SS,province,,85.3,,,4,Asia/Jakarta,FALSE,1360007799
Kiuuni,Kiuuni,,-9.9280,123.9460,Indonesia,ID,IDN,Nusa Tenggara Timur,Nusa Tenggara Timur,ID-NT,province,,74.4,,,4,Asia/Makassar,FALSE,1360514721
Umbulan Beringin,Umbulan Beringin,Umbulanberingin,-3.9965,104.8100,Indonesia,ID,IDN,Sumatera Selatan,Sumatera Selatan,ID-SS,province,,253.3,,,3,Asia/Jakarta,FALSE,1360022879
Jlobong,Jlobong,,-7.5375,110.5744,Indonesia,ID,IDN,Jawa Tengah,Jawa Tengah,ID-JT,province,,890.8,,,3,Asia/Jakarta,FALSE,1360827091
Tumbang Kaleh,Tumbang Kaleh,Kaleh|Toembang Kaleh,-1.4500,112.0500,Indonesia,ID,IDN,Kalimantan Tengah,Kalimantan Tengah,ID-KT,province,,15.0,,,4,Asia/Pontianak,FALSE,1360048006
Pantonbili,Pantonbili,,5.1490,96.4660,Indonesia,ID,IDN,Aceh,Aceh,ID-AC,special region,,258.6,,,3,Asia/Jakarta,FALSE,1360419030
Pantonbili,Pantonbili,,4.4393,96.1536,Indonesia,ID,IDN,Aceh,Aceh,ID-AC,special region,,51.7,,,4,Asia/Jakarta,TRUE,1360463568
Ceger,Ceger,,-6.6453,105.6570,Indonesia,ID,IDN,Banten,Banten,ID-BT,province,,460.1,,,3,Asia/Jakarta,FALSE,1360881143
Ketapan,Ketapan,,-5.5924,105.1430,Indonesia,ID,IDN,Lampung,Lampung,ID-LA,province,,372.2,,,3,Asia/Jakarta,FALSE,1360006102
Meranggi,Meranggi,,-7.1797,109.0211,Indonesia,ID,IDN,Jawa Tengah,Jawa Tengah,ID-JT,province,,1031.6,,,3,Asia/Jakarta,FALSE,1360032952
Meranggi,Meranggi,,-7.7008,109.4489,Indonesia,ID,IDN,Jawa Tengah,Jawa Tengah,ID-JT,province,,854.4,,,3,Asia/Jakarta,TRUE,1360948248
Wringin Tengah,Wringin Tengah,,-7.8131,113.7583,Indonesia,ID,IDN,Jawa Timur,Jawa Timur,ID-JI,province,,504.6,,,3,Asia/Jakarta,FALSE,1360884033
Sukabarang,Sukabarang,Soekabarang,-7.1364,107.9920,Indonesia,ID,IDN,Jawa Barat,Jawa Barat,ID-JB,province,,909.3,,,3,Asia/Jakarta,FALSE,1360906300
Sukabarang,Sukabarang,,-6.7931,107.9058,Indonesia,ID,IDN,Jawa Barat,Jawa Barat,ID-JB,province,,779.3,,,3,Asia/Jakarta,TRUE,1360347066
Toluaya,Toluaya,,0.3825,123.9775,Indonesia,ID,IDN,Sulawesi Utara,Sulawesi Utara,ID-SA,province,,40.6,,,4,Asia/Makassar,FALSE,1360228500
Ciketing-udik,Ciketing-udik,Tjiketing-oedik 1|Tjiketing-udik 1|Tjiketing-udik|Tjiketing-oedik,-6.3528,106.9761,Indonesia,ID,IDN,Jawa Barat,Jawa Barat,ID-JB,province,,14036.4,,,2,Asia/Jakarta,FALSE,1360829021
Babang,Babang,,-0.6279,127.6029,Indonesia,ID,IDN,Maluku Utara,Maluku Utara,ID-MU,province,,42.6,,,4,Asia/Jayapura,FALSE,1360941621
Kwadungan,Kwadungan,,-7.5242,112.3136,Indonesia,ID,IDN,Jawa Timur,Jawa Timur,ID-JI,province,,1174.4,,,3,Asia/Jakarta,FALSE,1360270307
Kwadungan,Kwadungan,,-7.7902,112.0264,Indonesia,ID,IDN,Jawa Timur,Jawa Timur,ID-JI,province,,1030.6,,,3,Asia/Jakarta,TRUE,1360038757
Kwadungan,Kwadungan,Kwadoengan|Koewandoengan,-7.5234,111.5300,Indonesia,ID,IDN,Jawa Timur,Jawa Timur,ID-JI,province,,586.3,,,3,Asia/Jakarta,TRUE,1360840131
Kenyapu,Kenyapu,,-2.6105,120.2886,Indonesia,ID,IDN,Sulawesi Selatan,Sulawesi Selatan,ID-SN,province,,45.2,,,4,Asia/Makassar,FALSE,1360623262
Cikadu Kaler,Cikadu Kaler,,-6.9650,107.3364,Indonesia,ID,IDN,Jawa Barat,Jawa Barat,ID-JB,province,,1300.1,,,3,Asia/Jakarta,FALSE,1360483031
Cikadu Kaler,Cikadu Kaler,,-6.8942,107.0131,Indonesia,ID,IDN,Jawa Barat,Jawa Barat,ID-JB,province,,633.7,,,3,Asia/Jakarta,TRUE,1360835893
Pajegan Tengah,Pajegan Tengah,,-6.8567,106.8675,Indonesia,ID,IDN,Jawa Barat,Jawa Barat,ID-JB,province,,633.7,,,3,Asia/Jakarta,FALSE,1360761531
Selagik Lauk,Selagik Lauk,,-8.6527,116.4038,Indonesia,ID,IDN,Nusa Tenggara Barat,Nusa Tenggara Barat,ID-NB,province,,826.7,,,3,Asia/Makassar,FALSE,1360046865
Glidah,Glidah,,-7.4279,111.9703,Indonesia,ID,IDN,Jawa Timur,Jawa Timur,ID-JI,province,,826.0,,,3,Asia/Jakarta,FALSE,1360853298
Kacope,Kacope,Kacape,-4.9118,120.1304,Indonesia,ID,IDN,Sulawesi Selatan,Sulawesi Selatan,ID-SN,province,,175.7,,,4,Asia/Makassar,FALSE,1360780063
Tlogokotes,Tlogokotes,,-7.8333,110.0167,Indonesia,ID,IDN,Jawa Tengah,Jawa Tengah,ID-JT,province,,629.0,,,3,Asia/Jakarta,FALSE,1360820122
Bacak,Bacak,,-8.0511,110.5444,Indonesia,ID,IDN,Yogyakarta,Yogyakarta,ID-YO,special region,,457.6,,,3,Asia/Jakarta,FALSE,1360193346
Kalidamar,Kalidamar,,-7.0906,110.0151,Indonesia,ID,IDN,Jawa Tengah,Jawa Tengah,ID-JT,province,,968.8,,,3,Asia/Jakarta,FALSE,1360214318
Berawantangi Kelod,Berawantangi Kelod,,-8.3149,114.5340,Indonesia,ID,IDN,Bali,Bali,ID-BA,province,,343.9,,,3,Asia/Makassar,FALSE,1360216629
Kubait,Kubait,,4.4259,96.3347,Indonesia,ID,IDN,Aceh,Aceh,ID-AC,special region,,40.2,,,4,Asia/Jakarta,FALSE,1360911485
Sinogiri,Sinogiri,,-7.8814,112.8846,Indonesia,ID,IDN,Jawa Timur,Jawa Timur,ID-JI,province,,1127.0,,,3,Asia/Jakarta,FALSE,1360708605
Teluk Duren,Teluk Duren,Telukduren,-1.5868,103.8118,Indonesia,ID,IDN,Jambi,Jambi,ID-JA,province,,106.4,,,4,Asia/Jakarta,FALSE,1360774912
Waitimah,Waitimah,,-4.7800,103.9750,Indonesia,ID,IDN,Sumatera Selatan,Sumatera Selatan,ID-SS,province,,78.4,,,4,Asia/Jakarta,FALSE,1360321419
Lenggerong,Lenggerong,,-6.9934,109.3790,Indonesia,ID,IDN,Jawa Tengah,Jawa Tengah,ID-JT,province,,1115.9,,,3,Asia/Jakarta,FALSE,1360040673
Paccing,Paccing,,-4.9176,120.1241,Indonesia,ID,IDN,Sulawesi Selatan,Sulawesi Selatan,ID-SN,province,,175.7,,,4,Asia/Makassar,FALSE,1360436960
Paccing,Paccing,,-4.4869,120.3032,Indonesia,ID,IDN,Sulawesi Selatan,Sulawesi Selatan,ID-SN,province,,175.7,,,4,Asia/Makassar,TRUE,1360578882
Lepubaka,Lepubaka,Lepo Baka|Lepoebaka|Moeara Baka,1.9516,114.9585,Indonesia,ID,IDN,Kalimantan Utara,Kalimantan Utara,ID-KU,province,,2.8,,,4,Asia/Makassar,FALSE,1360820061
Banjar Pangejaran,Banjar Pangejaran,,-8.2030,115.2549,Indonesia,ID,IDN,Bali,Bali,ID-BA,province,,466.3,,,3,Asia/Makassar,FALSE,1360192526
Mamekdale,Mamekdale,,-10.6984,123.2060,Indonesia,ID,IDN,Nusa Tenggara Timur,Nusa Tenggara Timur,ID-NT,province,,115.0,,,4,Asia/Makassar,FALSE,1360153050
Kebumen,Kebumen,Keboemen,-7.3647,109.2317,Indonesia,ID,IDN,Jawa Tengah,Jawa Tengah,ID-JT,province,,1174.8,,,3,Asia/Jakarta,FALSE,1360339523
Kebumen,Kebumen,,-7.4761,109.2200,Indonesia,ID,IDN,Jawa Tengah,Jawa Tengah,ID-JT,province,,1174.8,,,3,Asia/Jakarta,TRUE,1360911248
Kebumen,Kebumen,,-7.3933,109.5242,Indonesia,ID,IDN,Jawa Tengah,Jawa Tengah,ID-JT,province,,1116.9,,,3,Asia/Jakarta,TRUE,1360766881
Kebumen,Kebumen,,-6.9075,109.4305,Indonesia,ID,IDN,Jawa Tengah,Jawa Tengah,ID-JT,province,,1115.9,,,3,Asia/Jakarta,TRUE,1360040618
Kebumen,Kebumen,,-6.9577,109.8163,Indonesia,ID,IDN,Jawa Tengah,Jawa Tengah,ID-JT,province,,1002.7,,,3,Asia/Jakarta,TRUE,1360782287
Kebumen,Kebumen,,-7.0828,110.0398,Indonesia,ID,IDN,Jawa Tengah,Jawa Tengah,ID-JT,province,,968.8,,,3,Asia/Jakarta,TRUE,1360432836
Kebumen,Kebumen,Keboemen,-7.6686,109.6536,Indonesia,ID,IDN,Jawa Tengah,Jawa Tengah,ID-JT,province,minor,854.4,,,3,Asia/Jakarta,TRUE,1360318751
Kebumen,Kebumen,,-7.4225,109.6478,Indonesia,ID,IDN,Jawa Tengah,Jawa Tengah,ID-JT,province,,784.3,,,3,Asia/Jakarta,TRUE,1360004418
Kebumen,Kebumen,,-7.4425,109.5783,Indonesia,ID,IDN,Jawa Tengah,Jawa Tengah,ID-JT,province,,784.3,,,3,Asia/Jakarta,TRUE,1360105901
Kebumen,Kebumen,,-7.3233,109.6008,Indonesia,ID,IDN,Jawa Tengah,Jawa Tengah,ID-JT,province,,784.3,,,3,Asia/Jakarta,TRUE,1360151090
Kebumen,Kebumen,,-7.3533,109.6461,Indonesia,ID,IDN,Jawa Tengah,Jawa Tengah,ID-JT,province,,784.3,,,3,Asia/Jakarta,TRUE,1360403687
Kebumen,Kebumen,,-7.3458,109.9272,Indonesia,ID,IDN,Jawa Tengah,Jawa Tengah,ID-JT,province,,782.0,,,3,Asia/Jakarta,TRUE,1360039337
Pasirsatri,Pasirsatri,,-6.9672,107.0514,Indonesia,ID,IDN,Jawa Barat,Jawa Barat,ID-JB,province,,663.7,,,3,Asia/Jakarta,FALSE,1360432785
Bukit,Bukit,,3.1430,98.5450,Indonesia,ID,IDN,Sumatera Utara,Sumatera Utara,ID-SU,province,,200.0,,,4,Asia/Jakarta,FALSE,1360554293
Bukit,Bukit,,2.8669,99.1269,Indonesia,ID,IDN,Sumatera Utara,Sumatera Utara,ID-SU,province,,174.8,,,4,Asia/Jakarta,TRUE,1360104737
Bukit,Bukit,,3.5107,98.1664,Indonesia,ID,IDN,Sumatera Utara,Sumatera Utara,ID-SU,province,,166.6,,,4,Asia/Jakarta,TRUE,1360662272
Bukit,Bukit,,2.0278,98.4176,Indonesia,ID,IDN,Sumatera Utara,Sumatera Utara,ID-SU,province,,164.8,,,4,Asia/Jakarta,TRUE,1360990900
Oeleno,Oeleno,,-9.6211,124.7378,Indonesia,ID,IDN,Nusa Tenggara Timur,Nusa Tenggara Timur,ID-NT,province,minor,200.3,,,3,Asia/Makassar,FALSE,1360024962
Oeleno,Oeleno,,-9.8186,124.4272,Indonesia,ID,IDN,Nusa Tenggara Timur,Nusa Tenggara Timur,ID-NT,province,,125.8,,,4,Asia/Makassar,TRUE,1360337404
Oeleno,Oeleno,,-9.9064,124.6396,Indonesia,ID,IDN,Nusa Tenggara Timur,Nusa Tenggara Timur,ID-NT,province,,125.8,,,4,Asia/Makassar,TRUE,1360494236
Tegalbuleud,Tegalbuleud,Tegalboeleud,-7.2813,107.1429,Indonesia,ID,IDN,Jawa Barat,Jawa Barat,ID-JB,province,,666.6,,,3,Asia/Jakarta,FALSE,1360441967
Tegalbuleud,Tegalbuleud,,-7.4259,106.7451,Indonesia,ID,IDN,Jawa Barat,Jawa Barat,ID-JB,province,minor,633.7,,,3,Asia/Jakarta,TRUE,1360330529
Tegalbuleud,Tegalbuleud,,-7.2879,106.5087,Indonesia,ID,IDN,Jawa Barat,Jawa Barat,ID-JB,province,,633.7,,,3,Asia/Jakarta,TRUE,1360292562
Tegalbuleud,Tegalbuleud,Tegalboeleud,-7.1337,106.7460,Indonesia,ID,IDN,Jawa Barat,Jawa Barat,ID-JB,province,,633.7,,,3,Asia/Jakarta,TRUE,1360604244
Tegalbuleud,Tegalbuleud,,-7.2362,106.6796,Indonesia,ID,IDN,Jawa Barat,Jawa Barat,ID-JB,province,,633.7,,,3,Asia/Jakarta,TRUE,1360187971
Hulu,Hulu,,-6.7862,111.5550,Indonesia,ID,IDN,Jawa Tengah,Jawa Tengah,ID-JT,province,,600.6,,,3,Asia/Jakarta,FALSE,1360014307
Banjar Yehmampeh,Banjar Yehmampeh,,-8.2310,115.3570,Indonesia,ID,IDN,Bali,Bali,ID-BA,province,,466.3,,,3,Asia/Makassar,FALSE,1360542490
Umbulan Kuparan,Umbulan Kuparan,,-4.9733,104.0940,Indonesia,ID,IDN,Lampung,Lampung,ID-LA,province,,97.7,,,4,Asia/Jakarta,FALSE,1360025417
Umamalau,Umamalau,,-9.5275,119.4927,Indonesia,ID,IDN,Nusa Tenggara Timur,Nusa Tenggara Timur,ID-NT,province,,192.9,,,4,Asia/Makassar,FALSE,1360898754
Acoran,Acoran,,-6.9451,108.6986,Indonesia,ID,IDN,Jawa Barat,Jawa Barat,ID-JB,province,,889.0,,,3,Asia/Jakarta,FALSE,1360251241
Bendungan,Bendungan,,-5.1329,119.6351,Indonesia,ID,IDN,Sulawesi Selatan,Sulawesi Selatan,ID-SN,province,,229.5,,,3,Asia/Makassar,FALSE,1360676729
Bakutunggul,Bakutunggul,,-8.2127,124.2369,Indonesia,ID,IDN,Nusa Tenggara Timur,Nusa Tenggara Timur,ID-NT,province,,74.2,,,4,Asia/Makassar,FALSE,1360724215
Bojonggaul,Bojonggaul,,-6.8547,107.8928,Indonesia,ID,IDN,Jawa Barat,Jawa Barat,ID-JB,province,,779.3,,,3,Asia/Jakarta,FALSE,1360010740
Tolai,Tolai,,-1.0030,120.3380,Indonesia,ID,IDN,Sulawesi Tengah,Sulawesi Tengah,ID-ST,province,,81.9,,,4,Asia/Makassar,FALSE,1360289695
Sekarjati Kulon,Sekarjati Kulon,,-6.7432,110.7244,Indonesia,ID,IDN,Jawa Tengah,Jawa Tengah,ID-JT,province,,1152.9,,,3,Asia/Jakarta,FALSE,1360817856
Panampu,Panampu,,-4.4594,120.1860,Indonesia,ID,IDN,Sulawesi Selatan,Sulawesi Selatan,ID-SN,province,,175.7,,,4,Asia/Makassar,FALSE,1360726604
Pondok Kuala Piasa Satu,Pondok Kuala Piasa Satu,Pondok Kuala Piasa 1,2.9065,99.5626,Indonesia,ID,IDN,Aceh,Aceh,ID-AC,special region,,199.4,,,4,Asia/Jakarta,FALSE,1360435630
Ngaragem,Ngaragem,,-6.8367,107.6600,Indonesia,ID,IDN,Jawa Barat,Jawa Barat,ID-JB,province,,1300.1,,,3,Asia/Jakarta,FALSE,1360583020
Umurumuran,Umurumuran,,-6.7833,107.5222,Indonesia,ID,IDN,Jawa Barat,Jawa Barat,ID-JB,province,,1300.1,,,3,Asia/Jakarta,FALSE,1360527418
Imbar,Imbar,,-6.7403,108.2772,Indonesia,ID,IDN,Jawa Barat,Jawa Barat,ID-JB,province,,918.7,,,3,Asia/Jakarta,FALSE,1360865655
Babangeng,Babangeng,,-5.4565,119.9867,Indonesia,ID,IDN,Sulawesi Selatan,Sulawesi Selatan,ID-SN,province,,491.5,,,3,Asia/Makassar,FALSE,1360326893
Kwadungan,Kwadungan,,-7.5361,111.0508,Indonesia,ID,IDN,Jawa Tengah,Jawa Tengah,ID-JT,province,,1064.4,,,3,Asia/Jakarta,FALSE,1360935015
Kwadungan,Kwadungan,,-7.3242,110.0806,Indonesia,ID,IDN,Jawa Tengah,Jawa Tengah,ID-JT,province,,851.9,,,3,Asia/Jakarta,TRUE,1360892559
Kwadungan,Kwadungan,,-7.4094,110.0161,Indonesia,ID,IDN,Jawa Tengah,Jawa Tengah,ID-JT,province,,782.0,,,3,Asia/Jakarta,TRUE,1360203662
Cingaloma,Cingaloma,,-7.2821,108.0298,Indonesia,ID,IDN,Jawa Barat,Jawa Barat,ID-JB,province,,678.9,,,3,Asia/Jakarta,FALSE,1360641333
Feutleu,Feutleu,,-10.0089,124.4443,Indonesia,ID,IDN,Nusa Tenggara Timur,Nusa Tenggara Timur,ID-NT,province,,125.8,,,4,Asia/Makassar,FALSE,1360154948
Bunut Barat Tiga,Bunut Barat Tiga,Bunut Barat 3,3.0129,99.5918,Indonesia,ID,IDN,Sumatera Utara,Sumatera Utara,ID-SU,province,,199.4,,,4,Asia/Jakarta,FALSE,1360107107
Muara Ridung,Muara Ridung,Muararidung,-2.3105,102.7044,Indonesia,ID,IDN,Jambi,Jambi,ID-JA,province,,50.7,,,4,Asia/Jakarta,FALSE,1360740648
Bohopar Pasir,Bohopar Pasir,,2.5762,98.6702,Indonesia,ID,IDN,Sumatera Utara,Sumatera Utara,ID-SU,province,,72.0,,,4,Asia/Jakarta,FALSE,1360170560
Sukanalo,Sukanalo,Sukanalu,3.0820,98.5510,Indonesia,ID,IDN,Sumatera Utara,Sumatera Utara,ID-SU,province,,200.0,,,4,Asia/Jakarta,FALSE,1360194488
Pondok Penaton,Pondok Penaton,,3.0626,99.5958,Indonesia,ID,IDN,Sumatera Utara,Sumatera Utara,ID-SU,province,,199.4,,,4,Asia/Jakarta,FALSE,1360535947
Tebat Siempat,Tebat Siempat,,0.4271,101.7473,Indonesia,ID,IDN,Riau,Riau,ID-RI,province,,73.8,,,4,Asia/Jakarta,FALSE,1360322899
Gempollumbung,Gempollumbung,,-7.1705,112.3440,Indonesia,ID,IDN,Jawa Timur,Jawa Timur,ID-JI,province,,670.4,,,3,Asia/Jakarta,FALSE,1360336572
Danomakete,Danomakete,,-10.8438,123.0393,Indonesia,ID,IDN,Nusa Tenggara Timur,Nusa Tenggara Timur,ID-NT,province,,115.0,,,4,Asia/Makassar,FALSE,1360522776
Ranjeng Utara,Ranjeng Utara,,-6.4222,108.1367,Indonesia,ID,IDN,Jawa Barat,Jawa Barat,ID-JB,province,,850.8,,,3,Asia/Jakarta,FALSE,1360666911
Cigalunggung,Cigalunggung,Tjigarunggung|Cigarunggung,-6.9461,107.4047,Indonesia,ID,IDN,Jawa Barat,Jawa Barat,ID-JB,province,,1300.1,,,3,Asia/Jakarta,FALSE,1360927490
Jumoyo Selatan,Jumoyo Selatan,,-7.6125,110.3033,Indonesia,ID,IDN,Jawa Tengah,Jawa Tengah,ID-JT,province,,1113.4,,,3,Asia/Jakarta,FALSE,1360419852
Pulliwa,Pulliwa,,-3.2833,119.1530,Indonesia,ID,IDN,Sulawesi Barat,Sulawesi Barat,ID-SR,province,,257.6,,,3,Asia/Makassar,FALSE,1360533794
Tekalok,Tekalok,Kekalok,-8.3402,116.6895,Indonesia,ID,IDN,Nusa Tenggara Barat,Nusa Tenggara Barat,ID-NB,province,,826.7,,,3,Asia/Makassar,FALSE,1360031514
Pasirbelo,Pasirbelo,,2.9610,97.9080,Indonesia,ID,IDN,Aceh,Aceh,ID-AC,special region,,62.5,,,4,Asia/Jakarta,FALSE,1360018229
Hamuturabok,Hamuturabok,,-9.6415,119.1131,Indonesia,ID,IDN,Nusa Tenggara Timur,Nusa Tenggara Timur,ID-NT,province,,260.9,,,3,Asia/Makassar,FALSE,1360040874
Gerukem,Gerukem,,-7.3711,110.2006,Indonesia,ID,IDN,Jawa Tengah,Jawa Tengah,ID-JT,province,,851.9,,,3,Asia/Jakarta,FALSE,1360034682
Asan,Asan,,5.1220,97.2090,Indonesia,ID,IDN,Aceh,Aceh,ID-AC,special region,,234.2,,,3,Asia/Jakarta,FALSE,1360057834
Minake,Minake,,-3.0260,119.2942,Indonesia,ID,IDN,Sulawesi Barat,Sulawesi Barat,ID-SR,province,,69.1,,,4,Asia/Makassar,FALSE,1360296614
Pondokganjar,Pondokganjar,,-8.8574,115.9978,Indonesia,ID,IDN,Nusa Tenggara Barat,Nusa Tenggara Barat,ID-NB,province,,799.9,,,3,Asia/Makassar,FALSE,1360007150
Sawang,Sawang,,0.7368,103.3564,Indonesia,ID,IDN,Kepulauan Riau,Kepulauan Riau,ID-KR,province,minor,277.6,,,3,Asia/Jakarta,FALSE,1360459035
Bendoro,Bendoro,,-7.8961,112.8459,Indonesia,ID,IDN,Jawa Timur,Jawa Timur,ID-JI,province,,1127.0,,,3,Asia/Jakarta,FALSE,1360424071
Noo,Noo,,-1.0014,119.7394,Indonesia,ID,IDN,Sulawesi Tengah,Sulawesi Tengah,ID-ST,province,,66.7,,,4,Asia/Makassar,FALSE,1360031295
Purimargahayujaya,Purimargahayujaya,,-6.2536,107.0253,Indonesia,ID,IDN,Jawa Barat,Jawa Barat,ID-JB,province,,12280.2,,,2,Asia/Jakarta,FALSE,1360014942
Mojorejo Dua,Mojorejo Dua,,-7.9355,111.5022,Indonesia,ID,IDN,Jawa Timur,Jawa Timur,ID-JI,province,,601.1,,,3,Asia/Jakarta,FALSE,1360782568
Ulai Pulo,Ulai Pulo,Uleepulo,4.3850,96.0310,Indonesia,ID,IDN,Aceh,Aceh,ID-AC,special region,,51.7,,,4,Asia/Jakarta,FALSE,1360422864
Kalangfati,Kalangfati,,-8.1978,124.6107,Indonesia,ID,IDN,Nusa Tenggara Timur,Nusa Tenggara Timur,ID-NT,province,,74.2,,,4,Asia/Makassar,FALSE,1360019539
Cisalima,Cisalima,,-6.7639,106.5719,Indonesia,ID,IDN,Jawa Barat,Jawa Barat,ID-JB,province,,633.7,,,3,Asia/Jakarta,FALSE,1360996665
Kikurati,Kikurati,,-9.5234,119.6058,Indonesia,ID,IDN,Nusa Tenggara Timur,Nusa Tenggara Timur,ID-NT,province,,44.0,,,4,Asia/Makassar,FALSE,1360942185
Bolas,Bolas,,-8.5004,116.6004,Indonesia,ID,IDN,Nusa Tenggara Barat,Nusa Tenggara Barat,ID-NB,province,,826.7,,,3,Asia/Makassar,FALSE,1360347738
Banjarjo Dua,Banjarjo Dua,,-7.7888,111.4852,Indonesia,ID,IDN,Jawa Timur,Jawa Timur,ID-JI,province,,611.5,,,3,Asia/Jakarta,FALSE,1360025655
Sukasirna Dua,Sukasirna Dua,,-7.3031,106.6094,Indonesia,ID,IDN,Jawa Barat,Jawa Barat,ID-JB,province,,633.7,,,3,Asia/Jakarta,FALSE,1360183762
Bakom,Bakom,Bahom,-6.3568,106.9737,Indonesia,ID,IDN,Jawa Barat,Jawa Barat,ID-JB,province,,7659.1,,,2,Asia/Jakarta,FALSE,1360013077
Bakom,Bakom,,-6.6608,106.8450,Indonesia,ID,IDN,Jawa Barat,Jawa Barat,ID-JB,province,,2230.8,,,2,Asia/Jakarta,TRUE,1360306825
Bakom,Bakom,,-6.8082,108.5614,Indonesia,ID,IDN,Jawa Barat,Jawa Barat,ID-JB,province,,2095.8,,,2,Asia/Jakarta,TRUE,1360488750
Bakom,Bakom,,-7.0045,107.9007,Indonesia,ID,IDN,Jawa Barat,Jawa Barat,ID-JB,province,,1644.3,,,3,Asia/Jakarta,TRUE,1360594590
Bakom,Bakom,,-6.8869,107.3808,Indonesia,ID,IDN,Jawa Barat,Jawa Barat,ID-JB,province,,1300.1,,,3,Asia/Jakarta,TRUE,1360119621
Bakom,Bakom,,-7.4122,107.9243,Indonesia,ID,IDN,Jawa Barat,Jawa Barat,ID-JB,province,,909.3,,,3,Asia/Jakarta,TRUE,1360511173
Bakom,Bakom,,-7.0319,107.9978,Indonesia,ID,IDN,Jawa Barat,Jawa Barat,ID-JB,province,minor,909.3,,,3,Asia/Jakarta,TRUE,1360595545
Bakom,Bakom,Bakom 3,-7.1126,108.0765,Indonesia,ID,IDN,Jawa Barat,Jawa Barat,ID-JB,province,,894.8,,,3,Asia/Jakarta,TRUE,1360064713
Bakom,Bakom,,-6.9969,108.4114,Indonesia,ID,IDN,Jawa Barat,Jawa Barat,ID-JB,province,,889.0,,,3,Asia/Jakarta,TRUE,1360351697
Bakom,Bakom,,-7.0524,108.5307,Indonesia,ID,IDN,Jawa Barat,Jawa Barat,ID-JB,province,,889.0,,,3,Asia/Jakarta,TRUE,1360430074
Bakom,Bakom,,-7.0055,108.5494,Indonesia,ID,IDN,Jawa Barat,Jawa Barat,ID-JB,province,,889.0,,,3,Asia/Jakarta,TRUE,1360154721
Bakom,Bakom,,-6.8631,108.1153,Indonesia,ID,IDN,Jawa Barat,Jawa Barat,ID-JB,province,,779.3,,,3,Asia/Jakarta,TRUE,1360147615
Bakom,Bakom,,-6.8856,108.0353,Indonesia,ID,IDN,Jawa Barat,Jawa Barat,ID-JB,province,,779.3,,,3,Asia/Jakarta,TRUE,1360928309
Bakom,Bakom,,-6.6397,107.8217,Indonesia,ID,IDN,Jawa Barat,Jawa Barat,ID-JB,province,,751.4,,,3,Asia/Jakarta,TRUE,1360026855
Bakom,Bakom,,-7.6714,108.0045,Indonesia,ID,IDN,Jawa Barat,Jawa Barat,ID-JB,province,,678.9,,,3,Asia/Jakarta,TRUE,1360006497
Bakom,Bakom,,-7.3767,108.0051,Indonesia,ID,IDN,Jawa Barat,Jawa Barat,ID-JB,province,,678.9,,,3,Asia/Jakarta,TRUE,1360745780
Bakom,Bakom,,-7.4584,108.2568,Indonesia,ID,IDN,Jawa Barat,Jawa Barat,ID-JB,province,,678.9,,,3,Asia/Jakarta,TRUE,1360638632
Bakom,Bakom,,-6.7492,107.2433,Indonesia,ID,IDN,Jawa Barat,Jawa Barat,ID-JB,province,,666.6,,,3,Asia/Jakarta,TRUE,1360629593
Bakom,Bakom,,-6.7239,107.1417,Indonesia,ID,IDN,Jawa Barat,Jawa Barat,ID-JB,province,,666.6,,,3,Asia/Jakarta,TRUE,1360385342
Singkih,Singkih,,-5.9756,107.2219,Indonesia,ID,IDN,Jawa Barat,Jawa Barat,ID-JB,province,,1386.3,,,3,Asia/Jakarta,FALSE,1360255876
Kampek Dua,Kampek Dua,Kampek 2,-7.1000,112.8972,Indonesia,ID,IDN,Jawa Timur,Jawa Timur,ID-JI,province,,781.3,,,3,Asia/Jakarta,FALSE,1360091034
Banyongsari,Banyongsari,,-6.8982,109.7361,Indonesia,ID,IDN,Jawa Tengah,Jawa Tengah,ID-JT,province,,1468.5,,,3,Asia/Jakarta,FALSE,1360335332
Masning,Masning,,-6.2519,106.4739,Indonesia,ID,IDN,Jawa Barat,Jawa Barat,ID-JB,province,,4371.4,,,2,Asia/Jakarta,FALSE,1360770594
Kayugede,Kayugede,,-7.4933,109.5794,Indonesia,ID,IDN,Jawa Tengah,Jawa Tengah,ID-JT,province,,784.3,,,3,Asia/Jakarta,FALSE,1360173384
Penagan,Penagan,,-2.2722,105.8143,Indonesia,ID,IDN,Kepulauan Bangka Belitung,Kepulauan Bangka Belitung,ID-BB,province,,122.2,,,4,Asia/Jakarta,FALSE,1360948345
Langawai,Langawai,,-8.3266,121.7447,Indonesia,ID,IDN,Nusa Tenggara Timur,Nusa Tenggara Timur,ID-NT,province,,202.1,,,3,Asia/Makassar,FALSE,1360255755
Ronggo,Ronggo,,-6.9224,110.9133,Indonesia,ID,IDN,Jawa Tengah,Jawa Tengah,ID-JT,province,,818.0,,,3,Asia/Jakarta,FALSE,1360664044
Ronggo,Ronggo,,-6.8184,111.0747,Indonesia,ID,IDN,Jawa Tengah,Jawa Tengah,ID-JT,province,,818.0,,,3,Asia/Jakarta,TRUE,1360034858
Ronggo,Ronggo,,-6.8414,111.2564,Indonesia,ID,IDN,Jawa Tengah,Jawa Tengah,ID-JT,province,minor,796.8,,,3,Asia/Jakarta,TRUE,1360126134
Pondok Batutiga,Pondok Batutiga,,2.9494,99.0160,Indonesia,ID,IDN,Sumatera Utara,Sumatera Utara,ID-SU,province,,174.8,,,4,Asia/Jakarta,FALSE,1360975805
Kalimantan,Kalimantan,,1.6167,109.1833,Indonesia,ID,IDN,Kalimantan Barat,Kalimantan Barat,ID-KB,province,,127.2,,,4,Asia/Pontianak,FALSE,1360033171
Konto,Konto,,-7.4854,112.2321,Indonesia,ID,IDN,Jawa Timur,Jawa Timur,ID-JI,province,,1174.4,,,3,Asia/Jakarta,FALSE,1360881881
Konto,Konto,,-8.1418,111.4121,Indonesia,ID,IDN,Jawa Timur,Jawa Timur,ID-JI,province,,601.1,,,3,Asia/Jakarta,TRUE,1360686354
Konto,Konto,,-8.2246,111.4849,Indonesia,ID,IDN,Jawa Timur,Jawa Timur,ID-JI,province,,559.8,,,3,Asia/Jakarta,TRUE,1360481170
Konto,Konto,,-8.2587,111.5159,Indonesia,ID,IDN,Jawa Timur,Jawa Timur,ID-JI,province,,559.8,,,3,Asia/Jakarta,TRUE,1360410302
Konto,Konto,,-8.1383,111.3042,Indonesia,ID,IDN,Jawa Timur,Jawa Timur,ID-JI,province,,392.8,,,3,Asia/Jakarta,TRUE,1360369714
Konto,Konto,,-8.2138,111.3777,Indonesia,ID,IDN,Jawa Timur,Jawa Timur,ID-JI,province,,392.8,,,3,Asia/Jakarta,TRUE,1360019990
Tenupulen,Tenupulen,,-9.6444,124.2426,Indonesia,ID,IDN,Nusa Tenggara Timur,Nusa Tenggara Timur,ID-NT,province,,125.8,,,4,Asia/Makassar,FALSE,1360991042
Menyarik,Menyarik,,-7.7383,112.9316,Indonesia,ID,IDN,Jawa Timur,Jawa Timur,ID-JI,province,,1127.0,,,3,Asia/Jakarta,FALSE,1360293864
Tanjung Bberingin,Tanjung Bberingin,Tandjungberingin,3.0520,98.3640,Indonesia,ID,IDN,Sumatera Utara,Sumatera Utara,ID-SU,province,,200.0,,,4,Asia/Jakarta,FALSE,1360328680
Kenceh,Kenceh,,-7.0789,107.9576,Indonesia,ID,IDN,Jawa Barat,Jawa Barat,ID-JB,province,,909.3,,,3,Asia/Jakarta,FALSE,1360425621
Lintek,Lintek,,-8.6634,116.4564,Indonesia,ID,IDN,Nusa Tenggara Barat,Nusa Tenggara Barat,ID-NB,province,minor,826.7,,,3,Asia/Makassar,FALSE,1360529823
Nadea Uruk,Nadea Uruk,,2.5499,98.7230,Indonesia,ID,IDN,Sumatera Utara,Sumatera Utara,ID-SU,province,,72.0,,,4,Asia/Jakarta,FALSE,1360388231
Cilemo,Cilemo,,-7.3137,107.4522,Indonesia,ID,IDN,Jawa Barat,Jawa Barat,ID-JB,province,,682.8,,,3,Asia/Jakarta,FALSE,1360073201
Sialangnapa,Sialangnapa,,1.8273,99.7112,Indonesia,ID,IDN,Sumatera Utara,Sumatera Utara,ID-SU,province,,105.3,,,4,Asia/Jakarta,FALSE,1360017761
Talumolo,Talumolo,,0.5167,123.0667,Indonesia,ID,IDN,Gorontalo,Gorontalo,ID-GO,province,,1925.1,,,3,Asia/Makassar,FALSE,1360508012
Maseran,Maseran,,-7.1253,110.2722,Indonesia,ID,IDN,Jawa Tengah,Jawa Tengah,ID-JT,province,,968.8,,,3,Asia/Jakarta,FALSE,1360588937
Menyiuh,Menyiuh,,-8.6960,116.3501,Indonesia,ID,IDN,Nusa Tenggara Barat,Nusa Tenggara Barat,ID-NB,province,,782.4,,,3,Asia/Makassar,FALSE,1360364707
Amakebo,Amakebo,,-8.4388,123.0362,Indonesia,ID,IDN,Nusa Tenggara Timur,Nusa Tenggara Timur,ID-NT,province,,153.4,,,4,Asia/Makassar,FALSE,1360809279
Sogae,Sogae,,-4.3477,121.5185,Indonesia,ID,IDN,Sulawesi Tenggara,Sulawesi Tenggara,ID-SG,province,,66.0,,,4,Asia/Makassar,FALSE,1360604673
Bangkok Barat,Bangkok Barat,,-7.8380,112.1040,Indonesia,ID,IDN,Jawa Timur,Jawa Timur,ID-JI,province,,1030.6,,,3,Asia/Jakarta,FALSE,1360011464
Sembego,Sembego,,-7.7614,110.4400,Indonesia,ID,IDN,Yogyakarta,Yogyakarta,ID-YO,special region,,2319.5,,,2,Asia/Jakarta,FALSE,1360628520
Kertosari Lor,Kertosari Lor,,-7.6200,112.8927,Indonesia,ID,IDN,Jawa Timur,Jawa Timur,ID-JI,province,,3449.4,,,2,Asia/Jakarta,FALSE,1360280565
Saren,Saren,,-8.6019,116.0998,Indonesia,ID,IDN,Nusa Tenggara Barat,Nusa Tenggara Barat,ID-NB,province,,8265.3,,,2,Asia/Makassar,FALSE,1360021600
Sogae,Sogae,,-4.0872,119.6156,Indonesia,ID,IDN,Sulawesi Selatan,Sulawesi Selatan,ID-SN,province,,156.2,,,4,Asia/Makassar,FALSE,1360684489
Ampel Jaya,Ampel Jaya,,-6.4858,108.2953,Indonesia,ID,IDN,Jawa Barat,Jawa Barat,ID-JB,province,,850.8,,,3,Asia/Jakarta,FALSE,1360234331
Gajingkahean,Gajingkahean,,3.0687,99.1897,Indonesia,ID,IDN,Sumatera Utara,Sumatera Utara,ID-SU,province,,174.8,,,4,Asia/Jakarta,FALSE,1360859715
Amola,Amola,,-3.4516,119.4768,Indonesia,ID,IDN,Sulawesi Barat,Sulawesi Barat,ID-SR,province,,227.6,,,3,Asia/Makassar,FALSE,1360857700
Sipingan,Sipingan,,2.6066,98.7066,Indonesia,ID,IDN,Sumatera Utara,Sumatera Utara,ID-SU,province,,72.0,,,4,Asia/Jakarta,FALSE,1360001894
Kwarasan Kidul,Kwarasan Kidul,,-7.8279,112.1318,Indonesia,ID,IDN,Jawa Timur,Jawa Timur,ID-JI,province,,1030.6,,,3,Asia/Jakarta,FALSE,1360992556
Pondokkelapasawit,Pondokkelapasawit,,1.9464,100.2210,Indonesia,ID,IDN,Sumatera Utara,Sumatera Utara,ID-SU,province,,101.3,,,4,Asia/Jakarta,FALSE,1360679117
Pariuknangkub Pasir,Pariuknangkub Pasir,,-6.3781,106.2089,Indonesia,ID,IDN,Banten,Banten,ID-BT,province,,432.7,,,3,Asia/Jakarta,FALSE,1360284223
Pasirkadilangu,Pasirkadilangu,,-7.8933,110.0286,Indonesia,ID,IDN,Yogyakarta,Yogyakarta,ID-YO,special region,,664.1,,,3,Asia/Jakarta,FALSE,1360615356
Busuk 1,Busuk 1,,-6.3639,107.1983,Indonesia,ID,IDN,Jawa Barat,Jawa Barat,ID-JB,province,,3403.8,,,2,Asia/Jakarta,FALSE,1360333183
Dadiwira,Dadiwira,,-8.2843,124.3336,Indonesia,ID,IDN,Nusa Tenggara Timur,Nusa Tenggara Timur,ID-NT,province,,74.2,,,4,Asia/Makassar,FALSE,1360622184
Palleko,Palleko,Paleko|Pallekok,-5.3607,119.4630,Indonesia,ID,IDN,Sulawesi Selatan,Sulawesi Selatan,ID-SN,province,,493.6,,,3,Asia/Makassar,FALSE,1360293524
Blang Mane,Blang Mane,,5.0390,96.7470,Indonesia,ID,IDN,Aceh,Aceh,ID-AC,special region,minor,258.6,,,3,Asia/Jakarta,FALSE,1360959440
Cigatrot Girang,Cigatrot Girang,,-6.7108,107.4250,Indonesia,ID,IDN,Jawa Barat,Jawa Barat,ID-JB,province,,1300.1,,,3,Asia/Jakarta,FALSE,1360207631
Ambalu,Ambalu,Nangah Ambalau|Ambaloe,-0.2333,112.7667,Indonesia,ID,IDN,Kalimantan Barat,Kalimantan Barat,ID-KB,province,,12.0,,,4,Asia/Pontianak,FALSE,1360651537
Tumpang,Tumpang,,-7.7011,112.8356,Indonesia,ID,IDN,Jawa Timur,Jawa Timur,ID-JI,province,,1127.0,,,3,Asia/Jakarta,FALSE,1360479800
Tumpang,Tumpang,,-7.9658,112.0632,Indonesia,ID,IDN,Jawa Timur,Jawa Timur,ID-JI,province,,1030.6,,,3,Asia/Jakarta,TRUE,1360490866
Tumpang,Tumpang,,-7.6778,111.3122,Indonesia,ID,IDN,Jawa Timur,Jawa Timur,ID-JI,province,,865.1,,,3,Asia/Jakarta,TRUE,1360229137
Tumpang,Tumpang,Toempang,-8.0061,112.7639,Indonesia,ID,IDN,Jawa Timur,Jawa Timur,ID-JI,province,minor,761.0,,,3,Asia/Jakarta,TRUE,1360471161
Tumpang,Tumpang,,-8.2651,112.4590,Indonesia,ID,IDN,Jawa Timur,Jawa Timur,ID-JI,province,,761.0,,,3,Asia/Jakarta,TRUE,1360100162
Tumpang,Tumpang,,-8.1227,112.2541,Indonesia,ID,IDN,Jawa Timur,Jawa Timur,ID-JI,province,minor,671.1,,,3,Asia/Jakarta,TRUE,1360046360
Tumpang,Tumpang,,-7.7468,111.5473,Indonesia,ID,IDN,Jawa Timur,Jawa Timur,ID-JI,province,,617.8,,,3,Asia/Jakarta,TRUE,1360232096
Tumpang,Tumpang,,-8.0477,111.5405,Indonesia,ID,IDN,Jawa Timur,Jawa Timur,ID-JI,province,,601.1,,,3,Asia/Jakarta,TRUE,1360350170
Tumpang,Tumpang,,-7.5222,111.2692,Indonesia,ID,IDN,Jawa Timur,Jawa Timur,ID-JI,province,,586.3,,,3,Asia/Jakarta,TRUE,1360412334
Tumpang,Tumpang,,-8.0744,111.7507,Indonesia,ID,IDN,Jawa Timur,Jawa Timur,ID-JI,province,minor,559.8,,,3,Asia/Jakarta,TRUE,1360499901
Tumpang,Tumpang,,-7.3012,112.0339,Indonesia,ID,IDN,Jawa Timur,Jawa Timur,ID-JI,province,,536.4,,,3,Asia/Jakarta,TRUE,1360145815
Tumpang,Tumpang,,-8.1325,111.3617,Indonesia,ID,IDN,Jawa Timur,Jawa Timur,ID-JI,province,,405.1,,,3,Asia/Jakarta,TRUE,1360115283
Tumpang,Tumpang,,-8.0875,110.9497,Indonesia,ID,IDN,Jawa Timur,Jawa Timur,ID-JI,province,,393.4,,,3,Asia/Jakarta,TRUE,1360300590
Tumpang,Tumpang,,-8.1342,111.2206,Indonesia,ID,IDN,Jawa Timur,Jawa Timur,ID-JI,province,,392.8,,,3,Asia/Jakarta,TRUE,1360514968
Tumpang,Tumpang,,-8.2150,111.2583,Indonesia,ID,IDN,Jawa Timur,Jawa Timur,ID-JI,province,,392.8,,,3,Asia/Jakarta,TRUE,1360305420
Tumpang,Tumpang,,-8.2319,111.3619,Indonesia,ID,IDN,Jawa Timur,Jawa Timur,ID-JI,province,,392.8,,,3,Asia/Jakarta,TRUE,1360454458
Tumpang,Tumpang,,-8.0664,111.1331,Indonesia,ID,IDN,Jawa Timur,Jawa Timur,ID-JI,province,,392.8,,,3,Asia/Jakarta,TRUE,1360455131
Tumpang,Tumpang,,-8.0739,111.2947,Indonesia,ID,IDN,Jawa Timur,Jawa Timur,ID-JI,province,,392.8,,,3,Asia/Jakarta,TRUE,1360721133
Sarongge Kidul,Sarongge Kidul,,-6.7747,107.0444,Indonesia,ID,IDN,Jawa Barat,Jawa Barat,ID-JB,province,,666.6,,,3,Asia/Jakarta,FALSE,1360398008
Tanga Manjaraja,Tanga Manjaraja,Tongahmaradja,2.9545,99.2516,Indonesia,ID,IDN,Sumatera Utara,Sumatera Utara,ID-SU,province,,174.8,,,4,Asia/Jakarta,FALSE,1360114067
Jongkang,Jongkang,,-3.9453,120.0477,Indonesia,ID,IDN,Sulawesi Selatan,Sulawesi Selatan,ID-SN,province,,175.3,,,4,Asia/Makassar,FALSE,1360942431
Bung Neuleuk,Bung Neuleuk,,5.5089,95.3969,Indonesia,ID,IDN,Aceh,Aceh,ID-AC,special region,,153.5,,,4,Asia/Jakarta,FALSE,1360982601
Kala Barat,Kala Barat,,-8.5174,118.4805,Indonesia,ID,IDN,Nusa Tenggara Barat,Nusa Tenggara Barat,ID-NB,province,,125.3,,,4,Asia/Makassar,FALSE,1360032506
Jalinan Timur,Jalinan Timur,,-7.0854,113.5491,Indonesia,ID,IDN,Jawa Timur,Jawa Timur,ID-JI,province,,1149.1,,,3,Asia/Jakarta,FALSE,1360892302
Gupot,Gupot,,-6.9834,112.7957,Indonesia,ID,IDN,Jawa Timur,Jawa Timur,ID-JI,province,,781.3,,,3,Asia/Jakarta,FALSE,1360155947
Airtawar Satu,Airtawar Satu,Airtawar 1,4.2855,98.1724,Indonesia,ID,IDN,Sumatera Utara,Sumatera Utara,ID-SU,province,,166.6,,,4,Asia/Jakarta,FALSE,1360956171
Pokdadap,Pokdadap,,-8.0492,110.6978,Indonesia,ID,IDN,Yogyakarta,Yogyakarta,ID-YO,special region,,457.6,,,3,Asia/Jakarta,FALSE,1360724974
Geripak,Geripak,,-8.5227,116.1345,Indonesia,ID,IDN,Nusa Tenggara Barat,Nusa Tenggara Barat,ID-NB,province,,799.9,,,3,Asia/Makassar,FALSE,1360798638
Afengmale,Afengmale,,-8.2083,124.5315,Indonesia,ID,IDN,Nusa Tenggara Timur,Nusa Tenggara Timur,ID-NT,province,,74.2,,,4,Asia/Makassar,FALSE,1360400460
Passapa,Passapa,,-2.6219,120.1861,Indonesia,ID,IDN,Sulawesi Selatan,Sulawesi Selatan,ID-SN,province,,45.2,,,4,Asia/Makassar,FALSE,1360869275
Rabesan,Rabesan,,-7.7912,113.4766,Indonesia,ID,IDN,Jawa Timur,Jawa Timur,ID-JI,province,,683.3,,,3,Asia/Jakarta,FALSE,1360669952
Hessa Air Genting Dua,Hessa Air Genting Dua,Hessa Air Genting II,2.9254,99.7015,Indonesia,ID,IDN,Aceh,Aceh,ID-AC,special region,,199.4,,,4,Asia/Jakarta,FALSE,1360665712
Bandarjambu,Bandarjambu,Bandarbedjambu,3.2765,99.0624,Indonesia,ID,IDN,Sumatera Utara,Sumatera Utara,ID-SU,province,,332.4,,,3,Asia/Jakarta,FALSE,1360515981
Bandarjambu,Bandarjambu,Bandardjambu,3.1298,99.0933,Indonesia,ID,IDN,Sumatera Utara,Sumatera Utara,ID-SU,province,,174.8,,,4,Asia/Jakarta,TRUE,1360349012
Biromaru,Biromaru,Biromaroe,-0.9333,119.9167,Indonesia,ID,IDN,Sulawesi Tengah,Sulawesi Tengah,ID-ST,province,,675.1,,,3,Asia/Makassar,FALSE,1360930105
Pamulawan,Pamulawan,Pamoelawan,-3.3667,115.6833,Indonesia,ID,IDN,Kalimantan Selatan,Kalimantan Selatan,ID-KS,province,,76.6,,,4,Asia/Makassar,FALSE,1360429709
Ciratna,Ciratna,,-7.2133,108.5235,Indonesia,ID,IDN,Jawa Barat,Jawa Barat,ID-JB,province,,590.8,,,3,Asia/Jakarta,FALSE,1360507607
Buahbatu,Buahbatu,Boeahbatoe|Boea-Batoe,-6.9486,107.6292,Indonesia,ID,IDN,Jawa Barat,Jawa Barat,ID-JB,province,,23655.5,,,2,Asia/Jakarta,FALSE,1360237394
Buahbatu,Buahbatu,,-6.8117,107.6244,Indonesia,ID,IDN,Jawa Barat,Jawa Barat,ID-JB,province,,1300.1,,,3,Asia/Jakarta,TRUE,1360000780
Kedungbanteng Satu,Kedungbanteng Satu,,-7.4783,111.6322,Indonesia,ID,IDN,Jawa Timur,Jawa Timur,ID-JI,province,,617.8,,,3,Asia/Jakarta,FALSE,1360419027
Umbulan Sebayau,Umbulan Sebayau,,-4.8466,104.9714,Indonesia,ID,IDN,Lampung,Lampung,ID-LA,province,,275.3,,,3,Asia/Jakarta,FALSE,1360051487
Beakawu,Beakawu,,-8.7399,120.5377,Indonesia,ID,IDN,Nusa Tenggara Timur,Nusa Tenggara Timur,ID-NT,province,,132.9,,,4,Asia/Makassar,FALSE,1360052110
Lungbaro,Lungbaro,Lhung Baro,3.6280,96.9210,Indonesia,ID,IDN,Aceh,Aceh,ID-AC,special region,,55.6,,,4,Asia/Jakarta,FALSE,1360158520
Tamanleco,Tamanleco,,-7.9548,114.1223,Indonesia,ID,IDN,Jawa Timur,Jawa Timur,ID-JI,province,,437.5,,,3,Asia/Jakarta,FALSE,1360791246
Banagan,Banagan,,0.8426,120.3353,Indonesia,ID,IDN,Sulawesi Tengah,Sulawesi Tengah,ID-ST,province,,72.5,,,4,Asia/Makassar,FALSE,1360374606
Kedungaren,Kedungaren,,-7.4117,111.2758,Indonesia,ID,IDN,Jawa Timur,Jawa Timur,ID-JI,province,,586.3,,,3,Asia/Jakarta,FALSE,1360750462
Kokoncong,Kokoncong,,-6.6350,106.7144,Indonesia,ID,IDN,Jawa Barat,Jawa Barat,ID-JB,province,,2169.9,,,2,Asia/Jakarta,FALSE,1360124789
Kokoncong,Kokoncong,,-6.7517,108.1503,Indonesia,ID,IDN,Jawa Barat,Jawa Barat,ID-JB,province,,911.1,,,3,Asia/Jakarta,TRUE,1360493190
Kokoncong,Kokoncong,,-7.3769,107.4922,Indonesia,ID,IDN,Jawa Barat,Jawa Barat,ID-JB,province,,909.3,,,3,Asia/Jakarta,TRUE,1360430915
Kokoncong,Kokoncong,,-7.2867,108.1128,Indonesia,ID,IDN,Jawa Barat,Jawa Barat,ID-JB,province,,678.9,,,3,Asia/Jakarta,TRUE,1360088017
Kokoncong,Kokoncong,,-7.2539,107.2548,Indonesia,ID,IDN,Jawa Barat,Jawa Barat,ID-JB,province,,666.6,,,3,Asia/Jakarta,TRUE,1360168861
Kokoncong,Kokoncong,,-7.1756,107.1089,Indonesia,ID,IDN,Jawa Barat,Jawa Barat,ID-JB,province,,666.6,,,3,Asia/Jakarta,TRUE,1360004076
Kokoncong,Kokoncong,,-7.1919,106.4602,Indonesia,ID,IDN,Jawa Barat,Jawa Barat,ID-JB,province,,633.7,,,3,Asia/Jakarta,TRUE,1360874821
Gunungmegang,Gunungmegang,,-3.9470,103.2120,Indonesia,ID,IDN,Sumatera Selatan,Sumatera Selatan,ID-SS,province,,85.0,,,4,Asia/Jakarta,FALSE,1360037532
Gunungmegang,Gunungmegang,Goenoengmegang|Gunung Megang,-4.2780,103.8210,Indonesia,ID,IDN,Sumatera Selatan,Sumatera Selatan,ID-SS,province,,78.4,,,4,Asia/Jakarta,TRUE,1360453359
Amburan,Amburan,Amboeran,0.9808,124.6908,Indonesia,ID,IDN,Sulawesi Utara,Sulawesi Utara,ID-SA,province,,191.0,,,4,Asia/Makassar,FALSE,1360528002
Aiketa,Aiketa,,-8.8772,121.1947,Indonesia,ID,IDN,Nusa Tenggara Timur,Nusa Tenggara Timur,ID-NT,province,,122.9,,,4,Asia/Makassar,FALSE,1360689293
Gandudukuh,Gandudukuh,,-6.9268,109.6413,Indonesia,ID,IDN,Jawa Tengah,Jawa Tengah,ID-JT,province,,1789.9,,,3,Asia/Jakarta,FALSE,1360835114
Bahalatbayu,Bahalatbayu,Bahalat,2.9610,99.2220,Indonesia,ID,IDN,Sumatera Utara,Sumatera Utara,ID-SU,province,,174.8,,,4,Asia/Jakarta,FALSE,1360410303
Kedungaren,Kedungaren,,-7.6506,109.0367,Indonesia,ID,IDN,Jawa Tengah,Jawa Tengah,ID-JT,province,,708.0,,,3,Asia/Jakarta,FALSE,1360659374
Kedungaren,Kedungaren,,-6.9179,111.3751,Indonesia,ID,IDN,Jawa Tengah,Jawa Tengah,ID-JT,province,,432.6,,,3,Asia/Jakarta,TRUE,1360696725
Barung Pulau,Barung Pulau,Barungpulau,-2.1839,101.7003,Indonesia,ID,IDN,Jambi,Jambi,ID-JA,province,,70.5,,,4,Asia/Jakarta,FALSE,1360839603
Blambang Kulon,Blambang Kulon,,-8.1692,114.2610,Indonesia,ID,IDN,Jawa Timur,Jawa Timur,ID-JI,province,,452.5,,,3,Asia/Jakarta,FALSE,1360056757
Sokolimo,Sokolimo,,-6.6040,110.6822,Indonesia,ID,IDN,Jawa Tengah,Jawa Tengah,ID-JT,province,,1152.9,,,3,Asia/Jakarta,FALSE,1360542884
Banjar Tohjiwo,Banjar Tohjiwo,,-8.3266,115.1978,Indonesia,ID,IDN,Bali,Bali,ID-BA,province,minor,543.3,,,3,Asia/Makassar,FALSE,1360138751
Duhidaan,Duhidaan,Doehidaän|Doehijadaä,0.4667,121.8833,Indonesia,ID,IDN,Gorontalo,Gorontalo,ID-GO,province,,35.9,,,4,Asia/Makassar,FALSE,1360306643
Inalatan,Inalatan,,1.0279,121.6495,Indonesia,ID,IDN,Sulawesi Tengah,Sulawesi Tengah,ID-ST,province,,46.3,,,4,Asia/Makassar,FALSE,1360459743
Kubuperahu,Kubuperahu,,-5.0748,104.0378,Indonesia,ID,IDN,Lampung,Lampung,ID-LA,province,,97.7,,,4,Asia/Jakarta,FALSE,1360013531
Pohkenceng,Pohkenceng,,-7.2506,112.0163,Indonesia,ID,IDN,Jawa Timur,Jawa Timur,ID-JI,province,,536.4,,,3,Asia/Jakarta,FALSE,1360027628
Ngenjring,Ngenjring,,-8.1775,111.0042,Indonesia,ID,IDN,Jawa Timur,Jawa Timur,ID-JI,province,,392.8,,,3,Asia/Jakarta,FALSE,1360298223
Neosob,Neosob,,-9.7606,124.4816,Indonesia,ID,IDN,Nusa Tenggara Timur,Nusa Tenggara Timur,ID-NT,province,minor,125.8,,,3,Asia/Makassar,FALSE,1360241009
Timbangalas,Timbangalas,,-7.2472,108.4001,Indonesia,ID,IDN,Jawa Barat,Jawa Barat,ID-JB,province,,590.8,,,3,Asia/Jakarta,FALSE,1360110911
Bulubatue,Bulubatue,,-4.6807,119.6031,Indonesia,ID,IDN,Sulawesi Selatan,Sulawesi Selatan,ID-SN,province,,438.7,,,3,Asia/Makassar,FALSE,1360840221
Drujukalong,Drujukalong,,-7.6403,110.2606,Indonesia,ID,IDN,Jawa Tengah,Jawa Tengah,ID-JT,province,,1113.4,,,3,Asia/Jakarta,FALSE,1360862859
Rawabebek,Rawabebek,Rawabebek Dua|Rawabebekbendungan|Rawabebek 2,-6.2197,106.9642,Indonesia,ID,IDN,Jawa Barat,Jawa Barat,ID-JB,province,,14089.8,,,2,Asia/Jakarta,FALSE,1360985368
Rawabebek,Rawabebek,,-6.0686,106.5619,Indonesia,ID,IDN,Jawa Barat,Jawa Barat,ID-JB,province,,4371.4,,,2,Asia/Jakarta,TRUE,1360027752
Rawabebek,Rawabebek,,-6.4394,107.0628,Indonesia,ID,IDN,Jawa Barat,Jawa Barat,ID-JB,province,,2169.9,,,2,Asia/Jakarta,TRUE,1360017277
Rawabebek,Rawabebek,,-6.2264,107.5722,Indonesia,ID,IDN,Jawa Barat,Jawa Barat,ID-JB,province,,1386.3,,,3,Asia/Jakarta,TRUE,1360062401
Rawabebek,Rawabebek,,-6.1981,107.3433,Indonesia,ID,IDN,Jawa Barat,Jawa Barat,ID-JB,province,,1386.3,,,3,Asia/Jakarta,TRUE,1360492727
Rawabebek,Rawabebek,,-6.8492,107.2636,Indonesia,ID,IDN,Jawa Barat,Jawa Barat,ID-JB,province,,666.6,,,3,Asia/Jakarta,TRUE,1360012202
Ranangkali,Ranangkali,,-0.1251,119.9546,Indonesia,ID,IDN,Sulawesi Tengah,Sulawesi Tengah,ID-ST,province,,71.4,,,4,Asia/Makassar,FALSE,1360754905
Gadingrejo,Gadingrejo,,-7.3794,111.0836,Indonesia,ID,IDN,Jawa Tengah,Jawa Tengah,ID-JT,province,,911.2,,,3,Asia/Jakarta,FALSE,1360085592
Gadingrejo,Gadingrejo,,-7.5028,111.0942,Indonesia,ID,IDN,Jawa Tengah,Jawa Tengah,ID-JT,province,,911.2,,,3,Asia/Jakarta,TRUE,1360696383
Gadingrejo,Gadingrejo,,-7.3992,109.6844,Indonesia,ID,IDN,Jawa Tengah,Jawa Tengah,ID-JT,province,,784.3,,,3,Asia/Jakarta,TRUE,1360774604
Gadingrejo,Gadingrejo,,-7.8164,109.8531,Indonesia,ID,IDN,Jawa Tengah,Jawa Tengah,ID-JT,province,,629.0,,,3,Asia/Jakarta,TRUE,1360375009
Pandean Satu,Pandean Satu,,-7.7522,110.5072,Indonesia,ID,IDN,Jawa Tengah,Jawa Tengah,ID-JT,province,,1721.4,,,3,Asia/Jakarta,FALSE,1360052464
Pamukulan,Pamukulan,,-6.4711,106.4475,Indonesia,ID,IDN,Jawa Barat,Jawa Barat,ID-JB,province,,2169.9,,,2,Asia/Jakarta,FALSE,1360335622
Perpas,Perpas,Soekarame,-5.2350,104.0200,Indonesia,ID,IDN,Lampung,Lampung,ID-LA,province,,97.7,,,4,Asia/Jakarta,FALSE,1360517607
Letialawu,Letialawu,,-9.5787,119.6503,Indonesia,ID,IDN,Nusa Tenggara Timur,Nusa Tenggara Timur,ID-NT,province,,44.0,,,4,Asia/Makassar,FALSE,1360906374
Larangan,Larangan,,-6.0588,106.0295,Indonesia,ID,IDN,Banten,Banten,ID-BT,province,,2402.7,,,2,Asia/Jakarta,FALSE,1360335606
Gadingrejo,Gadingrejo,,-7.6345,112.8931,Indonesia,ID,IDN,Jawa Timur,Jawa Timur,ID-JI,province,,5623.7,,,2,Asia/Jakarta,FALSE,1360960144
Gadingrejo,Gadingrejo,,-8.2355,113.4346,Indonesia,ID,IDN,Jawa Timur,Jawa Timur,ID-JI,province,minor,738.0,,,3,Asia/Jakarta,TRUE,1360368609
Tarhonas,Tarhonas,,1.9614,98.8163,Indonesia,ID,IDN,Sumatera Utara,Sumatera Utara,ID-SU,province,,83.1,,,4,Asia/Jakarta,FALSE,1360224968
Gunungtabur,Gunungtabur,Goenoengtaboer,2.1833,117.4833,Indonesia,ID,IDN,Kalimantan Timur,Kalimantan Timur,ID-KI,province,,12.8,,,4,Asia/Makassar,FALSE,1360242018
Mapupa,Mapupa,,-10.4439,121.9062,Indonesia,ID,IDN,Nusa Tenggara Timur,Nusa Tenggara Timur,ID-NT,province,,195.4,,,4,Asia/Makassar,FALSE,1360602179
Tubangerya,Tubangerya,,-8.7427,115.1724,Indonesia,ID,IDN,Bali,Bali,ID-BA,province,,2160.4,,,2,Asia/Makassar,FALSE,1360017960
Ngotet Tengah,Ngotet Tengah,,-6.7267,111.3590,Indonesia,ID,IDN,Jawa Tengah,Jawa Tengah,ID-JT,province,,600.6,,,3,Asia/Jakarta,FALSE,1360163854
Koloraka,Koloraka,,-9.6514,120.2894,Indonesia,ID,IDN,Nusa Tenggara Timur,Nusa Tenggara Timur,ID-NT,province,,40.2,,,4,Asia/Makassar,FALSE,1360232881
Pondok Afdeling Marihat Hulu,Pondok Afdeling Marihat Hulu,,2.9155,99.0773,Indonesia,ID,IDN,Sumatera Utara,Sumatera Utara,ID-SU,province,,174.8,,,4,Asia/Jakarta,FALSE,1360152351
Pontang,Pontang,,-6.8761,109.1958,Indonesia,ID,IDN,Jawa Tengah,Jawa Tengah,ID-JT,province,,1406.9,,,3,Asia/Jakarta,FALSE,1360602749
Balai Beniyang,Balai Beniyang,,1.0346,109.3906,Indonesia,ID,IDN,Kalimantan Barat,Kalimantan Barat,ID-KB,province,,127.2,,,4,Asia/Pontianak,FALSE,1360322274
Wonosoro,Wonosoro,,-7.6356,109.6683,Indonesia,ID,IDN,Jawa Tengah,Jawa Tengah,ID-JT,province,,854.4,,,3,Asia/Jakarta,FALSE,1360259402
Passallangang,Passallangang,,-5.3684,119.4454,Indonesia,ID,IDN,Sulawesi Selatan,Sulawesi Selatan,ID-SN,province,,473.9,,,3,Asia/Makassar,FALSE,1360304754
Rawabakti,Rawabakti,,-6.6606,107.0264,Indonesia,ID,IDN,Jawa Barat,Jawa Barat,ID-JB,province,,1107.5,,,3,Asia/Jakarta,FALSE,1360008345
Pontang,Pontang,,-6.0578,106.4256,Indonesia,ID,IDN,Jawa Barat,Jawa Barat,ID-JB,province,,4371.4,,,2,Asia/Jakarta,FALSE,1360827466
Pontang,Pontang,,-6.0222,106.2825,Indonesia,ID,IDN,Jawa Barat,Jawa Barat,ID-JB,province,,1080.6,,,3,Asia/Jakarta,TRUE,1360696573
Ngodu,Ngodu,,-8.4675,118.7568,Indonesia,ID,IDN,Nusa Tenggara Barat,Nusa Tenggara Barat,ID-NB,province,,476.8,,,3,Asia/Makassar,FALSE,1360476242
Ngodu,Ngodu,,-8.3673,118.9159,Indonesia,ID,IDN,Nusa Tenggara Barat,Nusa Tenggara Barat,ID-NB,province,,115.6,,,4,Asia/Makassar,TRUE,1360762338
Kawaron,Kawaron,Kwaron-hilir,-6.1606,106.5008,Indonesia,ID,IDN,Jawa Barat,Jawa Barat,ID-JB,province,,4371.4,,,2,Asia/Jakarta,FALSE,1360144584
Pesangkalan,Pesangkalan,,-7.4533,109.7314,Indonesia,ID,IDN,Jawa Tengah,Jawa Tengah,ID-JT,province,,784.3,,,3,Asia/Jakarta,FALSE,1360018858
Tuaninu,Tuaninu,,-9.4025,124.8786,Indonesia,ID,IDN,Nusa Tenggara Timur,Nusa Tenggara Timur,ID-NT,province,,200.3,,,3,Asia/Makassar,FALSE,1360163724
Kalibakung,Kalibakung,Kalibakoeng,-7.1011,109.1296,Indonesia,ID,IDN,Jawa Tengah,Jawa Tengah,ID-JT,province,,1406.9,,,3,Asia/Jakarta,FALSE,1360260461
Kalibakung,Kalibakung,,-7.0101,109.7154,Indonesia,ID,IDN,Jawa Tengah,Jawa Tengah,ID-JT,province,,896.1,,,3,Asia/Jakarta,TRUE,1360411494
Bagan Tapah,Bagan Tapah,Pagarantapah,0.7510,100.6070,Indonesia,ID,IDN,Riau,Riau,ID-RI,province,,111.5,,,4,Asia/Jakarta,FALSE,1360056033
Cotrumpun,Cotrumpun,,5.5058,95.4144,Indonesia,ID,IDN,Aceh,Aceh,ID-AC,special region,,153.5,,,4,Asia/Jakarta,FALSE,1360229778
Mamen,Mamen,,-10.6370,123.2635,Indonesia,ID,IDN,Nusa Tenggara Timur,Nusa Tenggara Timur,ID-NT,province,,115.0,,,4,Asia/Makassar,FALSE,1360004573
Benda,Benda,,0.7667,113.4000,Indonesia,ID,IDN,Kalimantan Barat,Kalimantan Barat,ID-KB,province,,8.9,,,5,Asia/Pontianak,FALSE,1360865504
Payungdadi,Payungdadi,,-5.1193,104.8858,Indonesia,ID,IDN,Lampung,Lampung,ID-LA,province,,327.2,,,3,Asia/Jakarta,FALSE,1360489385
Lumbulama,Lumbulama,,-0.9617,119.6324,Indonesia,ID,IDN,Sulawesi Tengah,Sulawesi Tengah,ID-ST,province,,66.7,,,4,Asia/Makassar,FALSE,1360566927
Bilorajek,Bilorajek,,-8.3420,116.2309,Indonesia,ID,IDN,Nusa Tenggara Barat,Nusa Tenggara Barat,ID-NB,province,,286.8,,,3,Asia/Makassar,FALSE,1360826633
Sriwinangun,Sriwinangun,Sriwinangoen,-7.1259,108.2665,Indonesia,ID,IDN,Jawa Barat,Jawa Barat,ID-JB,province,,590.8,,,3,Asia/Jakarta,FALSE,1360551490
Jatipurwo,Jatipurwo,Djatipoerwo|Djatipurwo,-7.2215,112.7486,Indonesia,ID,IDN,Jawa Timur,Jawa Timur,ID-JI,province,,8898.3,,,2,Asia/Jakarta,FALSE,1360157133
Golattindang,Golattindang,,2.5568,99.0796,Indonesia,ID,IDN,Sumatera Utara,Sumatera Utara,ID-SU,province,,79.3,,,4,Asia/Jakarta,FALSE,1360857806
Sangkeha,Sangkeha,,-6.2928,120.4808,Indonesia,ID,IDN,Sulawesi Selatan,Sulawesi Selatan,ID-SN,province,,122.0,,,4,Asia/Makassar,FALSE,1360663598
Mandati Satu,Mandati Satu,Mandati|Mandati 1,-5.3336,123.5391,Indonesia,ID,IDN,Sulawesi Tenggara,Sulawesi Tenggara,ID-SG,province,,185.7,,,4,Asia/Makassar,FALSE,1360686873
Tuwini,Tuwini,,-5.3255,119.4072,Indonesia,ID,IDN,Sulawesi Selatan,Sulawesi Selatan,ID-SN,province,,472.0,,,3,Asia/Makassar,FALSE,1360951215
Sioyong,Sioyong,Siojong,0.2161,119.8994,Indonesia,ID,IDN,Sulawesi Tengah,Sulawesi Tengah,ID-ST,province,,66.7,,,4,Asia/Makassar,FALSE,1360790473
Langkea,Langkea,,-3.0136,120.1839,Indonesia,ID,IDN,Sulawesi Selatan,Sulawesi Selatan,ID-SN,province,,662.3,,,3,Asia/Makassar,FALSE,1360658896
Selandi Baru,Selandi Baru,,3.1251,98.3823,Indonesia,ID,IDN,Sumatera Utara,Sumatera Utara,ID-SU,province,,200.0,,,4,Asia/Jakarta,FALSE,1360747567
Langkea,Langkea,,-3.0211,119.3279,Indonesia,ID,IDN,Sulawesi Barat,Sulawesi Barat,ID-SR,province,,69.1,,,4,Asia/Makassar,FALSE,1360113634
Bojongtugu,Bojongtugu,,-7.1252,106.6296,Indonesia,ID,IDN,Jawa Barat,Jawa Barat,ID-JB,province,,633.7,,,3,Asia/Jakarta,FALSE,1360565512
Bojongtugu,Bojongtugu,,-7.1864,106.9462,Indonesia,ID,IDN,Jawa Barat,Jawa Barat,ID-JB,province,,633.7,,,3,Asia/Jakarta,TRUE,1360772849
Salmel,Salmel,,-9.8241,124.2005,Indonesia,ID,IDN,Nusa Tenggara Timur,Nusa Tenggara Timur,ID-NT,province,,125.8,,,4,Asia/Makassar,FALSE,1360035335
Cilanggok,Cilanggok,,-6.9550,108.1200,Indonesia,ID,IDN,Jawa Barat,Jawa Barat,ID-JB,province,,779.3,,,3,Asia/Jakarta,FALSE,1360414018
Papulungan,Papulungan,,-2.9681,119.8567,Indonesia,ID,IDN,Sulawesi Selatan,Sulawesi Selatan,ID-SN,province,,167.2,,,4,Asia/Makassar,FALSE,1360887016
Papulungan,Papulungan,,-2.9231,119.7855,Indonesia,ID,IDN,Sulawesi Selatan,Sulawesi Selatan,ID-SN,province,,167.2,,,4,Asia/Makassar,TRUE,1360931830
Papulungan,Papulungan,,-3.0767,119.7725,Indonesia,ID,IDN,Sulawesi Selatan,Sulawesi Selatan,ID-SN,province,,123.7,,,4,Asia/Makassar,TRUE,1360492288
Umbulan Tulungbaru,Umbulan Tulungbaru,Umbulantulungbaru,-4.7314,104.9635,Indonesia,ID,IDN,Lampung,Lampung,ID-LA,province,,275.3,,,3,Asia/Jakarta,FALSE,1360041571
Lapeseng,Lapeseng,,-4.3573,120.3763,Indonesia,ID,IDN,Sulawesi Selatan,Sulawesi Selatan,ID-SN,province,,175.7,,,4,Asia/Makassar,FALSE,1360794357
Pangkalkura,Pangkalkura,,-1.9771,105.5362,Indonesia,ID,IDN,Kepulauan Bangka Belitung,Kepulauan Bangka Belitung,ID-BB,province,,82.3,,,4,Asia/Jakarta,FALSE,1360412296
Kedayunan Krajan Dua,Kedayunan Krajan Dua,Krajan Dua,-8.2640,114.3307,Indonesia,ID,IDN,Jawa Timur,Jawa Timur,ID-JI,province,,452.5,,,3,Asia/Jakarta,FALSE,1360016793
Peresak,Peresak,,-8.7304,116.5088,Indonesia,ID,IDN,Nusa Tenggara Barat,Nusa Tenggara Barat,ID-NB,province,,826.7,,,3,Asia/Makassar,FALSE,1360842607
Peresak,Peresak,,-8.7850,116.4654,Indonesia,ID,IDN,Nusa Tenggara Barat,Nusa Tenggara Barat,ID-NB,province,,826.7,,,3,Asia/Makassar,TRUE,1360159419
Peresak,Peresak,,-8.7017,116.4538,Indonesia,ID,IDN,Nusa Tenggara Barat,Nusa Tenggara Barat,ID-NB,province,,826.7,,,3,Asia/Makassar,TRUE,1360786134
Peresak,Peresak,,-8.6497,116.4545,Indonesia,ID,IDN,Nusa Tenggara Barat,Nusa Tenggara Barat,ID-NB,province,,826.7,,,3,Asia/Makassar,TRUE,1360833208
Peresak,Peresak,,-8.5900,116.2260,Indonesia,ID,IDN,Nusa Tenggara Barat,Nusa Tenggara Barat,ID-NB,province,,782.4,,,3,Asia/Makassar,TRUE,1360396342
Peresak,Peresak,,-8.7138,116.3072,Indonesia,ID,IDN,Nusa Tenggara Barat,Nusa Tenggara Barat,ID-NB,province,,782.4,,,3,Asia/Makassar,TRUE,1360259058
Peresak,Peresak,,-8.8081,116.2941,Indonesia,ID,IDN,Nusa Tenggara Barat,Nusa Tenggara Barat,ID-NB,province,,782.4,,,3,Asia/Makassar,TRUE,1360538209
Peresak,Peresak,,-8.7802,116.3800,Indonesia,ID,IDN,Nusa Tenggara Barat,Nusa Tenggara Barat,ID-NB,province,,782.4,,,3,Asia/Makassar,TRUE,1360411283
Peresak,Peresak,,-8.6174,116.3563,Indonesia,ID,IDN,Nusa Tenggara Barat,Nusa Tenggara Barat,ID-NB,province,,782.4,,,3,Asia/Makassar,TRUE,1360056962
Peresak,Peresak,,-8.6696,116.2180,Indonesia,ID,IDN,Nusa Tenggara Barat,Nusa Tenggara Barat,ID-NB,province,,782.4,,,3,Asia/Makassar,TRUE,1360818203
Peresak,Peresak,,-8.7319,116.4106,Indonesia,ID,IDN,Nusa Tenggara Barat,Nusa Tenggara Barat,ID-NB,province,,782.4,,,3,Asia/Makassar,TRUE,1360830289
Sekolahan,Sekolahan,,-7.1143,113.5829,Indonesia,ID,IDN,Jawa Timur,Jawa Timur,ID-JI,province,minor,1149.1,,,3,Asia/Jakarta,FALSE,1360526036
Sekolahan,Sekolahan,,-7.6726,113.0610,Indonesia,ID,IDN,Jawa Timur,Jawa Timur,ID-JI,province,,1127.0,,,3,Asia/Jakarta,TRUE,1360838348
Sekolahan,Sekolahan,,-7.7652,113.4140,Indonesia,ID,IDN,Jawa Timur,Jawa Timur,ID-JI,province,,683.3,,,3,Asia/Jakarta,TRUE,1360470994
Sekolahan,Sekolahan,,-7.8406,113.3274,Indonesia,ID,IDN,Jawa Timur,Jawa Timur,ID-JI,province,,683.3,,,3,Asia/Jakarta,TRUE,1360605456
Sekolahan,Sekolahan,,-7.7938,113.3086,Indonesia,ID,IDN,Jawa Timur,Jawa Timur,ID-JI,province,,683.3,,,3,Asia/Jakarta,TRUE,1360332677
Sekolahan,Sekolahan,,-7.8105,113.2654,Indonesia,ID,IDN,Jawa Timur,Jawa Timur,ID-JI,province,,683.3,,,3,Asia/Jakarta,TRUE,1360013204
Sekolahan,Sekolahan,,-7.9375,113.8310,Indonesia,ID,IDN,Jawa Timur,Jawa Timur,ID-JI,province,,504.6,,,3,Asia/Jakarta,TRUE,1360347204
Sekolahan,Sekolahan,,-7.9758,113.7666,Indonesia,ID,IDN,Jawa Timur,Jawa Timur,ID-JI,province,,504.6,,,3,Asia/Jakarta,TRUE,1360003090
Sekolahan,Sekolahan,,-7.7558,113.6773,Indonesia,ID,IDN,Jawa Timur,Jawa Timur,ID-JI,province,,419.6,,,3,Asia/Jakarta,TRUE,1360264938
Sekolahan,Sekolahan,,-7.7237,114.1836,Indonesia,ID,IDN,Jawa Timur,Jawa Timur,ID-JI,province,,419.6,,,3,Asia/Jakarta,TRUE,1360040474
Kampungjambu,Kampungjambu,,-6.1572,106.5797,Indonesia,ID,IDN,Jawa Barat,Jawa Barat,ID-JB,province,,4371.4,,,2,Asia/Jakarta,FALSE,1360866393
Kampungjambu,Kampungjambu,,-6.5322,106.8106,Indonesia,ID,IDN,Jawa Barat,Jawa Barat,ID-JB,province,,2169.9,,,2,Asia/Jakarta,TRUE,1360407362
Curwangi,Curwangi,Tjihaurwangi|Cihaurwangi,-6.8367,107.3119,Indonesia,ID,IDN,Jawa Barat,Jawa Barat,ID-JB,province,,666.6,,,3,Asia/Jakarta,FALSE,1360941375
Situmbuk,Situmbuk,,-0.3620,100.5770,Indonesia,ID,IDN,Sumatera Barat,Sumatera Barat,ID-SB,province,,268.1,,,3,Asia/Jakarta,FALSE,1360330351
Ateukmunyengbatoh,Ateukmunyengbatoh,Atoukmunyengbatoh|Batoh,5.5401,95.3311,Indonesia,ID,IDN,Aceh,Aceh,ID-AC,special region,,1713.4,,,3,Asia/Jakarta,FALSE,1360023003
Lemahbang Wetan,Lemahbang Wetan,,-7.4436,110.7622,Indonesia,ID,IDN,Jawa Tengah,Jawa Tengah,ID-JT,province,,890.8,,,3,Asia/Jakarta,FALSE,1360122018
Noramaake,Noramaake,,0.6269,127.5396,Indonesia,ID,IDN,Maluku Utara,Maluku Utara,ID-MU,province,,75.5,,,4,Asia/Jayapura,FALSE,1360600079
Salubelajen,Salubelajen,,-3.0625,120.0898,Indonesia,ID,IDN,Sulawesi Selatan,Sulawesi Selatan,ID-SN,province,,127.0,,,4,Asia/Makassar,FALSE,1360916110
Ketanga,Ketanga,,-8.5860,117.6121,Indonesia,ID,IDN,Nusa Tenggara Barat,Nusa Tenggara Barat,ID-NB,province,,74.3,,,4,Asia/Makassar,FALSE,1360003583
Datargombong,Datargombong,,-7.3225,107.2861,Indonesia,ID,IDN,Jawa Barat,Jawa Barat,ID-JB,province,,666.6,,,3,Asia/Jakarta,FALSE,1360725256
Girimoyo,Girimoyo,Girimojo,-7.8897,112.5933,Indonesia,ID,IDN,Jawa Timur,Jawa Timur,ID-JI,province,,761.0,,,3,Asia/Jakarta,FALSE,1360951366
Sumberlawang,Sumberlawang,Soemberlawang,-7.3000,110.8500,Indonesia,ID,IDN,Jawa Tengah,Jawa Tengah,ID-JT,province,,911.2,,,3,Asia/Jakarta,FALSE,1360654534
Cogrek,Cogrek,,-6.5911,107.1486,Indonesia,ID,IDN,Jawa Barat,Jawa Barat,ID-JB,province,,2169.9,,,2,Asia/Jakarta,FALSE,1360175106
Cogrek,Cogrek,,-7.2450,107.8209,Indonesia,ID,IDN,Jawa Barat,Jawa Barat,ID-JB,province,,909.3,,,3,Asia/Jakarta,TRUE,1360716315
Cogrek,Cogrek,Tjogreg,-7.5837,108.6761,Indonesia,ID,IDN,Jawa Barat,Jawa Barat,ID-JB,province,,590.8,,,3,Asia/Jakarta,TRUE,1360033835
Gunungalang,Gunungalang,,-7.1797,109.8558,Indonesia,ID,IDN,Jawa Tengah,Jawa Tengah,ID-JT,province,,899.3,,,3,Asia/Jakarta,FALSE,1360056463
Nglongokpejok,Nglongokpejok,,-7.3404,112.0307,Indonesia,ID,IDN,Jawa Timur,Jawa Timur,ID-JI,province,,536.4,,,3,Asia/Jakarta,FALSE,1360439565
Kubakan,Kubakan,,-7.8436,111.1892,Indonesia,ID,IDN,Jawa Tengah,Jawa Tengah,ID-JT,province,,481.5,,,3,Asia/Jakarta,FALSE,1360435463
Pongrakka,Pongrakka,,-2.8694,120.1857,Indonesia,ID,IDN,Sulawesi Selatan,Sulawesi Selatan,ID-SN,province,,127.0,,,4,Asia/Makassar,FALSE,1360534198
Petung Lor,Petung Lor,,-7.4811,110.3261,Indonesia,ID,IDN,Jawa Tengah,Jawa Tengah,ID-JT,province,,1113.4,,,3,Asia/Jakarta,FALSE,1360543555
Barutre,Barutre,Baroetie|Baroetre,-7.8167,140.5667,Indonesia,ID,IDN,Papua,Papua,ID-PA,geographical unit,,9.2,,,5,Asia/Jayapura,FALSE,1360793617
Clengkom,Clengkom,,-7.4953,109.8342,Indonesia,ID,IDN,Jawa Tengah,Jawa Tengah,ID-JT,province,,782.0,,,3,Asia/Jakarta,FALSE,1360537833
Ekura,Ekura,,-9.6479,119.2224,Indonesia,ID,IDN,Nusa Tenggara Timur,Nusa Tenggara Timur,ID-NT,province,,260.9,,,3,Asia/Makassar,FALSE,1360303854
Bobojong Satu,Bobojong Satu,,-6.8758,106.9361,Indonesia,ID,IDN,Jawa Barat,Jawa Barat,ID-JB,province,,633.7,,,3,Asia/Jakarta,FALSE,1360013268
Manuksiung,Manuksiung,,-7.4336,109.1133,Indonesia,ID,IDN,Jawa Tengah,Jawa Tengah,ID-JT,province,,1174.8,,,3,Asia/Jakarta,FALSE,1360187010
Kuba,Kuba,,0.5535,123.0166,Indonesia,ID,IDN,Gorontalo,Gorontalo,ID-GO,province,,104.8,,,4,Asia/Makassar,FALSE,1360290675
Rantaudodor,Rantaudodor,,-3.7530,102.9070,Indonesia,ID,IDN,Sumatera Selatan,Sumatera Selatan,ID-SS,province,,92.7,,,4,Asia/Jakarta,FALSE,1360432343
Marihat Tonga,Marihat Tonga,,2.8025,99.0722,Indonesia,ID,IDN,Sumatera Utara,Sumatera Utara,ID-SU,province,,174.8,,,4,Asia/Jakarta,FALSE,1360459729
Sopa,Sopa,,-5.4966,120.1565,Indonesia,ID,IDN,Sulawesi Selatan,Sulawesi Selatan,ID-SN,province,,388.3,,,3,Asia/Makassar,FALSE,1360294958
Jadaria,Jadaria,,-6.9194,107.7275,Indonesia,ID,IDN,Jawa Barat,Jawa Barat,ID-JB,province,,3537.7,,,2,Asia/Jakarta,FALSE,1360327920
Surabaya,Surabaya,,-5.3953,105.2642,Indonesia,ID,IDN,Lampung,Lampung,ID-LA,province,,4494.6,,,2,Asia/Jakarta,FALSE,1360890714
Surabaya,Surabaya,Surabaja|Soerabaja|Surabaya Ilir,-4.6712,105.7257,Indonesia,ID,IDN,Lampung,Lampung,ID-LA,province,minor,418.1,,,3,Asia/Jakarta,TRUE,1360928366
Surabaya,Surabaya,,-5.1000,104.9702,Indonesia,ID,IDN,Lampung,Lampung,ID-LA,province,,327.2,,,3,Asia/Jakarta,TRUE,1360085944
Paya Mabar Bantanam,Paya Mabar Bantanam,,3.7644,98.4776,Indonesia,ID,IDN,Sumatera Utara,Sumatera Utara,ID-SU,province,,166.6,,,4,Asia/Jakarta,FALSE,1360368075
Mentaum,Mentaum,,-8.6283,116.4314,Indonesia,ID,IDN,Nusa Tenggara Barat,Nusa Tenggara Barat,ID-NB,province,,826.7,,,3,Asia/Makassar,FALSE,1360008810
Boten,Boten,,-7.5328,110.0736,Indonesia,ID,IDN,Jawa Tengah,Jawa Tengah,ID-JT,province,,1113.4,,,3,Asia/Jakarta,FALSE,1360487843
Pasak,Pasak,,-8.1099,111.3963,Indonesia,ID,IDN,Jawa Timur,Jawa Timur,ID-JI,province,,601.1,,,3,Asia/Jakarta,FALSE,1360409826
Pondokkopi,Pondokkopi,,-2.5600,101.2290,Indonesia,ID,IDN,Bengkulu,Bengkulu,ID-BE,province,,40.6,,,4,Asia/Jakarta,FALSE,1360923561
Kasun,Kasun,,-3.0455,120.0142,Indonesia,ID,IDN,Sulawesi Selatan,Sulawesi Selatan,ID-SN,province,,123.7,,,4,Asia/Makassar,FALSE,1360579859
Kajor Kulon,Kajor Kulon,,-7.9611,110.3881,Indonesia,ID,IDN,Yogyakarta,Yogyakarta,ID-YO,special region,,2161.9,,,2,Asia/Jakarta,FALSE,1360064834
Rancarongge,Rancarongge,,-7.4298,108.0320,Indonesia,ID,IDN,Jawa Barat,Jawa Barat,ID-JB,province,,678.9,,,3,Asia/Jakarta,FALSE,1360871077
Gading Daja,Gading Daja,,-7.0616,113.3590,Indonesia,ID,IDN,Jawa Timur,Jawa Timur,ID-JI,province,,857.7,,,3,Asia/Jakarta,FALSE,1360474291
Cihaniung,Cihaniung,,-7.6016,108.1132,Indonesia,ID,IDN,Jawa Barat,Jawa Barat,ID-JB,province,,678.9,,,3,Asia/Jakarta,FALSE,1360492903
Tangar,Tangar,,-8.5667,120.2820,Indonesia,ID,IDN,Nusa Tenggara Timur,Nusa Tenggara Timur,ID-NT,province,,88.6,,,4,Asia/Makassar,FALSE,1360388108
Stalkudo,Stalkudo,,-1.2750,116.8583,Indonesia,ID,IDN,Kalimantan Timur,Kalimantan Timur,ID-KI,province,,1669.8,,,3,Asia/Makassar,FALSE,1360721781
Kengkubanang,Kengkubanang,,3.6643,125.5290,Indonesia,ID,IDN,Sulawesi Utara,Sulawesi Utara,ID-SA,province,,141.2,,,4,Asia/Makassar,FALSE,1360312885
Batusurat,Batusurat,,-3.3638,119.5662,Indonesia,ID,IDN,Sulawesi Selatan,Sulawesi Selatan,ID-SN,province,,212.3,,,3,Asia/Makassar,FALSE,1360291788
Menoran,Menoran,,-7.8222,113.9004,Indonesia,ID,IDN,Jawa Timur,Jawa Timur,ID-JI,province,,504.6,,,3,Asia/Jakarta,FALSE,1360006826
Bululebar,Bululebar,,-4.1114,103.3782,Indonesia,ID,IDN,Sumatera Selatan,Sumatera Selatan,ID-SS,province,,85.0,,,4,Asia/Jakarta,FALSE,1360620848
Alurrindang,Alurrindang,,5.3700,95.6150,Indonesia,ID,IDN,Aceh,Aceh,ID-AC,special region,,153.5,,,4,Asia/Jakarta,FALSE,1360832991
Pakisjajarpermai,Pakisjajarpermai,,-7.9545,112.7306,Indonesia,ID,IDN,Jawa Timur,Jawa Timur,ID-JI,province,,761.0,,,3,Asia/Jakarta,FALSE,1360007395
Warungpancuran,Warungpancuran,Warungpantjuran,-7.0175,107.3792,Indonesia,ID,IDN,Jawa Barat,Jawa Barat,ID-JB,province,,1300.1,,,3,Asia/Jakarta,FALSE,1360686494
Gunungpetik,Gunungpetik,,-8.3755,112.7161,Indonesia,ID,IDN,Jawa Timur,Jawa Timur,ID-JI,province,,761.0,,,3,Asia/Jakarta,FALSE,1360910484
Mayan,Mayan,,-7.9492,111.9441,Indonesia,ID,IDN,Jawa Timur,Jawa Timur,ID-JI,province,,1030.6,,,3,Asia/Jakarta,FALSE,1360129189
Kedungweringin,Kedungweringin,Kedungwaringin,-8.1706,113.1275,Indonesia,ID,IDN,Jawa Timur,Jawa Timur,ID-JI,province,,577.0,,,3,Asia/Jakarta,FALSE,1360476949
Karangtambak,Karangtambak,,-6.2739,107.8856,Indonesia,ID,IDN,Jawa Barat,Jawa Barat,ID-JB,province,,751.4,,,3,Asia/Jakarta,FALSE,1360307070
Mangga,Mangga,,-3.9972,122.5664,Indonesia,ID,IDN,Sulawesi Tenggara,Sulawesi Tenggara,ID-SG,province,,1892.5,,,3,Asia/Makassar,FALSE,1360987045
Pegaten,Pegaten,,-7.5303,110.1903,Indonesia,ID,IDN,Jawa Tengah,Jawa Tengah,ID-JT,province,,1113.4,,,3,Asia/Jakarta,FALSE,1360230980
Wulasi,Wulasi,,-2.5890,120.9932,Indonesia,ID,IDN,Sulawesi Selatan,Sulawesi Selatan,ID-SN,province,,46.7,,,4,Asia/Makassar,FALSE,1360796903
Sebantal,Sebantal,,-7.0469,109.9826,Indonesia,ID,IDN,Jawa Tengah,Jawa Tengah,ID-JT,province,,978.8,,,3,Asia/Jakarta,FALSE,1360114230
Wolongang,Wolongang,,-4.1550,120.1390,Indonesia,ID,IDN,Sulawesi Selatan,Sulawesi Selatan,ID-SN,province,,175.3,,,4,Asia/Makassar,FALSE,1360005727
Tanahputik,Tanahputik,,-8.7254,116.1720,Indonesia,ID,IDN,Nusa Tenggara Barat,Nusa Tenggara Barat,ID-NB,province,,782.4,,,3,Asia/Makassar,FALSE,1360585462
Seruni,Seruni,Seroeni,-3.1333,132.6833,Indonesia,ID,IDN,Papua Barat,Papua Barat,ID-PB,province,,8.0,,,5,Asia/Jayapura,FALSE,1360808264
Oebaki,Oebaki,,-9.5541,124.3850,Indonesia,ID,IDN,Nusa Tenggara Timur,Nusa Tenggara Timur,ID-NT,province,minor,100.9,,,3,Asia/Makassar,FALSE,1360412806
Oebaki,Oebaki,,-9.9500,124.3780,Indonesia,ID,IDN,Nusa Tenggara Timur,Nusa Tenggara Timur,ID-NT,province,,125.8,,,4,Asia/Makassar,TRUE,1360970354
Oebaki,Oebaki,,-9.9603,124.5672,Indonesia,ID,IDN,Nusa Tenggara Timur,Nusa Tenggara Timur,ID-NT,province,,125.8,,,4,Asia/Makassar,TRUE,1360905805
Oebaki,Oebaki,,-10.2536,123.8320,Indonesia,ID,IDN,Nusa Tenggara Timur,Nusa Tenggara Timur,ID-NT,province,,74.4,,,4,Asia/Makassar,TRUE,1360668761
Belambang,Belambang,,-3.1017,120.0628,Indonesia,ID,IDN,Sulawesi Selatan,Sulawesi Selatan,ID-SN,province,,127.0,,,4,Asia/Makassar,FALSE,1360184788
Cipoho,Cipoho,,-6.9422,106.9239,Indonesia,ID,IDN,Jawa Barat,Jawa Barat,ID-JB,province,,5711.2,,,2,Asia/Jakarta,FALSE,1360575254
Pongloe,Pongloe,,-8.5726,120.8366,Indonesia,ID,IDN,Nusa Tenggara Timur,Nusa Tenggara Timur,ID-NT,province,,132.9,,,4,Asia/Makassar,FALSE,1360115865
Jabi-jabi,Jabi-jabi,,2.8040,97.8680,Indonesia,ID,IDN,Aceh,Aceh,ID-AC,special region,,62.5,,,4,Asia/Jakarta,FALSE,1360423477
Cepitan,Cepitan,,-7.7758,110.2153,Indonesia,ID,IDN,Yogyakarta,Yogyakarta,ID-YO,special region,,664.1,,,3,Asia/Jakarta,FALSE,1360012596
Tobuda,Tobuda,,-3.2188,120.0072,Indonesia,ID,IDN,Sulawesi Selatan,Sulawesi Selatan,ID-SN,province,,127.0,,,4,Asia/Makassar,FALSE,1360215695
Bogeg Dua,Bogeg Dua,,-6.3097,107.9517,Indonesia,ID,IDN,Jawa Barat,Jawa Barat,ID-JB,province,,850.8,,,3,Asia/Jakarta,FALSE,1360797589
Bakida,Bakida,,0.3193,123.7588,Indonesia,ID,IDN,Sulawesi Utara,Sulawesi Utara,ID-SA,province,,40.6,,,4,Asia/Makassar,FALSE,1360812658
Lelekok,Lelekok,,-8.7434,116.0758,Indonesia,ID,IDN,Nusa Tenggara Barat,Nusa Tenggara Barat,ID-NB,province,,800.0,,,3,Asia/Makassar,FALSE,1360933582
Sorodanan,Sorodanan,,-7.2714,110.0825,Indonesia,ID,IDN,Jawa Tengah,Jawa Tengah,ID-JT,province,,851.9,,,3,Asia/Jakarta,FALSE,1360222575
Cantik,Cantik,Tjanti|Canti,-5.7991,105.5859,Indonesia,ID,IDN,Lampung,Lampung,ID-LA,province,,520.3,,,3,Asia/Jakarta,FALSE,1360987279
Cibelentuk,Cibelentuk,,-7.4364,107.6179,Indonesia,ID,IDN,Jawa Barat,Jawa Barat,ID-JB,province,,909.3,,,3,Asia/Jakarta,FALSE,1360552210
Cibelentuk,Cibelentuk,Tjibelentoek,-7.1139,107.9621,Indonesia,ID,IDN,Jawa Barat,Jawa Barat,ID-JB,province,,909.3,,,3,Asia/Jakarta,TRUE,1360391695
Sabaat,Sabaat,,-10.1609,123.7188,Indonesia,ID,IDN,Nusa Tenggara Timur,Nusa Tenggara Timur,ID-NT,province,,74.4,,,4,Asia/Makassar,FALSE,1360697907
Mertawareng,Mertawareng,,-8.6187,116.2939,Indonesia,ID,IDN,Nusa Tenggara Barat,Nusa Tenggara Barat,ID-NB,province,,782.4,,,3,Asia/Makassar,FALSE,1360180528
Banyurata,Banyurata,,-6.8533,115.3271,Indonesia,ID,IDN,Jawa Timur,Jawa Timur,ID-JI,province,,522.1,,,3,Asia/Jakarta,FALSE,1360722132
Arbiarek,Arbiarek,,-1.0163,135.8195,Indonesia,ID,IDN,Papua,Papua,ID-PA,province,,79.5,,,4,Asia/Jayapura,FALSE,1360714810
Nggatel,Nggatel,,-7.6386,109.5344,Indonesia,ID,IDN,Jawa Tengah,Jawa Tengah,ID-JT,province,,854.4,,,3,Asia/Jakarta,FALSE,1360759151
Cimapag Barat,Cimapag Barat,Cimpag-barat|Tjimpag-barat,-6.4619,106.5403,Indonesia,ID,IDN,Jawa Barat,Jawa Barat,ID-JB,province,,2169.9,,,2,Asia/Jakarta,FALSE,1360644025
Temelat,Temelat,,-3.4438,103.0835,Indonesia,ID,IDN,Sumatera Selatan,Sumatera Selatan,ID-SS,province,,49.3,,,4,Asia/Jakarta,FALSE,1360325316
Kapungan,Kapungan,,-7.6350,110.6606,Indonesia,ID,IDN,Jawa Tengah,Jawa Tengah,ID-JT,province,,1721.4,,,3,Asia/Jakarta,FALSE,1360597649
Lamata,Lamata,,-3.9495,120.1312,Indonesia,ID,IDN,Sulawesi Selatan,Sulawesi Selatan,ID-SN,province,,175.3,,,4,Asia/Makassar,FALSE,1360285240
Sanara,Sanara,,-8.3173,116.2565,Indonesia,ID,IDN,Nusa Tenggara Barat,Nusa Tenggara Barat,ID-NB,province,,286.8,,,3,Asia/Makassar,FALSE,1360464526
Matang Geutaw,Matang Geutaw,Matanggeutu,4.9959,97.7141,Indonesia,ID,IDN,Aceh,Aceh,ID-AC,special region,,63.2,,,4,Asia/Jakarta,FALSE,1360390214
Wonosidi Kidul,Wonosidi Kidul,,-7.8661,110.1525,Indonesia,ID,IDN,Yogyakarta,Yogyakarta,ID-YO,special region,,664.1,,,3,Asia/Jakarta,FALSE,1360022535
Kleseleon A,Kleseleon A,,-9.6360,124.8870,Indonesia,ID,IDN,Nusa Tenggara Timur,Nusa Tenggara Timur,ID-NT,province,,200.3,,,3,Asia/Makassar,FALSE,1360929327
Pundukdawa,Pundukdawa,,-8.5424,115.4515,Indonesia,ID,IDN,Bali,Bali,ID-BA,province,,593.0,,,3,Asia/Makassar,FALSE,1360168589
Remame,Remame,,-7.6175,110.3061,Indonesia,ID,IDN,Jawa Tengah,Jawa Tengah,ID-JT,province,,1113.4,,,3,Asia/Jakarta,FALSE,1360887696
Babakansupahideung,Babakansupahideung,,-6.5109,106.2671,Indonesia,ID,IDN,Banten,Banten,ID-BT,province,,432.7,,,3,Asia/Jakarta,FALSE,1360016164
Kahuripan,Kahuripan,,-7.2711,110.1636,Indonesia,ID,IDN,Jawa Tengah,Jawa Tengah,ID-JT,province,,851.9,,,3,Asia/Jakarta,FALSE,1360388672
Kahuripan,Kahuripan,,-7.8061,110.0219,Indonesia,ID,IDN,Jawa Tengah,Jawa Tengah,ID-JT,province,,629.0,,,3,Asia/Jakarta,TRUE,1360918981
Kahuripan,Kahuripan,,-7.7024,111.6986,Indonesia,ID,IDN,Jawa Timur,Jawa Timur,ID-JI,province,,617.8,,,3,Asia/Jakarta,FALSE,1360866165
Cileteng,Cileteng,Tjileteng,-7.0947,108.2920,Indonesia,ID,IDN,Jawa Barat,Jawa Barat,ID-JB,province,,590.8,,,3,Asia/Jakarta,FALSE,1360351973
Lebaksono,Lebaksono,,-6.6447,105.9181,Indonesia,ID,IDN,Banten,Banten,ID-BT,province,,460.1,,,3,Asia/Jakarta,FALSE,1360846114
Kalahangjati,Kalahangjati,,-6.3077,106.1931,Indonesia,ID,IDN,Banten,Banten,ID-BT,province,,459.9,,,3,Asia/Jakarta,FALSE,1360199058
Cibuting,Cibuting,Tjibitung,-7.0922,107.6622,Indonesia,ID,IDN,Jawa Barat,Jawa Barat,ID-JB,province,,1899.0,,,3,Asia/Jakarta,FALSE,1360160670
Kahuripan,Kahuripan,,-7.3471,108.2281,Indonesia,ID,IDN,Jawa Barat,Jawa Barat,ID-JB,province,minor,3852.8,,,2,Asia/Jakarta,FALSE,1360468817
Kahuripan,Kahuripan,,-6.8358,108.4411,Indonesia,ID,IDN,Jawa Barat,Jawa Barat,ID-JB,province,,889.0,,,3,Asia/Jakarta,TRUE,1360669969
Kubangjaya,Kubangjaya,,-6.9639,106.8628,Indonesia,ID,IDN,Jawa Barat,Jawa Barat,ID-JB,province,,4390.6,,,2,Asia/Jakarta,FALSE,1360700807
Kubangjaya,Kubangjaya,,-6.4236,107.0456,Indonesia,ID,IDN,Jawa Barat,Jawa Barat,ID-JB,province,,2169.9,,,2,Asia/Jakarta,TRUE,1360374036
Kubangjaya,Kubangjaya,,-6.8322,107.9311,Indonesia,ID,IDN,Jawa Barat,Jawa Barat,ID-JB,province,,779.3,,,3,Asia/Jakarta,TRUE,1360587126
Tapen,Tapen,,-6.2586,106.1194,Indonesia,ID,IDN,Banten,Banten,ID-BT,province,,633.9,,,3,Asia/Jakarta,FALSE,1360675269
Alamsari,Alamsari,,-8.6398,115.1827,Indonesia,ID,IDN,Bali,Bali,ID-BA,province,,5762.0,,,2,Asia/Makassar,FALSE,1360529036
Laotepu A,Laotepu A,,3.4463,98.3113,Indonesia,ID,IDN,Sumatera Utara,Sumatera Utara,ID-SU,province,,166.6,,,4,Asia/Jakarta,FALSE,1360659206
Gebang Lao,Gebang Lao,,-7.8180,113.6998,Indonesia,ID,IDN,Jawa Timur,Jawa Timur,ID-JI,province,,419.6,,,3,Asia/Jakarta,FALSE,1360000200
Celangap,Celangap,,-7.4894,111.3714,Indonesia,ID,IDN,Jawa Timur,Jawa Timur,ID-JI,province,,586.3,,,3,Asia/Jakarta,FALSE,1360710141
Celangap,Celangap,,-7.1373,111.7260,Indonesia,ID,IDN,Jawa Timur,Jawa Timur,ID-JI,province,minor,536.4,,,3,Asia/Jakarta,TRUE,1360411270
Parit Nilam,Parit Nilam,,0.2579,102.8788,Indonesia,ID,IDN,Riau,Riau,ID-RI,province,,45.2,,,4,Asia/Jakarta,FALSE,1360049280
Danaraja,Danaraja,,-7.1009,109.0575,Indonesia,ID,IDN,Jawa Tengah,Jawa Tengah,ID-JT,province,,1406.9,,,3,Asia/Jakarta,FALSE,1360041040
Danaraja,Danaraja,,-7.5289,109.3067,Indonesia,ID,IDN,Jawa Tengah,Jawa Tengah,ID-JT,province,,1174.8,,,3,Asia/Jakarta,TRUE,1360900079
Danaraja,Danaraja,,-7.4428,109.5464,Indonesia,ID,IDN,Jawa Tengah,Jawa Tengah,ID-JT,province,,784.3,,,3,Asia/Jakarta,TRUE,1360223276
Cikundul,Cikundul,,-6.9764,106.9078,Indonesia,ID,IDN,Jawa Barat,Jawa Barat,ID-JB,province,,3472.4,,,2,Asia/Jakarta,FALSE,1360662042
Cikundul,Cikundul,Tjikundul,-6.9919,107.5422,Indonesia,ID,IDN,Jawa Barat,Jawa Barat,ID-JB,province,,1899.0,,,3,Asia/Jakarta,TRUE,1360016460
Gununglame,Gununglame,,-7.3806,108.1750,Indonesia,ID,IDN,Jawa Barat,Jawa Barat,ID-JB,province,,3852.8,,,2,Asia/Jakarta,FALSE,1360006492
Pulauaro,Pulauaro,Pulaudaro|Poelaudaro|Poelauaro,-1.9296,102.2043,Indonesia,ID,IDN,Jambi,Jambi,ID-JA,province,,62.9,,,4,Asia/Jakarta,FALSE,1360509979
Babakandurahip,Babakandurahip,,-6.9022,106.3568,Indonesia,ID,IDN,Banten,Banten,ID-BT,province,,432.7,,,3,Asia/Jakarta,FALSE,1360226831
Umbulan Perunggung Dua,Umbulan Perunggung Dua,Umbulan Perunggung 2,-4.7480,105.1771,Indonesia,ID,IDN,Lampung,Lampung,ID-LA,province,,158.9,,,4,Asia/Jakarta,FALSE,1360770342
Simpang Kumpulmulya,Simpang Kumpulmulya,,-4.2874,104.3786,Indonesia,ID,IDN,Sumatera Selatan,Sumatera Selatan,ID-SS,province,,85.3,,,4,Asia/Jakarta,FALSE,1360252330
Gendaran,Gendaran,,-7.7525,110.9572,Indonesia,ID,IDN,Jawa Tengah,Jawa Tengah,ID-JT,province,,508.6,,,3,Asia/Jakarta,FALSE,1360982585
Jamburejo,Jamburejo,,-7.6797,110.5775,Indonesia,ID,IDN,Jawa Tengah,Jawa Tengah,ID-JT,province,,1721.4,,,3,Asia/Jakarta,FALSE,1360373020
Kowaka,Kowaka,,-9.5224,119.4249,Indonesia,ID,IDN,Nusa Tenggara Timur,Nusa Tenggara Timur,ID-NT,province,,192.9,,,4,Asia/Makassar,FALSE,1360258571
Ketapangorong Utara,Ketapangorong Utara,,-8.5269,116.1599,Indonesia,ID,IDN,Nusa Tenggara Barat,Nusa Tenggara Barat,ID-NB,province,,799.9,,,3,Asia/Makassar,FALSE,1360029045
Maelang,Maelang,,-7.9489,114.3452,Indonesia,ID,IDN,Jawa Timur,Jawa Timur,ID-JI,province,,452.5,,,3,Asia/Jakarta,FALSE,1360693159
Watuadeg,Watuadeg,,-7.6525,110.3933,Indonesia,ID,IDN,Yogyakarta,Yogyakarta,ID-YO,special region,,2319.5,,,2,Asia/Jakarta,FALSE,1360802653
Pranggen,Pranggen,,-8.0369,111.2553,Indonesia,ID,IDN,Jawa Timur,Jawa Timur,ID-JI,province,,392.8,,,3,Asia/Jakarta,FALSE,1360330461
Kawiwangi,Kawiwangi,,-1.5397,122.2364,Indonesia,ID,IDN,Sulawesi Tengah,Sulawesi Tengah,ID-ST,province,,41.9,,,4,Asia/Makassar,FALSE,1360534095
Kuni,Kuni,,-9.9313,124.1087,Indonesia,ID,IDN,Nusa Tenggara Timur,Nusa Tenggara Timur,ID-NT,province,,125.8,,,4,Asia/Makassar,FALSE,1360133174
Kuni,Kuni,,-10.1903,123.7789,Indonesia,ID,IDN,Nusa Tenggara Timur,Nusa Tenggara Timur,ID-NT,province,,74.4,,,4,Asia/Makassar,TRUE,1360031502
Kotajawa Dua,Kotajawa Dua,Kotajawa 2,-5.4775,104.9675,Indonesia,ID,IDN,Lampung,Lampung,ID-LA,province,,372.2,,,3,Asia/Jakarta,FALSE,1360984763
Sasi,Sasi,,-8.0837,113.8490,Indonesia,ID,IDN,Jawa Timur,Jawa Timur,ID-JI,province,,738.0,,,3,Asia/Jakarta,FALSE,1360907698
Citumbuk Girang,Citumbuk Girang,,-6.6486,106.5297,Indonesia,ID,IDN,Jawa Barat,Jawa Barat,ID-JB,province,,2169.9,,,2,Asia/Jakarta,FALSE,1360297343
Mandon,Mandon,Maridon|Mandom,-1.1760,136.1932,Indonesia,ID,IDN,Papua,Papua,ID-PA,province,,79.5,,,4,Asia/Jayapura,FALSE,1360988240
Bangkongreang Kidul,Bangkongreang Kidul,,-7.4047,109.4264,Indonesia,ID,IDN,Jawa Tengah,Jawa Tengah,ID-JT,province,,1116.9,,,3,Asia/Jakarta,FALSE,1360972802
Baratsungai,Baratsungai,,-5.8432,112.6513,Indonesia,ID,IDN,Jawa Timur,Jawa Timur,ID-JI,province,,1182.2,,,3,Asia/Jakarta,FALSE,1360039868
Baratsungai,Baratsungai,,-7.6743,112.7789,Indonesia,ID,IDN,Jawa Timur,Jawa Timur,ID-JI,province,,1127.0,,,3,Asia/Jakarta,TRUE,1360032649
Baratsungai,Baratsungai,,-7.1904,113.3164,Indonesia,ID,IDN,Jawa Timur,Jawa Timur,ID-JI,province,,857.7,,,3,Asia/Jakarta,TRUE,1360391853
Baratsungai,Baratsungai,,-7.1331,113.2901,Indonesia,ID,IDN,Jawa Timur,Jawa Timur,ID-JI,province,,857.7,,,3,Asia/Jakarta,TRUE,1360983172
Baratsungai,Baratsungai,,-7.0565,112.9943,Indonesia,ID,IDN,Jawa Timur,Jawa Timur,ID-JI,province,,781.3,,,3,Asia/Jakarta,TRUE,1360449275
Baratsungai,Baratsungai,,-6.8845,113.0262,Indonesia,ID,IDN,Jawa Timur,Jawa Timur,ID-JI,province,,781.3,,,3,Asia/Jakarta,TRUE,1360034149
Baratsungai,Baratsungai,,-8.0898,113.7845,Indonesia,ID,IDN,Jawa Timur,Jawa Timur,ID-JI,province,,738.0,,,3,Asia/Jakarta,TRUE,1360843945
Baratsungai,Baratsungai,,-8.0014,113.2056,Indonesia,ID,IDN,Jawa Timur,Jawa Timur,ID-JI,province,,577.0,,,3,Asia/Jakarta,TRUE,1360123990
Baratsungai,Baratsungai,,-6.8342,115.3266,Indonesia,ID,IDN,Jawa Timur,Jawa Timur,ID-JI,province,,522.1,,,3,Asia/Jakarta,TRUE,1360865520
Baratsungai,Baratsungai,,-6.8979,115.4337,Indonesia,ID,IDN,Jawa Timur,Jawa Timur,ID-JI,province,minor,522.1,,,3,Asia/Jakarta,TRUE,1360540331
Kikenot,Kikenot,,-6.5588,106.2289,Indonesia,ID,IDN,Banten,Banten,ID-BT,province,,432.7,,,3,Asia/Jakarta,FALSE,1360268877
Lintungpaku,Lintungpaku,Lintoengpakoe,-7.2076,108.3829,Indonesia,ID,IDN,Jawa Barat,Jawa Barat,ID-JB,province,,590.8,,,3,Asia/Jakarta,FALSE,1360883046
Pingin,Pingin,,-7.6086,110.8775,Indonesia,ID,IDN,Jawa Tengah,Jawa Tengah,ID-JT,province,,1694.6,,,3,Asia/Jakarta,FALSE,1360233778
Ngaramaram,Ngaramaram,,-7.1703,111.1311,Indonesia,ID,IDN,Jawa Tengah,Jawa Tengah,ID-JT,province,,676.8,,,3,Asia/Jakarta,FALSE,1360093495
Lamara,Lamara,,5.5797,95.3602,Indonesia,ID,IDN,Aceh,Aceh,ID-AC,special region,,1713.4,,,3,Asia/Jakarta,FALSE,1360616937
Tamalaba,Tamalaba,Tamalala,-5.5929,119.4421,Indonesia,ID,IDN,Sulawesi Selatan,Sulawesi Selatan,ID-SN,province,,493.6,,,3,Asia/Makassar,FALSE,1360808592
Raya Bayu,Raya Bayu,Raja Bajoe,2.9580,98.7930,Indonesia,ID,IDN,Sumatera Utara,Sumatera Utara,ID-SU,province,,174.8,,,4,Asia/Jakarta,FALSE,1360498488
Cinimang,Cinimang,,-7.3544,107.9441,Indonesia,ID,IDN,Jawa Barat,Jawa Barat,ID-JB,province,,678.9,,,3,Asia/Jakarta,FALSE,1360645227
Gununggambar,Gununggambar,,-7.8239,110.6731,Indonesia,ID,IDN,Yogyakarta,Yogyakarta,ID-YO,special region,,457.6,,,3,Asia/Jakarta,FALSE,1360399023
Lubuk Paku,Lubuk Paku,Lubukpaku,-2.1867,101.6111,Indonesia,ID,IDN,Jambi,Jambi,ID-JA,province,,70.5,,,4,Asia/Jakarta,FALSE,1360103958
Setu Kidul,Setu Kidul,,-6.2847,106.5353,Indonesia,ID,IDN,Jawa Barat,Jawa Barat,ID-JB,province,,4371.4,,,2,Asia/Jakarta,FALSE,1360021680
Rujing,Rujing,,-5.7564,112.6333,Indonesia,ID,IDN,Jawa Timur,Jawa Timur,ID-JI,province,minor,1182.2,,,3,Asia/Jakarta,FALSE,1360040269
Cimpacup,Cimpacup,,-6.4456,106.8758,Indonesia,ID,IDN,Jawa Barat,Jawa Barat,ID-JB,province,,4608.4,,,2,Asia/Jakarta,FALSE,1360695157
Bonemarawa,Bonemarawa,,-1.2489,119.5510,Indonesia,ID,IDN,Sulawesi Tengah,Sulawesi Tengah,ID-ST,province,,94.2,,,4,Asia/Makassar,FALSE,1360996446
Si Gaol-gaol,Si Gaol-gaol,,2.7056,98.9111,Indonesia,ID,IDN,Sumatera Utara,Sumatera Utara,ID-SU,province,,174.8,,,4,Asia/Jakarta,FALSE,1360392636
Si Gaol-gaol,Si Gaol-gaol,,2.2776,98.8170,Indonesia,ID,IDN,Sumatera Utara,Sumatera Utara,ID-SU,province,,89.1,,,4,Asia/Jakarta,TRUE,1360174317
Uwedakadaka,Uwedakadaka,Uwedaka,-0.7838,122.5497,Indonesia,ID,IDN,Sulawesi Tengah,Sulawesi Tengah,ID-ST,province,,41.9,,,4,Asia/Makassar,FALSE,1360713894
Hoen,Hoen,,-9.4272,124.4331,Indonesia,ID,IDN,Nusa Tenggara Timur,Nusa Tenggara Timur,ID-NT,province,,100.9,,,4,Asia/Makassar,FALSE,1360109738
Bukang,Bukang,Boekang,-0.8333,110.3500,Indonesia,ID,IDN,Kalimantan Barat,Kalimantan Barat,ID-KB,province,,17.6,,,4,Asia/Pontianak,FALSE,1360544090
Sambonggaleng,Sambonggaleng,,-6.7522,111.4706,Indonesia,ID,IDN,Jawa Tengah,Jawa Tengah,ID-JT,province,,600.6,,,3,Asia/Jakarta,FALSE,1360739516
Basanah Utara,Basanah Utara,,-7.0638,112.8190,Indonesia,ID,IDN,Jawa Timur,Jawa Timur,ID-JI,province,,781.3,,,3,Asia/Jakarta,FALSE,1360007335
Klatak,Klatak,,-7.5547,110.2875,Indonesia,ID,IDN,Jawa Tengah,Jawa Tengah,ID-JT,province,,1113.4,,,3,Asia/Jakarta,FALSE,1360299358
Klatak,Klatak,,-7.6128,111.0733,Indonesia,ID,IDN,Jawa Tengah,Jawa Tengah,ID-JT,province,,1064.4,,,3,Asia/Jakarta,TRUE,1360017897
Klatak,Klatak,,-7.5964,109.6503,Indonesia,ID,IDN,Jawa Tengah,Jawa Tengah,ID-JT,province,,854.4,,,3,Asia/Jakarta,TRUE,1360441100
Klatak,Klatak,,-7.5036,110.0408,Indonesia,ID,IDN,Jawa Tengah,Jawa Tengah,ID-JT,province,,782.0,,,3,Asia/Jakarta,TRUE,1360138310
Klatak,Klatak,,-6.9928,110.6563,Indonesia,ID,IDN,Jawa Tengah,Jawa Tengah,ID-JT,province,,676.8,,,3,Asia/Jakarta,TRUE,1360379202
Klatak,Klatak,,-7.1836,111.3033,Indonesia,ID,IDN,Jawa Tengah,Jawa Tengah,ID-JT,province,,432.6,,,3,Asia/Jakarta,TRUE,1360634545
Beluruh,Beluruh,Belukur|Belukuh,2.6558,97.8591,Indonesia,ID,IDN,Aceh,Aceh,ID-AC,special region,,62.5,,,4,Asia/Jakarta,FALSE,1360904035
Cigobang,Cigobang,,-6.0453,105.9711,Indonesia,ID,IDN,Banten,Banten,ID-BT,province,,2362.6,,,2,Asia/Jakarta,FALSE,1360397153
Cigobang,Cigobang,,-6.2795,105.9918,Indonesia,ID,IDN,Banten,Banten,ID-BT,province,,578.5,,,3,Asia/Jakarta,TRUE,1360795431
Cigobang,Cigobang,,-6.6025,106.4214,Indonesia,ID,IDN,Banten,Banten,ID-BT,province,,432.7,,,3,Asia/Jakarta,TRUE,1360834816
Togafo,Togafo,,0.8162,127.2956,Indonesia,ID,IDN,Maluku Utara,Maluku Utara,ID-MU,province,,1678.4,,,3,Asia/Jayapura,FALSE,1360997183
Paceko,Paceko,,-5.6564,119.7259,Indonesia,ID,IDN,Sulawesi Selatan,Sulawesi Selatan,ID-SN,province,,543.5,,,3,Asia/Makassar,FALSE,1360344638
Boromesjid,Boromesjid,,-7.7442,110.0047,Indonesia,ID,IDN,Jawa Tengah,Jawa Tengah,ID-JT,province,,629.0,,,3,Asia/Jakarta,FALSE,1360014148
Poncol Atas,Poncol Atas,,-6.4006,106.8356,Indonesia,ID,IDN,Jawa Barat,Jawa Barat,ID-JB,province,,13377.1,,,2,Asia/Jakarta,FALSE,1360069944
Loka,Loka,,-2.9426,119.1934,Indonesia,ID,IDN,Sulawesi Barat,Sulawesi Barat,ID-SR,province,,69.1,,,4,Asia/Makassar,FALSE,1360982301
Lajjoro,Lajjoro,Lajoro,-4.5429,120.2328,Indonesia,ID,IDN,Sulawesi Selatan,Sulawesi Selatan,ID-SN,province,,175.7,,,4,Asia/Makassar,FALSE,1360914233
Genteran,Genteran,,-7.4922,110.3514,Indonesia,ID,IDN,Jawa Tengah,Jawa Tengah,ID-JT,province,,1113.4,,,3,Asia/Jakarta,FALSE,1360837596
Panututan,Panututan,Panoetoetan,-7.3410,108.2088,Indonesia,ID,IDN,Jawa Barat,Jawa Barat,ID-JB,province,minor,3852.8,,,2,Asia/Jakarta,FALSE,1360781651
Bogangan,Bogangan,,-7.4081,111.0564,Indonesia,ID,IDN,Jawa Tengah,Jawa Tengah,ID-JT,province,,911.2,,,3,Asia/Jakarta,FALSE,1360529412
Kikisik Dua,Kikisik Dua,,-7.2922,108.1415,Indonesia,ID,IDN,Jawa Barat,Jawa Barat,ID-JB,province,,678.9,,,3,Asia/Jakarta,FALSE,1360026776
Talibubu,Talibubu,,-1.2468,122.5019,Indonesia,ID,IDN,Sulawesi Tengah,Sulawesi Tengah,ID-ST,province,,41.9,,,4,Asia/Makassar,FALSE,1360269349
Talang Sungaibatu,Talang Sungaibatu,,-4.1249,104.4015,Indonesia,ID,IDN,Sumatera Selatan,Sumatera Selatan,ID-SS,province,,253.3,,,3,Asia/Jakarta,FALSE,1360432800
Seturancang,Seturancang,,-6.9208,109.1558,Indonesia,ID,IDN,Jawa Tengah,Jawa Tengah,ID-JT,province,,1406.9,,,3,Asia/Jakarta,FALSE,1360425360
Lindung Kemanci,Lindung Kemanci,,3.5161,116.5146,Indonesia,ID,IDN,Kalimantan Utara,Kalimantan Utara,ID-KU,province,,2.8,,,5,Asia/Makassar,FALSE,1360007061
Anggalo,Anggalo,,-3.5000,121.5667,Indonesia,ID,IDN,Sulawesi Tenggara,Sulawesi Tenggara,ID-SG,province,,58.1,,,4,Asia/Makassar,FALSE,1360018346
Anggalo,Anggalo,,-3.9736,122.4077,Indonesia,ID,IDN,Sulawesi Tenggara,Sulawesi Tenggara,ID-SG,province,,10.2,,,4,Asia/Makassar,TRUE,1360736544
Siderejo,Siderejo,,-7.7611,110.2672,Indonesia,ID,IDN,Yogyakarta,Yogyakarta,ID-YO,special region,,2319.5,,,2,Asia/Jakarta,FALSE,1360285375
Waail,Waail,Wa Asil|Waasil,-3.3902,127.1061,Indonesia,ID,IDN,Maluku,Maluku,ID-MA,province,,32.7,,,4,Asia/Jayapura,FALSE,1360941948
Loka,Loka,,-2.9389,121.1479,Indonesia,ID,IDN,Sulawesi Tenggara,Sulawesi Tenggara,ID-SG,province,,78.6,,,4,Asia/Makassar,FALSE,1360037403
Tumpang Dua,Tumpang Dua,,-8.0074,112.7579,Indonesia,ID,IDN,Jawa Timur,Jawa Timur,ID-JI,province,,761.0,,,3,Asia/Jakarta,FALSE,1360766168
Blendung,Blendung,,-8.0667,110.4978,Indonesia,ID,IDN,Yogyakarta,Yogyakarta,ID-YO,special region,,457.6,,,3,Asia/Jakarta,FALSE,1360559753
Menegalung,Menegalung,,-4.6406,120.1749,Indonesia,ID,IDN,Sulawesi Selatan,Sulawesi Selatan,ID-SN,province,,175.7,,,4,Asia/Makassar,FALSE,1360182148
Cikalintu,Cikalintu,Tjikalintu,-6.8736,107.5964,Indonesia,ID,IDN,Jawa Barat,Jawa Barat,ID-JB,province,,23655.5,,,2,Asia/Jakarta,FALSE,1360718282
Pamuha,Pamuha,,3.0156,99.5196,Indonesia,ID,IDN,Sumatera Utara,Sumatera Utara,ID-SU,province,,181.3,,,4,Asia/Jakarta,FALSE,1360488726
Babakan Ciparay,Babakan Ciparay,Tegalkonde,-6.7906,107.2783,Indonesia,ID,IDN,Jawa Barat,Jawa Barat,ID-JB,province,,666.6,,,3,Asia/Jakarta,FALSE,1360663464
Cikeasparung,Cikeasparung,,-6.3374,106.9598,Indonesia,ID,IDN,Jawa Barat,Jawa Barat,ID-JB,province,,2169.9,,,2,Asia/Jakarta,FALSE,1360329754
Gandusuli,Gandusuli,,-7.3389,109.2831,Indonesia,ID,IDN,Jawa Tengah,Jawa Tengah,ID-JT,province,,1167.7,,,3,Asia/Jakarta,FALSE,1360027856
Keluang,Keluang,Kloewang|Kluwang,-8.5076,123.3778,Indonesia,ID,IDN,Nusa Tenggara Timur,Nusa Tenggara Timur,ID-NT,province,,120.1,,,4,Asia/Makassar,FALSE,1360893831
Iealang,Iealang,,5.4056,95.4943,Indonesia,ID,IDN,Aceh,Aceh,ID-AC,special region,,153.5,,,4,Asia/Jakarta,FALSE,1360885663
Sijambe,Sijambe,,-7.4808,110.1139,Indonesia,ID,IDN,Jawa Tengah,Jawa Tengah,ID-JT,province,,1113.4,,,3,Asia/Jakarta,FALSE,1360765298
Sijambe,Sijambe,,-7.5856,111.1183,Indonesia,ID,IDN,Jawa Tengah,Jawa Tengah,ID-JT,province,,1064.4,,,3,Asia/Jakarta,TRUE,1360133349
Sijambe,Sijambe,,-6.8765,109.6284,Indonesia,ID,IDN,Jawa Tengah,Jawa Tengah,ID-JT,province,,896.1,,,3,Asia/Jakarta,TRUE,1360164128
Sijambe,Sijambe,,-7.2800,110.1394,Indonesia,ID,IDN,Jawa Tengah,Jawa Tengah,ID-JT,province,,851.9,,,3,Asia/Jakarta,TRUE,1360222659
Kaliasin 2,Kaliasin 2,Kaliasin Dua,-6.0317,107.1592,Indonesia,ID,IDN,Jawa Barat,Jawa Barat,ID-JB,province,,1386.3,,,3,Asia/Jakarta,FALSE,1360305968
Sumberglagahkrajan,Sumberglagahkrajan,,-7.6506,112.8166,Indonesia,ID,IDN,Jawa Timur,Jawa Timur,ID-JI,province,,1127.0,,,3,Asia/Jakarta,FALSE,1360072458
Pondokbila,Pondokbila,,-8.6632,116.4326,Indonesia,ID,IDN,Nusa Tenggara Barat,Nusa Tenggara Barat,ID-NB,province,,826.7,,,3,Asia/Makassar,FALSE,1360138792
Kubangpoti,Kubangpoti,,-6.0750,106.0853,Indonesia,ID,IDN,Banten,Banten,ID-BT,province,,1080.6,,,3,Asia/Jakarta,FALSE,1360002236
Sumberrejo Lebak,Sumberrejo Lebak,,-6.2047,106.3447,Indonesia,ID,IDN,Jawa Barat,Jawa Barat,ID-JB,province,,1080.6,,,3,Asia/Jakarta,FALSE,1360236637
Bululitua,Bululitua,,0.7621,122.4865,Indonesia,ID,IDN,Gorontalo,Gorontalo,ID-GO,province,,93.3,,,4,Asia/Makassar,FALSE,1360670178
Pondok Timbang Deli,Pondok Timbang Deli,,3.4519,98.9016,Indonesia,ID,IDN,Sumatera Utara,Sumatera Utara,ID-SU,province,,332.4,,,3,Asia/Jakarta,FALSE,1360147220
Kapu,Kapu,,-8.3811,116.1800,Indonesia,ID,IDN,Nusa Tenggara Barat,Nusa Tenggara Barat,ID-NB,province,,286.8,,,3,Asia/Makassar,FALSE,1360839158
Pasirgantung,Pasirgantung,,-6.9078,107.3228,Indonesia,ID,IDN,Jawa Barat,Jawa Barat,ID-JB,province,,1300.1,,,3,Asia/Jakarta,FALSE,1360299077
Maubam,Maubam,,-9.5778,124.6129,Indonesia,ID,IDN,Nusa Tenggara Timur,Nusa Tenggara Timur,ID-NT,province,,100.9,,,4,Asia/Makassar,FALSE,1360022075
Homara Satu,Homara Satu,Homara 1,-9.6912,120.2866,Indonesia,ID,IDN,Nusa Tenggara Timur,Nusa Tenggara Timur,ID-NT,province,,40.2,,,4,Asia/Makassar,FALSE,1360735428
Nampol,Nampol,,-8.1447,111.0381,Indonesia,ID,IDN,Jawa Timur,Jawa Timur,ID-JI,province,,392.8,,,3,Asia/Jakarta,FALSE,1360011916
Patuk Wetan,Patuk Wetan,,-8.1208,112.7214,Indonesia,ID,IDN,Jawa Timur,Jawa Timur,ID-JI,province,,761.0,,,3,Asia/Jakarta,FALSE,1360642195
Bojonglarang,Bojonglarang,,-7.0902,109.5728,Indonesia,ID,IDN,Jawa Tengah,Jawa Tengah,ID-JT,province,,896.1,,,3,Asia/Jakarta,FALSE,1360220743
Maduasri,Maduasri,,-7.5361,110.7658,Indonesia,ID,IDN,Jawa Tengah,Jawa Tengah,ID-JT,province,,1064.4,,,3,Asia/Jakarta,FALSE,1360519875
Suaklaboh,Suaklaboh,Suaklabu,3.6720,96.9040,Indonesia,ID,IDN,Aceh,Aceh,ID-AC,special region,,55.6,,,4,Asia/Jakarta,FALSE,1360479711
Banjar Tabang,Banjar Tabang,,-8.1529,115.1894,Indonesia,ID,IDN,Bali,Bali,ID-BA,province,,531.2,,,3,Asia/Makassar,FALSE,1360543975
Jungudan,Jungudan,,-6.9681,113.5008,Indonesia,ID,IDN,Jawa Timur,Jawa Timur,ID-JI,province,,1149.1,,,3,Asia/Jakarta,FALSE,1360606328
Jatibogor Tengah,Jatibogor Tengah,,-6.9034,109.2357,Indonesia,ID,IDN,Jawa Tengah,Jawa Tengah,ID-JT,province,,1406.9,,,3,Asia/Jakarta,FALSE,1360038023
Gunungjambu,Gunungjambu,,-7.6586,109.2094,Indonesia,ID,IDN,Jawa Tengah,Jawa Tengah,ID-JT,province,,708.0,,,3,Asia/Jakarta,FALSE,1360574793
Laras,Laras,,-7.0473,113.5870,Indonesia,ID,IDN,Jawa Timur,Jawa Timur,ID-JI,province,,1149.1,,,3,Asia/Jakarta,FALSE,1360685216
Umbulanjelabat Dua,Umbulanjelabat Dua,Umbulanjelabat 2,-4.1868,104.6048,Indonesia,ID,IDN,Sumatera Selatan,Sumatera Selatan,ID-SS,province,,253.3,,,3,Asia/Jakarta,FALSE,1360029094
Muludah,Muludah,,-7.6456,110.6394,Indonesia,ID,IDN,Jawa Tengah,Jawa Tengah,ID-JT,province,,1721.4,,,3,Asia/Jakarta,FALSE,1360849016
Tegallangkap,Tegallangkap,,-6.6533,106.7150,Indonesia,ID,IDN,Jawa Barat,Jawa Barat,ID-JB,province,,2169.9,,,2,Asia/Jakarta,FALSE,1360490856
Kalicompeng,Kalicompeng,,-5.4611,120.2555,Indonesia,ID,IDN,Sulawesi Selatan,Sulawesi Selatan,ID-SN,province,,388.3,,,3,Asia/Makassar,FALSE,1360018890
Alaskobong,Alaskobong,,-8.3257,114.2098,Indonesia,ID,IDN,Jawa Timur,Jawa Timur,ID-JI,province,,452.5,,,3,Asia/Jakarta,FALSE,1360015855
Pulaugodang,Pulaugodang,,1.9448,98.5514,Indonesia,ID,IDN,Sumatera Utara,Sumatera Utara,ID-SU,province,,164.8,,,4,Asia/Jakarta,FALSE,1360015011
Banjar Mundeh,Banjar Mundeh,,-8.5803,115.1392,Indonesia,ID,IDN,Bali,Bali,ID-BA,province,minor,543.3,,,3,Asia/Makassar,FALSE,1360754230
Tobila,Tobila,,-2.9706,120.0873,Indonesia,ID,IDN,Sulawesi Selatan,Sulawesi Selatan,ID-SN,province,,662.3,,,3,Asia/Makassar,FALSE,1360708813
Baujeng,Baujeng,,-7.6268,112.7254,Indonesia,ID,IDN,Jawa Timur,Jawa Timur,ID-JI,province,,1127.0,,,3,Asia/Jakarta,FALSE,1360196363
Duworo,Duworo,,-7.4278,110.7331,Indonesia,ID,IDN,Jawa Tengah,Jawa Tengah,ID-JT,province,,890.8,,,3,Asia/Jakarta,FALSE,1360409682
Kotalama,Kotalama,Kotalamo,1.1074,120.8015,Indonesia,ID,IDN,Sulawesi Tengah,Sulawesi Tengah,ID-ST,province,,72.5,,,4,Asia/Makassar,FALSE,1360322261
Kotalama,Kotalama,,3.8234,98.4954,Indonesia,ID,IDN,Sumatera Utara,Sumatera Utara,ID-SU,province,,166.6,,,4,Asia/Jakarta,FALSE,1360301582
Mariahnagur,Mariahnagur,,3.0410,98.9940,Indonesia,ID,IDN,Sumatera Utara,Sumatera Utara,ID-SU,province,,318.3,,,3,Asia/Jakarta,FALSE,1360636168
Glodogan,Glodogan,,-7.7400,110.5947,Indonesia,ID,IDN,Jawa Tengah,Jawa Tengah,ID-JT,province,,1721.4,,,3,Asia/Jakarta,FALSE,1360056022
Glodogan,Glodogan,,-7.2203,110.4175,Indonesia,ID,IDN,Jawa Tengah,Jawa Tengah,ID-JT,province,,1028.0,,,3,Asia/Jakarta,TRUE,1360846192
Umbulan Rebahcanggung,Umbulan Rebahcanggung,,-4.4248,104.5122,Indonesia,ID,IDN,Lampung,Lampung,ID-LA,province,,119.6,,,4,Asia/Jakarta,FALSE,1360035349
Rage,Rage,,-8.7965,116.2041,Indonesia,ID,IDN,Nusa Tenggara Barat,Nusa Tenggara Barat,ID-NB,province,,782.4,,,3,Asia/Makassar,FALSE,1360422271
Kwangkalan,Kwangkalan,,-7.8447,112.0766,Indonesia,ID,IDN,Jawa Timur,Jawa Timur,ID-JI,province,,1219.4,,,3,Asia/Jakarta,FALSE,1360038516
Aebara,Aebara,,-8.7857,121.9204,Indonesia,ID,IDN,Nusa Tenggara Timur,Nusa Tenggara Timur,ID-NT,province,,132.1,,,4,Asia/Makassar,FALSE,1360073045
Erma,Erma,Erna,-5.1584,138.2175,Indonesia,ID,IDN,Papua Selatan,Papua Selatan,ID-PS,,,5.0,,,5,Asia/Jayapura,FALSE,1360878081
Bujok,Bujok,Budjok,5.0779,97.2688,Indonesia,ID,IDN,Aceh,Aceh,ID-AC,special region,,234.2,,,3,Asia/Jakarta,FALSE,1360253099
Gelongong,Gelongong,,-6.4994,106.7925,Indonesia,ID,IDN,Jawa Barat,Jawa Barat,ID-JB,province,,2169.9,,,2,Asia/Jakarta,FALSE,1360635261
Pangambean,Pangambean,,-6.7611,108.2700,Indonesia,ID,IDN,Jawa Barat,Jawa Barat,ID-JB,province,,918.7,,,3,Asia/Jakarta,FALSE,1360005576
Bogem Timur,Bogem Timur,,-7.6122,111.3531,Indonesia,ID,IDN,Jawa Timur,Jawa Timur,ID-JI,province,,865.1,,,3,Asia/Jakarta,FALSE,1360565071
Uleenyeu,Uleenyeu,Uleenjeue|Uleenyeue,5.1950,96.9710,Indonesia,ID,IDN,Aceh,Aceh,ID-AC,special region,,475.3,,,3,Asia/Jakarta,FALSE,1360702745
Sumurgumuling,Sumurgumuling,,-7.6461,109.0853,Indonesia,ID,IDN,Jawa Tengah,Jawa Tengah,ID-JT,province,,708.0,,,3,Asia/Jakarta,FALSE,1360996127
Sadaarih,Sadaarih,,3.5579,98.5509,Indonesia,ID,IDN,Sumatera Utara,Sumatera Utara,ID-SU,province,,902.6,,,3,Asia/Jakarta,FALSE,1360486307
Matturungnge,Matturungnge,,-4.0653,119.6226,Indonesia,ID,IDN,Sulawesi Selatan,Sulawesi Selatan,ID-SN,province,,1751.5,,,3,Asia/Makassar,FALSE,1360648657
Petis,Petis,,-7.1465,112.5250,Indonesia,ID,IDN,Jawa Timur,Jawa Timur,ID-JI,province,,1182.2,,,3,Asia/Jakarta,FALSE,1360007045
Uewihnepan,Uewihnepan,,4.5813,96.8898,Indonesia,ID,IDN,Aceh,Aceh,ID-AC,special region,,46.3,,,4,Asia/Jakarta,FALSE,1360330118
Griyakebonjaya,Griyakebonjaya,,-7.6600,112.8969,Indonesia,ID,IDN,Jawa Timur,Jawa Timur,ID-JI,province,,5623.7,,,2,Asia/Jakarta,FALSE,1360552868
Pamokalan Kidul,Pamokalan Kidul,,-6.8289,107.1533,Indonesia,ID,IDN,Jawa Barat,Jawa Barat,ID-JB,province,,666.6,,,3,Asia/Jakarta,FALSE,1360772207
Pegirikan,Pegirikan,,-6.8713,109.6851,Indonesia,ID,IDN,Jawa Tengah,Jawa Tengah,ID-JT,province,,3493.7,,,2,Asia/Jakarta,FALSE,1360106323
Pegirikan,Pegirikan,,-6.9432,109.1445,Indonesia,ID,IDN,Jawa Tengah,Jawa Tengah,ID-JT,province,,1406.9,,,3,Asia/Jakarta,TRUE,1360583168
Pegirikan,Pegirikan,,-6.8761,109.5804,Indonesia,ID,IDN,Jawa Tengah,Jawa Tengah,ID-JT,province,,941.6,,,3,Asia/Jakarta,TRUE,1360236254
Lebaksari Utara,Lebaksari Utara,,-7.6813,112.8155,Indonesia,ID,IDN,Jawa Timur,Jawa Timur,ID-JI,province,,1127.0,,,3,Asia/Jakarta,FALSE,1360320590
Gandu Kulon,Gandu Kulon,,-6.8764,109.5382,Indonesia,ID,IDN,Jawa Tengah,Jawa Tengah,ID-JT,province,,1115.9,,,3,Asia/Jakarta,FALSE,1360080317
Aek Kudu,Aek Kudu,,1.4257,99.6362,Indonesia,ID,IDN,Sumatera Utara,Sumatera Utara,ID-SU,province,,105.3,,,4,Asia/Jakarta,FALSE,1360834076
Klapanan,Klapanan,,-6.9099,111.3638,Indonesia,ID,IDN,Jawa Tengah,Jawa Tengah,ID-JT,province,,432.6,,,3,Asia/Jakarta,FALSE,1360239022
Imut,Imut,,-7.3279,107.5059,Indonesia,ID,IDN,Jawa Barat,Jawa Barat,ID-JB,province,,909.3,,,3,Asia/Jakarta,FALSE,1360478480
Palimpoe,Palimpoe,,-5.0756,120.1312,Indonesia,ID,IDN,Sulawesi Selatan,Sulawesi Selatan,ID-SN,province,,298.4,,,3,Asia/Makassar,FALSE,1360030708
Rempiling,Rempiling,,-8.6927,116.2955,Indonesia,ID,IDN,Nusa Tenggara Barat,Nusa Tenggara Barat,ID-NB,province,,782.4,,,3,Asia/Makassar,FALSE,1360606588
Tegalgaru,Tegalgaru,,-6.4981,107.5858,Indonesia,ID,IDN,Jawa Barat,Jawa Barat,ID-JB,province,,751.4,,,3,Asia/Jakarta,FALSE,1360061196
Cikalil,Cikalil,,-6.8348,106.0824,Indonesia,ID,IDN,Banten,Banten,ID-BT,province,,432.7,,,3,Asia/Jakarta,FALSE,1360724341
Rumbutmalang,Rumbutmalang,,-6.7232,111.3493,Indonesia,ID,IDN,Jawa Tengah,Jawa Tengah,ID-JT,province,,600.6,,,3,Asia/Jakarta,FALSE,1360526347
Posmalangtegal,Posmalangtegal,,-7.6714,110.4447,Indonesia,ID,IDN,Yogyakarta,Yogyakarta,ID-YO,special region,,2319.5,,,2,Asia/Jakarta,FALSE,1360050903
Monggai,Monggai,,-6.7417,140.1885,Indonesia,ID,IDN,Papua Selatan,Papua Selatan,ID-PS,,,4.7,,,5,Asia/Jayapura,FALSE,1360608972
Boloso,Boloso,,-4.2059,122.0948,Indonesia,ID,IDN,Sulawesi Tenggara,Sulawesi Tenggara,ID-SG,province,,58.1,,,4,Asia/Makassar,FALSE,1360567973
Banjar Kulon Dua,Banjar Kulon Dua,,-7.3736,109.6814,Indonesia,ID,IDN,Jawa Tengah,Jawa Tengah,ID-JT,province,,784.3,,,3,Asia/Jakarta,FALSE,1360382836
Paladadi,Paladadi,,-7.6953,109.3128,Indonesia,ID,IDN,Jawa Tengah,Jawa Tengah,ID-JT,province,,708.0,,,3,Asia/Jakarta,FALSE,1360674469
Alursentang,Alursentang,,4.6062,97.8845,Indonesia,ID,IDN,Aceh,Aceh,ID-AC,special region,,63.2,,,4,Asia/Jakarta,FALSE,1360798927
Piasa,Piasa,,-7.4592,109.0969,Indonesia,ID,IDN,Jawa Tengah,Jawa Tengah,ID-JT,province,,1174.8,,,3,Asia/Jakarta,FALSE,1360402260
Piasa,Piasa,,-7.2217,109.7544,Indonesia,ID,IDN,Jawa Tengah,Jawa Tengah,ID-JT,province,,784.3,,,3,Asia/Jakarta,TRUE,1360199323
Bengkiyek,Bengkiyek,,-7.6936,109.7097,Indonesia,ID,IDN,Jawa Tengah,Jawa Tengah,ID-JT,province,,854.4,,,3,Asia/Jakarta,FALSE,1360057653
Babakandomba,Babakandomba,,-7.3581,108.2192,Indonesia,ID,IDN,Jawa Barat,Jawa Barat,ID-JB,province,,3852.8,,,2,Asia/Jakarta,FALSE,1360443209
Babakandomba,Babakandomba,Babakan Domba,-7.7806,108.2173,Indonesia,ID,IDN,Jawa Barat,Jawa Barat,ID-JB,province,,678.9,,,3,Asia/Jakarta,TRUE,1360023694
Laitaku,Laitaku,,-10.1197,120.1201,Indonesia,ID,IDN,Nusa Tenggara Timur,Nusa Tenggara Timur,ID-NT,province,,40.2,,,4,Asia/Makassar,FALSE,1360790355
Laitaku,Laitaku,,-10.0560,120.4200,Indonesia,ID,IDN,Nusa Tenggara Timur,Nusa Tenggara Timur,ID-NT,province,,40.2,,,4,Asia/Makassar,TRUE,1360116194
Laitaku,Laitaku,,-9.9981,120.3780,Indonesia,ID,IDN,Nusa Tenggara Timur,Nusa Tenggara Timur,ID-NT,province,,40.2,,,4,Asia/Makassar,TRUE,1360067775
Wolobalu,Wolobalu,,-8.5837,121.8307,Indonesia,ID,IDN,Nusa Tenggara Timur,Nusa Tenggara Timur,ID-NT,province,,132.1,,,4,Asia/Makassar,FALSE,1360029097
Kenongo,Kenongo,,-7.4861,112.6469,Indonesia,ID,IDN,Jawa Timur,Jawa Timur,ID-JI,province,,4310.3,,,2,Asia/Jakarta,FALSE,1360801949
Kenongo,Kenongo,,-7.4545,112.4393,Indonesia,ID,IDN,Jawa Timur,Jawa Timur,ID-JI,province,,3829.4,,,2,Asia/Jakarta,TRUE,1360012269
Kenongo,Kenongo,,-7.4918,112.5742,Indonesia,ID,IDN,Jawa Timur,Jawa Timur,ID-JI,province,,1161.1,,,3,Asia/Jakarta,TRUE,1360541068
Kenongo,Kenongo,,-7.8459,112.9315,Indonesia,ID,IDN,Jawa Timur,Jawa Timur,ID-JI,province,,1127.0,,,3,Asia/Jakarta,TRUE,1360677781
Kenongo,Kenongo,,-7.9470,112.6590,Indonesia,ID,IDN,Jawa Timur,Jawa Timur,ID-JI,province,,841.3,,,3,Asia/Jakarta,TRUE,1360710044
Kenongo,Kenongo,,-7.9842,112.7593,Indonesia,ID,IDN,Jawa Timur,Jawa Timur,ID-JI,province,,761.0,,,3,Asia/Jakarta,TRUE,1360893167
Kenongo,Kenongo,,-8.0089,112.5393,Indonesia,ID,IDN,Jawa Timur,Jawa Timur,ID-JI,province,minor,761.0,,,3,Asia/Jakarta,TRUE,1360193663
Kenongo,Kenongo,Kenanga,-8.2543,112.8269,Indonesia,ID,IDN,Jawa Timur,Jawa Timur,ID-JI,province,,761.0,,,3,Asia/Jakarta,TRUE,1360114552
Kenongo,Kenongo,,-7.7497,113.1631,Indonesia,ID,IDN,Jawa Timur,Jawa Timur,ID-JI,province,,683.3,,,3,Asia/Jakarta,TRUE,1360729726
Kenongo,Kenongo,,-7.4818,111.6640,Indonesia,ID,IDN,Jawa Timur,Jawa Timur,ID-JI,province,,617.8,,,3,Asia/Jakarta,TRUE,1360007358
Kenongo,Kenongo,,-7.0666,111.7100,Indonesia,ID,IDN,Jawa Timur,Jawa Timur,ID-JI,province,,602.9,,,3,Asia/Jakarta,TRUE,1360106566
Kenongo,Kenongo,,-8.0371,113.2409,Indonesia,ID,IDN,Jawa Timur,Jawa Timur,ID-JI,province,,577.0,,,3,Asia/Jakarta,TRUE,1360679166
Singaraja,Singaraja,Singaradja,-6.3500,108.3333,Indonesia,ID,IDN,Jawa Barat,Jawa Barat,ID-JB,province,,850.8,,,3,Asia/Jakarta,FALSE,1360698328
Singaraja,Singaraja,,-7.4324,108.1216,Indonesia,ID,IDN,Jawa Barat,Jawa Barat,ID-JB,province,,678.9,,,3,Asia/Jakarta,TRUE,1360482063
Ulakan,Ulakan,,-8.4914,115.5014,Indonesia,ID,IDN,Bali,Bali,ID-BA,province,minor,518.1,,,3,Asia/Makassar,FALSE,1360013385
Matalaiang,Matalaiang,Matalalang,-6.1506,120.4529,Indonesia,ID,IDN,Sulawesi Selatan,Sulawesi Selatan,ID-SN,province,,122.0,,,4,Asia/Makassar,FALSE,1360109460
Mepaang,Mepaang,,-2.7082,118.7829,Indonesia,ID,IDN,Sulawesi Barat,Sulawesi Barat,ID-SR,province,,68.1,,,4,Asia/Makassar,FALSE,1360033947
Cikujang,Cikujang,,-6.8275,105.8293,Indonesia,ID,IDN,Banten,Banten,ID-BT,province,,460.1,,,3,Asia/Jakarta,FALSE,1360347053
Cikujang,Cikujang,,-6.7461,106.2089,Indonesia,ID,IDN,Banten,Banten,ID-BT,province,,432.7,,,3,Asia/Jakarta,TRUE,1360201137
Bosualumut,Bosualumut,,-2.8231,100.1841,Indonesia,ID,IDN,Sumatera Barat,Sumatera Barat,ID-SB,province,,13.6,,,4,Asia/Jakarta,FALSE,1360184211
Purworejo,Purworejo,,-7.6339,110.4247,Indonesia,ID,IDN,Yogyakarta,Yogyakarta,ID-YO,special region,,2319.5,,,2,Asia/Jakarta,FALSE,1360438986
Purworejo,Purworejo,,-7.7058,110.4353,Indonesia,ID,IDN,Yogyakarta,Yogyakarta,ID-YO,special region,,2319.5,,,2,Asia/Jakarta,TRUE,1360064744
Purworejo,Purworejo,,-7.8872,110.4356,Indonesia,ID,IDN,Yogyakarta,Yogyakarta,ID-YO,special region,,2161.9,,,2,Asia/Jakarta,TRUE,1360900240
Purworejo,Purworejo,,-8.0697,110.7597,Indonesia,ID,IDN,Yogyakarta,Yogyakarta,ID-YO,special region,,457.6,,,3,Asia/Jakarta,TRUE,1360029778
Purworejo,Purworejo,,-7.8247,110.7006,Indonesia,ID,IDN,Yogyakarta,Yogyakarta,ID-YO,special region,,457.6,,,3,Asia/Jakarta,TRUE,1360643890
Sedran Timur,Sedran Timur,,-6.6788,110.6702,Indonesia,ID,IDN,Jawa Tengah,Jawa Tengah,ID-JT,province,,1152.9,,,3,Asia/Jakarta,FALSE,1360667987
Palur Kulon,Palur Kulon,,-7.5697,110.8714,Indonesia,ID,IDN,Jawa Tengah,Jawa Tengah,ID-JT,province,,3347.2,,,2,Asia/Jakarta,FALSE,1360967160
Sarikuning,Sarikuning,,-6.5753,107.0633,Indonesia,ID,IDN,Jawa Barat,Jawa Barat,ID-JB,province,,2169.9,,,2,Asia/Jakarta,FALSE,1360766228
Sarikuning,Sarikuning,,-6.9911,108.2536,Indonesia,ID,IDN,Jawa Barat,Jawa Barat,ID-JB,province,,918.7,,,3,Asia/Jakarta,TRUE,1360013649
Arangsapat,Arangsapat,,-3.9363,102.5202,Indonesia,ID,IDN,Bengkulu,Bengkulu,ID-BE,province,,78.3,,,4,Asia/Jakarta,FALSE,1360311061
Leuwilubang,Leuwilubang,,-6.8606,107.1786,Indonesia,ID,IDN,Jawa Barat,Jawa Barat,ID-JB,province,,666.6,,,3,Asia/Jakarta,FALSE,1360155892
Gunungterang,Gunungterang,Goenoengterang|Gunungterong,-3.9310,104.5180,Indonesia,ID,IDN,Sumatera Selatan,Sumatera Selatan,ID-SS,province,,253.3,,,3,Asia/Jakarta,FALSE,1360017616
Siborasilir,Siborasilir,Siboras,3.1951,99.0143,Indonesia,ID,IDN,Sumatera Utara,Sumatera Utara,ID-SU,province,,332.4,,,3,Asia/Jakarta,FALSE,1360637684
Dukumalang,Dukumalang,,-6.6984,108.5208,Indonesia,ID,IDN,Jawa Barat,Jawa Barat,ID-JB,province,,2095.8,,,2,Asia/Jakarta,FALSE,1360456366
Cikaro,Cikaro,,-7.0516,107.7653,Indonesia,ID,IDN,Jawa Barat,Jawa Barat,ID-JB,province,,1899.0,,,3,Asia/Jakarta,FALSE,1360672407
Cikaro,Cikaro,Tjikaro,-7.1393,107.9967,Indonesia,ID,IDN,Jawa Barat,Jawa Barat,ID-JB,province,,909.3,,,3,Asia/Jakarta,TRUE,1360888100
Gemarang Barat,Gemarang Barat,,-7.4015,111.4046,Indonesia,ID,IDN,Jawa Timur,Jawa Timur,ID-JI,province,,586.3,,,3,Asia/Jakarta,FALSE,1360029478
Benoang,Benoang,,-8.6983,116.3695,Indonesia,ID,IDN,Nusa Tenggara Barat,Nusa Tenggara Barat,ID-NB,province,,782.4,,,3,Asia/Makassar,FALSE,1360676258
Babakanranji,Babakanranji,,-7.3055,108.5126,Indonesia,ID,IDN,Jawa Barat,Jawa Barat,ID-JB,province,,590.8,,,3,Asia/Jakarta,FALSE,1360615976
Temusari,Temusari,,-7.5042,110.4522,Indonesia,ID,IDN,Jawa Tengah,Jawa Tengah,ID-JT,province,,890.8,,,3,Asia/Jakarta,FALSE,1360742253
Tembarak Lor,Tembarak Lor,,-7.3581,110.1922,Indonesia,ID,IDN,Jawa Tengah,Jawa Tengah,ID-JT,province,,851.9,,,3,Asia/Jakarta,FALSE,1360331377
Gantisang,Gantisang,,-4.8037,119.6780,Indonesia,ID,IDN,Sulawesi Selatan,Sulawesi Selatan,ID-SN,province,,438.7,,,3,Asia/Makassar,FALSE,1360320811
Lumpangrenteng,Lumpangrenteng,,-7.6583,112.0151,Indonesia,ID,IDN,Jawa Timur,Jawa Timur,ID-JI,province,,826.0,,,3,Asia/Jakarta,FALSE,1360285223
Nusaklain,Nusaklain,,-10.6840,123.1094,Indonesia,ID,IDN,Nusa Tenggara Timur,Nusa Tenggara Timur,ID-NT,province,,115.0,,,4,Asia/Makassar,FALSE,1360819385
Nusaklain,Nusaklain,,-10.6211,123.2650,Indonesia,ID,IDN,Nusa Tenggara Timur,Nusa Tenggara Timur,ID-NT,province,,115.0,,,4,Asia/Makassar,TRUE,1360570694
Nusaklain,Nusaklain,,-10.6260,123.4169,Indonesia,ID,IDN,Nusa Tenggara Timur,Nusa Tenggara Timur,ID-NT,province,,115.0,,,4,Asia/Makassar,TRUE,1360501800
Pagotan,Pagotan,,-6.7714,110.7490,Indonesia,ID,IDN,Jawa Tengah,Jawa Tengah,ID-JT,province,,1152.9,,,3,Asia/Jakarta,FALSE,1360681488
Pagotan,Pagotan,,-7.0049,109.9120,Indonesia,ID,IDN,Jawa Tengah,Jawa Tengah,ID-JT,province,,1002.7,,,3,Asia/Jakarta,TRUE,1360015172
Bempo Atas,Bempo Atas,,-8.7440,120.1982,Indonesia,ID,IDN,Nusa Tenggara Timur,Nusa Tenggara Timur,ID-NT,province,,88.6,,,4,Asia/Makassar,FALSE,1360601158
Sukamandi Hilir Tiga,Sukamandi Hilir Tiga,Sukamandihilir 3,3.5661,98.9250,Indonesia,ID,IDN,Sumatera Utara,Sumatera Utara,ID-SU,province,,760.1,,,3,Asia/Jakarta,FALSE,1360176827
Kasurai,Kasurai,,-3.5167,132.6667,Indonesia,ID,IDN,Papua Barat,Papua Barat,ID-PB,province,,8.0,,,5,Asia/Jayapura,FALSE,1360529646
Jayabaya,Jayabaya,,-7.2498,108.4848,Indonesia,ID,IDN,Jawa Barat,Jawa Barat,ID-JB,province,,590.8,,,3,Asia/Jakarta,FALSE,1360016870
Samberejo,Samberejo,,-8.1817,117.8442,Indonesia,ID,IDN,Nusa Tenggara Barat,Nusa Tenggara Barat,ID-NB,province,,115.6,,,4,Asia/Makassar,FALSE,1360126018
Ujungan,Ujungan,,-7.3309,106.4122,Indonesia,ID,IDN,Jawa Barat,Jawa Barat,ID-JB,province,,633.7,,,3,Asia/Jakarta,FALSE,1360534234
Kanigoro Kulon,Kanigoro Kulon,,-7.4118,112.3706,Indonesia,ID,IDN,Jawa Timur,Jawa Timur,ID-JI,province,,1161.1,,,3,Asia/Jakarta,FALSE,1360601931
Mendil,Mendil,,-7.7458,112.9179,Indonesia,ID,IDN,Jawa Timur,Jawa Timur,ID-JI,province,,1127.0,,,3,Asia/Jakarta,FALSE,1360461899
Buton,Buton,,-4.5511,129.9477,Indonesia,ID,IDN,Maluku,Maluku,ID-MA,province,,21.8,,,4,Asia/Jayapura,FALSE,1360608437
Tewamoro,Tewamoro,,-8.7626,120.7550,Indonesia,ID,IDN,Nusa Tenggara Timur,Nusa Tenggara Timur,ID-NT,province,,132.9,,,4,Asia/Makassar,FALSE,1360194296
Sindangkaso,Sindangkaso,,-6.7472,107.8419,Indonesia,ID,IDN,Jawa Barat,Jawa Barat,ID-JB,province,,779.3,,,3,Asia/Jakarta,FALSE,1360706319
Cigamping,Cigamping,Tjigamping,-7.4434,108.5128,Indonesia,ID,IDN,Jawa Barat,Jawa Barat,ID-JB,province,,590.8,,,3,Asia/Jakarta,FALSE,1360129539
Pengenem Lauk,Pengenem Lauk,,-8.5686,116.3432,Indonesia,ID,IDN,Nusa Tenggara Barat,Nusa Tenggara Barat,ID-NB,province,,782.4,,,3,Asia/Makassar,FALSE,1360128284
Liu,Liu,,1.1269,120.8323,Indonesia,ID,IDN,Sulawesi Tengah,Sulawesi Tengah,ID-ST,province,,72.5,,,4,Asia/Makassar,FALSE,1360948300
Jurago,Jurago,,-7.5616,108.3596,Indonesia,ID,IDN,Jawa Barat,Jawa Barat,ID-JB,province,,590.8,,,3,Asia/Jakarta,FALSE,1360187208
Blang Gurah,Blang Gurah,Blangguran,5.1350,97.0800,Indonesia,ID,IDN,Aceh,Aceh,ID-AC,special region,,475.8,,,3,Asia/Jakarta,FALSE,1360490691
Wangil,Wangil,,-5.7695,134.1947,Indonesia,ID,IDN,Maluku,Maluku,ID-MA,province,,14.0,,,4,Asia/Jayapura,FALSE,1360020048
Jatigede,Jatigede,,-8.0111,110.6444,Indonesia,ID,IDN,Yogyakarta,Yogyakarta,ID-YO,special region,,457.6,,,3,Asia/Jakarta,FALSE,1360669491
Martapura,Martapura,,-6.0067,106.0568,Indonesia,ID,IDN,Banten,Banten,ID-BT,province,,2402.4,,,2,Asia/Jakarta,FALSE,1360355562
Pagotan,Pagotan,,-7.5413,112.2684,Indonesia,ID,IDN,Jawa Timur,Jawa Timur,ID-JI,province,,1174.4,,,3,Asia/Jakarta,FALSE,1360118818
Dagan,Dagan,,-7.8786,110.3606,Indonesia,ID,IDN,Yogyakarta,Yogyakarta,ID-YO,special region,,2161.9,,,2,Asia/Jakarta,FALSE,1360401685
Dagan,Dagan,,-7.9636,110.2736,Indonesia,ID,IDN,Yogyakarta,Yogyakarta,ID-YO,special region,,2161.9,,,2,Asia/Jakarta,TRUE,1360596174
Dagan,Dagan,,-7.8675,110.6011,Indonesia,ID,IDN,Yogyakarta,Yogyakarta,ID-YO,special region,,457.6,,,3,Asia/Jakarta,TRUE,1360272144
Blang Preh,Blang Preh,,4.2450,96.3760,Indonesia,ID,IDN,Aceh,Aceh,ID-AC,special region,,37.8,,,4,Asia/Jakarta,FALSE,1360994220
Liyamawi,Liyamawi,,-5.3776,123.5786,Indonesia,ID,IDN,Sulawesi Tenggara,Sulawesi Tenggara,ID-SG,province,,185.7,,,4,Asia/Makassar,FALSE,1360288835
Pulobambutua,Pulobambutua,Pulobambu 2|Pulobambu Dua,-6.1958,107.1806,Indonesia,ID,IDN,Jawa Barat,Jawa Barat,ID-JB,province,,3403.8,,,2,Asia/Jakarta,FALSE,1360461658
Sinarbaru,Sinarbaru,,-5.3110,104.9350,Indonesia,ID,IDN,Lampung,Lampung,ID-LA,province,,611.9,,,3,Asia/Jakarta,FALSE,1360683331
Sinarbaru,Sinarbaru,,-5.5460,105.4266,Indonesia,ID,IDN,Lampung,Lampung,ID-LA,province,,520.3,,,3,Asia/Jakarta,TRUE,1360085236
Sinarbaru,Sinarbaru,,-5.5098,105.0438,Indonesia,ID,IDN,Lampung,Lampung,ID-LA,province,,372.2,,,3,Asia/Jakarta,TRUE,1360729092
Sinarbaru,Sinarbaru,Oemboelan Baroe,-5.1268,105.1232,Indonesia,ID,IDN,Lampung,Lampung,ID-LA,province,,327.2,,,3,Asia/Jakarta,TRUE,1360884834
Sinarbaru,Sinarbaru,,-5.5249,104.8499,Indonesia,ID,IDN,Lampung,Lampung,ID-LA,province,,200.8,,,3,Asia/Jakarta,TRUE,1360147046
Sinarbaru,Sinarbaru,,-5.4552,104.8827,Indonesia,ID,IDN,Lampung,Lampung,ID-LA,province,,200.8,,,3,Asia/Jakarta,TRUE,1360036393
Kaluitung,Kaluitung,,3.3765,125.6051,Indonesia,ID,IDN,Sulawesi Utara,Sulawesi Utara,ID-SA,province,,141.2,,,4,Asia/Makassar,FALSE,1360715993
Kacakaca,Kacakaca,,-7.1210,107.4440,Indonesia,ID,IDN,Jawa Barat,Jawa Barat,ID-JB,province,,1899.0,,,3,Asia/Jakarta,FALSE,1360302899
Kertosari Utara,Kertosari Utara,,-7.8588,111.4830,Indonesia,ID,IDN,Jawa Timur,Jawa Timur,ID-JI,province,,601.1,,,3,Asia/Jakarta,FALSE,1360015472
Sekardengan,Sekardengan,,-8.1100,112.1981,Indonesia,ID,IDN,Jawa Timur,Jawa Timur,ID-JI,province,,671.1,,,3,Asia/Jakarta,FALSE,1360518288
Pencol Lor,Pencol Lor,,-7.3348,111.9786,Indonesia,ID,IDN,Jawa Timur,Jawa Timur,ID-JI,province,,536.4,,,3,Asia/Jakarta,FALSE,1360093767
Pencol Lor,Pencol Lor,,-7.1682,111.9395,Indonesia,ID,IDN,Jawa Timur,Jawa Timur,ID-JI,province,,536.4,,,3,Asia/Jakarta,TRUE,1360389604
Talangtretek,Talangtretek,,-5.0183,104.9481,Indonesia,ID,IDN,Lampung,Lampung,ID-LA,province,,327.2,,,3,Asia/Jakarta,FALSE,1360193607
Komplek Kavaleri,Komplek Kavaleri,,-7.3501,108.5410,Indonesia,ID,IDN,Jawa Barat,Jawa Barat,ID-JB,province,,1484.2,,,3,Asia/Jakarta,FALSE,1360023735
Lingkung Lauk,Lingkung Lauk,,-8.5505,116.4119,Indonesia,ID,IDN,Nusa Tenggara Barat,Nusa Tenggara Barat,ID-NB,province,,826.7,,,3,Asia/Makassar,FALSE,1360013587
Kuo,Kuo,Koeo,2.3333,99.8333,Indonesia,ID,IDN,Sumatera Utara,Sumatera Utara,ID-SU,province,,142.6,,,4,Asia/Jakarta,FALSE,1360183304
Gondanggandung,Gondanggandung,,-8.3299,112.4230,Indonesia,ID,IDN,Jawa Timur,Jawa Timur,ID-JI,province,,761.0,,,3,Asia/Jakarta,FALSE,1360021606
Silolo,Silolo,,-5.9841,120.4929,Indonesia,ID,IDN,Sulawesi Selatan,Sulawesi Selatan,ID-SN,province,,122.0,,,4,Asia/Makassar,FALSE,1360196934
Doplanggenjah,Doplanggenjah,,-7.4452,112.5617,Indonesia,ID,IDN,Jawa Timur,Jawa Timur,ID-JI,province,,4310.3,,,2,Asia/Jakarta,FALSE,1360278554
Rambang,Rambang,,-1.9421,105.7378,Indonesia,ID,IDN,Kepulauan Bangka Belitung,Kepulauan Bangka Belitung,ID-BB,province,,116.7,,,4,Asia/Jakarta,FALSE,1360066318
Mangesa,Mangesa,,-4.5267,119.6211,Indonesia,ID,IDN,Sulawesi Selatan,Sulawesi Selatan,ID-SN,province,,156.2,,,4,Asia/Makassar,FALSE,1360260167
Boak,Boak,,-7.2594,110.4653,Indonesia,ID,IDN,Jawa Tengah,Jawa Tengah,ID-JT,province,,1028.0,,,3,Asia/Jakarta,FALSE,1360722999
Gulo,Gulo,Goelö,3.5240,97.7740,Indonesia,ID,IDN,Sumatera Utara,Sumatera Utara,ID-SU,province,,51.4,,,4,Asia/Jakarta,FALSE,1360001263
Pasirnamprak,Pasirnamprak,,-6.4247,107.3964,Indonesia,ID,IDN,Jawa Barat,Jawa Barat,ID-JB,province,,1310.5,,,3,Asia/Jakarta,FALSE,1360898188
Kalidoro Lor,Kalidoro Lor,,-6.8232,110.9259,Indonesia,ID,IDN,Jawa Tengah,Jawa Tengah,ID-JT,province,,2001.2,,,2,Asia/Jakarta,FALSE,1360627473
Parakanceuri,Parakanceuri,,-6.6886,107.5831,Indonesia,ID,IDN,Jawa Barat,Jawa Barat,ID-JB,province,,1185.0,,,3,Asia/Jakarta,FALSE,1360271977
Popo,Popo,,-8.4149,116.1835,Indonesia,ID,IDN,Nusa Tenggara Barat,Nusa Tenggara Barat,ID-NB,province,,286.8,,,3,Asia/Makassar,FALSE,1360046298
Gubukbelik,Gubukbelik,,-8.2520,116.3875,Indonesia,ID,IDN,Nusa Tenggara Barat,Nusa Tenggara Barat,ID-NB,province,,286.8,,,3,Asia/Makassar,FALSE,1360358718
Selaawi Kaler,Selaawi Kaler,,-6.7192,106.8019,Indonesia,ID,IDN,Jawa Barat,Jawa Barat,ID-JB,province,,2169.9,,,2,Asia/Jakarta,FALSE,1360296345
Elara,Elara,Élara,-3.8900,127.2036,Indonesia,ID,IDN,Maluku,Maluku,ID-MA,province,,21.3,,,4,Asia/Jayapura,FALSE,1360521895
Congcorang,Congcorang,,-6.5972,106.5142,Indonesia,ID,IDN,Jawa Barat,Jawa Barat,ID-JB,province,,2169.9,,,2,Asia/Jakarta,FALSE,1360331940
Lutu,Lutu,,-10.8518,123.0670,Indonesia,ID,IDN,Nusa Tenggara Timur,Nusa Tenggara Timur,ID-NT,province,,115.0,,,4,Asia/Makassar,FALSE,1360029140
Cicenger,Cicenger,,-7.6356,108.2889,Indonesia,ID,IDN,Jawa Barat,Jawa Barat,ID-JB,province,,678.9,,,3,Asia/Jakarta,FALSE,1360926867
Bongotango,Bongotango,,0.4774,122.0196,Indonesia,ID,IDN,Gorontalo,Gorontalo,ID-GO,province,,35.9,,,4,Asia/Makassar,FALSE,1360769366
Pondokasem,Pondokasem,,-6.5497,108.3650,Indonesia,ID,IDN,Jawa Barat,Jawa Barat,ID-JB,province,,850.8,,,3,Asia/Jakarta,FALSE,1360732548
Galagah,Galagah,,-0.7749,101.3049,Indonesia,ID,IDN,Sumatera Barat,Sumatera Barat,ID-SB,province,,81.2,,,4,Asia/Jakarta,FALSE,1360246262
Wampait,Wampait,Wa ’Mpait,-3.6330,126.6854,Indonesia,ID,IDN,Maluku,Maluku,ID-MA,province,,21.3,,,4,Asia/Jayapura,FALSE,1360484831
Montongtangi Bat,Montongtangi Bat,,-8.6876,116.4932,Indonesia,ID,IDN,Nusa Tenggara Barat,Nusa Tenggara Barat,ID-NB,province,,826.7,,,3,Asia/Makassar,FALSE,1360460967
Sungai Pagar,Sungai Pagar,,0.2330,101.4000,Indonesia,ID,IDN,Riau,Riau,ID-RI,province,,100.1,,,4,Asia/Jakarta,FALSE,1360396745
Kampung Lalang,Kampung Lalang,Lalang,3.2168,99.5821,Indonesia,ID,IDN,Sumatera Utara,Sumatera Utara,ID-SU,province,,445.1,,,3,Asia/Jakarta,FALSE,1360454448
Kampung Lalang,Kampung Lalang,,3.3898,99.2720,Indonesia,ID,IDN,Sumatera Utara,Sumatera Utara,ID-SU,province,,332.4,,,3,Asia/Jakarta,TRUE,1360199372
Kampung Lalang,Kampung Lalang,,3.4821,99.0828,Indonesia,ID,IDN,Sumatera Utara,Sumatera Utara,ID-SU,province,,332.4,,,3,Asia/Jakarta,TRUE,1360975916
Kampung Lalang,Kampung Lalang,,3.3659,99.1672,Indonesia,ID,IDN,Sumatera Utara,Sumatera Utara,ID-SU,province,,332.4,,,3,Asia/Jakarta,TRUE,1360623919
Kampung Lalang,Kampung Lalang,,3.4147,99.1710,Indonesia,ID,IDN,Sumatera Utara,Sumatera Utara,ID-SU,province,,332.4,,,3,Asia/Jakarta,TRUE,1360605341
Kampung Lalang,Kampung Lalang,,3.1088,99.1497,Indonesia,ID,IDN,Sumatera Utara,Sumatera Utara,ID-SU,province,,174.8,,,4,Asia/Jakarta,TRUE,1360543980
Kampung Lalang,Kampung Lalang,,2.9143,99.3189,Indonesia,ID,IDN,Sumatera Utara,Sumatera Utara,ID-SU,province,,174.8,,,4,Asia/Jakarta,TRUE,1360362653
Kampung Lalang,Kampung Lalang,,4.0447,98.1571,Indonesia,ID,IDN,Sumatera Utara,Sumatera Utara,ID-SU,province,,166.6,,,4,Asia/Jakarta,TRUE,1360129386
Kampung Lalang,Kampung Lalang,,4.2388,98.0920,Indonesia,ID,IDN,Sumatera Utara,Sumatera Utara,ID-SU,province,,166.6,,,4,Asia/Jakarta,TRUE,1360591328
Kampung Lalang,Kampung Lalang,,3.8971,98.4310,Indonesia,ID,IDN,Sumatera Utara,Sumatera Utara,ID-SU,province,,166.6,,,4,Asia/Jakarta,TRUE,1360392019
Pondokasem,Pondokasem,,-8.5472,114.3509,Indonesia,ID,IDN,Jawa Timur,Jawa Timur,ID-JI,province,,452.5,,,3,Asia/Jakarta,FALSE,1360669810
Patahue,Patahue,Wakollo Patahoee|Patahoeë|Wakolo|Patahoee,-2.8704,128.4034,Indonesia,ID,IDN,Maluku,Maluku,ID-MA,province,,48.4,,,4,Asia/Jayapura,FALSE,1360276826
Banyubesih,Banyubesih,Banjubesih,-7.0794,112.8261,Indonesia,ID,IDN,Jawa Timur,Jawa Timur,ID-JI,province,,781.3,,,3,Asia/Jakarta,FALSE,1360751688
Kedunglue,Kedunglue,,-6.9828,109.7089,Indonesia,ID,IDN,Jawa Tengah,Jawa Tengah,ID-JT,province,,896.1,,,3,Asia/Jakarta,FALSE,1360474478
Ciabig Girang,Ciabig Girang,,-7.6045,107.8386,Indonesia,ID,IDN,Jawa Barat,Jawa Barat,ID-JB,province,,909.3,,,3,Asia/Jakarta,FALSE,1360539305
Langen Kulon,Langen Kulon,,-6.4253,108.0572,Indonesia,ID,IDN,Jawa Barat,Jawa Barat,ID-JB,province,,850.8,,,3,Asia/Jakarta,FALSE,1360736086
Klewih,Klewih,,-6.6536,108.2272,Indonesia,ID,IDN,Jawa Barat,Jawa Barat,ID-JB,province,,918.7,,,3,Asia/Jakarta,FALSE,1360108615
Sibalanga,Sibalanga,,2.1000,99.3167,Indonesia,ID,IDN,Sumatera Utara,Sumatera Utara,ID-SU,province,,83.1,,,4,Asia/Jakarta,FALSE,1360934833
Pejamuran,Pejamuran,Pajamuran|Pedjamuran|Padjamuran,-6.0831,106.4214,Indonesia,ID,IDN,Jawa Barat,Jawa Barat,ID-JB,province,,4371.4,,,2,Asia/Jakarta,FALSE,1360654203
Cerorong,Cerorong,,-8.5670,116.2723,Indonesia,ID,IDN,Nusa Tenggara Barat,Nusa Tenggara Barat,ID-NB,province,,798.3,,,3,Asia/Makassar,FALSE,1360528004
Harundang,Harundang,,-6.2028,106.2722,Indonesia,ID,IDN,Jawa Barat,Jawa Barat,ID-JB,province,,1080.6,,,3,Asia/Jakarta,FALSE,1360689713
Paisulunu,Paisulunu,,-1.4375,123.2722,Indonesia,ID,IDN,Sulawesi Tengah,Sulawesi Tengah,ID-ST,province,,66.8,,,4,Asia/Makassar,FALSE,1360014912
Bongki,Bongki,,-5.6246,119.8284,Indonesia,ID,IDN,Sulawesi Selatan,Sulawesi Selatan,ID-SN,province,,543.5,,,3,Asia/Makassar,FALSE,1360929836
Bongki,Bongki,,-5.4444,119.8980,Indonesia,ID,IDN,Sulawesi Selatan,Sulawesi Selatan,ID-SN,province,,543.4,,,3,Asia/Makassar,TRUE,1360021660
Bongki,Bongki,,-5.3718,120.0196,Indonesia,ID,IDN,Sulawesi Selatan,Sulawesi Selatan,ID-SN,province,,388.3,,,3,Asia/Makassar,TRUE,1360031072
Sumurasin,Sumurasin,,-7.0765,113.9399,Indonesia,ID,IDN,Jawa Timur,Jawa Timur,ID-JI,province,minor,522.1,,,3,Asia/Jakarta,FALSE,1360216669
Lumban Sinaga Dua,Lumban Sinaga Dua,Lumban Sinaga 2,2.5446,98.6742,Indonesia,ID,IDN,Sumatera Utara,Sumatera Utara,ID-SU,province,,72.0,,,4,Asia/Jakarta,FALSE,1360615190
Fungapanda,Fungapanda,,-8.6303,121.8016,Indonesia,ID,IDN,Nusa Tenggara Timur,Nusa Tenggara Timur,ID-NT,province,,132.1,,,4,Asia/Makassar,FALSE,1360741221
Pagaranpanindoan,Pagaranpanindoan,,1.7782,99.3235,Indonesia,ID,IDN,Sumatera Utara,Sumatera Utara,ID-SU,province,,83.0,,,4,Asia/Jakarta,FALSE,1360249260
Jenap,Jenap,,-7.0975,109.3378,Indonesia,ID,IDN,Jawa Tengah,Jawa Tengah,ID-JT,province,,1115.9,,,3,Asia/Jakarta,FALSE,1360467660
Seleman,Seleman,,-7.7222,109.9131,Indonesia,ID,IDN,Jawa Tengah,Jawa Tengah,ID-JT,province,,629.0,,,3,Asia/Jakarta,FALSE,1360816974
Polak,Polak,,-8.7147,120.6599,Indonesia,ID,IDN,Nusa Tenggara Timur,Nusa Tenggara Timur,ID-NT,province,,132.9,,,4,Asia/Makassar,FALSE,1360790868
Sidapurna,Sidapurna,,-6.1103,106.2148,Indonesia,ID,IDN,Banten,Banten,ID-BT,province,,2924.8,,,2,Asia/Jakarta,FALSE,1360336370
Ngagik,Ngagik,,-7.9815,111.6392,Indonesia,ID,IDN,Jawa Timur,Jawa Timur,ID-JI,province,,601.1,,,3,Asia/Jakarta,FALSE,1360405535
Ngagik,Ngagik,,-7.9881,111.2822,Indonesia,ID,IDN,Jawa Timur,Jawa Timur,ID-JI,province,,392.8,,,3,Asia/Jakarta,TRUE,1360031377
Gosong Telaga Selatan,Gosong Telaga Selatan,,2.2650,97.9040,Indonesia,ID,IDN,Aceh,Aceh,ID-AC,special region,,83.7,,,4,Asia/Jakarta,FALSE,1360889305
Bahung,Bahung,,2.9165,99.6166,Indonesia,ID,IDN,Aceh,Aceh,ID-AC,special region,,199.4,,,4,Asia/Jakarta,FALSE,1360047082
Panggungan,Panggungan,,-6.2014,107.5783,Indonesia,ID,IDN,Jawa Barat,Jawa Barat,ID-JB,province,,1386.3,,,3,Asia/Jakarta,FALSE,1360569431
Panggungan,Panggungan,,-6.3883,108.3703,Indonesia,ID,IDN,Jawa Barat,Jawa Barat,ID-JB,province,,850.8,,,3,Asia/Jakarta,TRUE,1360917839
Pangkalan Cimpur,Pangkalan Cimpur,Pangkalantjimpur,0.2766,101.6011,Indonesia,ID,IDN,Riau,Riau,ID-RI,province,,45.2,,,4,Asia/Jakarta,FALSE,1360076059
Entawak,Entawak,,0.5833,111.1667,Indonesia,ID,IDN,Kalimantan Barat,Kalimantan Barat,ID-KB,province,,39.4,,,4,Asia/Pontianak,FALSE,1360419609
Rejoagung,Rejoagung,,-5.5016,105.4904,Indonesia,ID,IDN,Lampung,Lampung,ID-LA,province,,520.3,,,3,Asia/Jakarta,FALSE,1360430758
Rejoagung,Rejoagung,,-5.1640,105.3810,Indonesia,ID,IDN,Lampung,Lampung,ID-LA,province,,262.3,,,3,Asia/Jakarta,TRUE,1360725629
Kotad,Kotad,,-8.1833,139.9500,Indonesia,ID,IDN,Papua,Papua,ID-PA,geographical unit,,9.2,,,5,Asia/Jayapura,FALSE,1360078782
Tengah,Tengah,,-8.7232,115.2356,Indonesia,ID,IDN,Bali,Bali,ID-BA,province,,8761.2,,,2,Asia/Makassar,FALSE,1360413645
Tengah,Tengah,,-8.4661,115.1694,Indonesia,ID,IDN,Bali,Bali,ID-BA,province,,543.3,,,3,Asia/Makassar,TRUE,1360708663
Tengah,Tengah,,-8.2628,115.0313,Indonesia,ID,IDN,Bali,Bali,ID-BA,province,minor,531.2,,,3,Asia/Makassar,TRUE,1360557336
Tengah,Tengah,,-8.2039,114.9696,Indonesia,ID,IDN,Bali,Bali,ID-BA,province,,531.2,,,3,Asia/Makassar,TRUE,1360820511
Tengah,Tengah,,-8.2058,114.9211,Indonesia,ID,IDN,Bali,Bali,ID-BA,province,,531.2,,,3,Asia/Makassar,TRUE,1360035070
Tengah,Tengah,,-8.2536,114.9662,Indonesia,ID,IDN,Bali,Bali,ID-BA,province,,531.2,,,3,Asia/Makassar,TRUE,1360774236
Tengah,Tengah,,-8.4366,114.8762,Indonesia,ID,IDN,Bali,Bali,ID-BA,province,,343.9,,,3,Asia/Makassar,TRUE,1360400821
Tengah,Tengah,,-8.3703,114.5881,Indonesia,ID,IDN,Bali,Bali,ID-BA,province,,343.9,,,3,Asia/Makassar,TRUE,1360108368
Tengah,Tengah,,-8.3978,114.6559,Indonesia,ID,IDN,Bali,Bali,ID-BA,province,,343.9,,,3,Asia/Makassar,TRUE,1360065421
Pondoksawahindah,Pondoksawahindah,,-6.2947,106.7294,Indonesia,ID,IDN,Jawa Barat,Jawa Barat,ID-JB,province,,9038.3,,,2,Asia/Jakarta,FALSE,1360979881
Semutwelang,Semutwelang,,-7.7744,112.7780,Indonesia,ID,IDN,Jawa Timur,Jawa Timur,ID-JI,province,,1127.0,,,3,Asia/Jakarta,FALSE,1360489625
Ngusri Satu,Ngusri Satu,,-8.0006,112.3022,Indonesia,ID,IDN,Jawa Timur,Jawa Timur,ID-JI,province,,671.1,,,3,Asia/Jakarta,FALSE,1360100616
Mojogulung,Mojogulung,,-7.4741,112.2013,Indonesia,ID,IDN,Jawa Timur,Jawa Timur,ID-JI,province,,1174.4,,,3,Asia/Jakarta,FALSE,1360604424
Cakrawati,Cakrawati,,-7.0231,108.1635,Indonesia,ID,IDN,Jawa Barat,Jawa Barat,ID-JB,province,,916.2,,,3,Asia/Jakarta,FALSE,1360875513
Padanglura,Padanglura,,-3.2269,120.2062,Indonesia,ID,IDN,Sulawesi Selatan,Sulawesi Selatan,ID-SN,province,,127.0,,,4,Asia/Makassar,FALSE,1360025390
Kali Amunger,Kali Amunger,,-7.5131,112.1442,Indonesia,ID,IDN,Jawa Timur,Jawa Timur,ID-JI,province,,826.0,,,3,Asia/Jakarta,FALSE,1360039122
Buyem,Buyem,,-7.5769,109.4369,Indonesia,ID,IDN,Jawa Tengah,Jawa Tengah,ID-JT,province,,854.4,,,3,Asia/Jakarta,FALSE,1360149818
Brojodito,Brojodito,Brodjodito,-7.2528,110.5328,Indonesia,ID,IDN,Jawa Tengah,Jawa Tengah,ID-JT,province,,1028.0,,,3,Asia/Jakarta,FALSE,1360565998
Cijahe Tengah,Cijahe Tengah,,-7.4007,107.6201,Indonesia,ID,IDN,Jawa Barat,Jawa Barat,ID-JB,province,,909.3,,,3,Asia/Jakarta,FALSE,1360158384
Ringinanyar Timur,Ringinanyar Timur,,-8.2861,112.3408,Indonesia,ID,IDN,Jawa Timur,Jawa Timur,ID-JI,province,,671.1,,,3,Asia/Jakarta,FALSE,1360076405
Palipu,Palipu,,-4.0521,120.0556,Indonesia,ID,IDN,Sulawesi Selatan,Sulawesi Selatan,ID-SN,province,,175.3,,,4,Asia/Makassar,FALSE,1360332623
Tegallinggah Kelod,Tegallinggah Kelod,,-8.4460,115.1178,Indonesia,ID,IDN,Bali,Bali,ID-BA,province,,543.3,,,3,Asia/Makassar,FALSE,1360513266
Margapura,Margapura,,0.5093,120.9586,Indonesia,ID,IDN,Sulawesi Tengah,Sulawesi Tengah,ID-ST,province,,81.9,,,4,Asia/Makassar,FALSE,1360162406
Garotin,Garotin,,-2.9766,119.8135,Indonesia,ID,IDN,Sulawesi Selatan,Sulawesi Selatan,ID-SN,province,,167.2,,,4,Asia/Makassar,FALSE,1360279067
Garotin,Garotin,,-3.1095,120.0472,Indonesia,ID,IDN,Sulawesi Selatan,Sulawesi Selatan,ID-SN,province,,127.0,,,4,Asia/Makassar,TRUE,1360617902
Garotin,Garotin,,-3.1952,119.7129,Indonesia,ID,IDN,Sulawesi Selatan,Sulawesi Selatan,ID-SN,province,,123.7,,,4,Asia/Makassar,TRUE,1360420626
Garotin,Garotin,,-3.2627,119.8309,Indonesia,ID,IDN,Sulawesi Selatan,Sulawesi Selatan,ID-SN,province,,119.6,,,4,Asia/Makassar,TRUE,1360555182
Kamenteng,Kamenteng,,-6.9161,108.0636,Indonesia,ID,IDN,Jawa Barat,Jawa Barat,ID-JB,province,,779.3,,,3,Asia/Jakarta,FALSE,1360347998
Huta Raja Habinsaran,Huta Raja Habinsaran,,2.1431,98.9627,Indonesia,ID,IDN,Sumatera Utara,Sumatera Utara,ID-SU,province,,83.1,,,4,Asia/Jakarta,FALSE,1360536125
Sembiran,Sembiran,,-7.4614,110.1397,Indonesia,ID,IDN,Jawa Tengah,Jawa Tengah,ID-JT,province,,1113.4,,,3,Asia/Jakarta,FALSE,1360205079
Pekan Labuhan Deli,Pekan Labuhan Deli,,3.7426,98.6733,Indonesia,ID,IDN,Sumatera Utara,Sumatera Utara,ID-SU,province,,7836.8,,,2,Asia/Jakarta,FALSE,1360900759
Batukuwung,Batukuwung,,-6.2083,105.9760,Indonesia,ID,IDN,Banten,Banten,ID-BT,province,,1080.6,,,3,Asia/Jakarta,FALSE,1360389043
Badiran,Badiran,,-6.9190,109.1417,Indonesia,ID,IDN,Jawa Tengah,Jawa Tengah,ID-JT,province,,1406.9,,,3,Asia/Jakarta,FALSE,1360000232
Kendang Selatan,Kendang Selatan,,-7.7069,112.7946,Indonesia,ID,IDN,Jawa Timur,Jawa Timur,ID-JI,province,,1127.0,,,3,Asia/Jakarta,FALSE,1360287943
Bebong,Bebong,,-8.5719,120.7978,Indonesia,ID,IDN,Nusa Tenggara Timur,Nusa Tenggara Timur,ID-NT,province,,132.9,,,4,Asia/Makassar,FALSE,1360101683
Partoyasan,Partoyasan,,-7.3483,110.8397,Indonesia,ID,IDN,Jawa Tengah,Jawa Tengah,ID-JT,province,,911.2,,,3,Asia/Jakarta,FALSE,1360779335
Koangjukut,Koangjukut,,-8.6322,116.2398,Indonesia,ID,IDN,Nusa Tenggara Barat,Nusa Tenggara Barat,ID-NB,province,,782.4,,,3,Asia/Makassar,FALSE,1360822393
Banaran,Banaran,,-7.7336,110.2389,Indonesia,ID,IDN,Yogyakarta,Yogyakarta,ID-YO,special region,,2319.5,,,2,Asia/Jakarta,FALSE,1360289527
Banaran,Banaran,,-7.7225,110.3656,Indonesia,ID,IDN,Yogyakarta,Yogyakarta,ID-YO,special region,,2319.5,,,2,Asia/Jakarta,TRUE,1360364336
Banaran,Banaran,,-7.8883,110.3725,Indonesia,ID,IDN,Yogyakarta,Yogyakarta,ID-YO,special region,,2161.9,,,2,Asia/Jakarta,TRUE,1360252193
Banaran,Banaran,,-7.8828,110.1972,Indonesia,ID,IDN,Yogyakarta,Yogyakarta,ID-YO,special region,,664.1,,,3,Asia/Jakarta,TRUE,1360006141
Banaran,Banaran,,-7.9689,110.2083,Indonesia,ID,IDN,Yogyakarta,Yogyakarta,ID-YO,special region,,664.1,,,3,Asia/Jakarta,TRUE,1360489340
Banaran,Banaran,,-7.7936,110.1681,Indonesia,ID,IDN,Yogyakarta,Yogyakarta,ID-YO,special region,,664.1,,,3,Asia/Jakarta,TRUE,1360795296
Banaran,Banaran,,-7.8372,110.7369,Indonesia,ID,IDN,Yogyakarta,Yogyakarta,ID-YO,special region,,457.6,,,3,Asia/Jakarta,TRUE,1360330677
Banaran,Banaran,,-7.9206,110.5378,Indonesia,ID,IDN,Yogyakarta,Yogyakarta,ID-YO,special region,,457.6,,,3,Asia/Jakarta,TRUE,1360999491
Banaran,Banaran,,-7.8517,110.6819,Indonesia,ID,IDN,Yogyakarta,Yogyakarta,ID-YO,special region,,457.6,,,3,Asia/Jakarta,TRUE,1360352153
Pergapualan Satu,Pergapualan Satu,Pergapualan 1,3.2650,99.1744,Indonesia,ID,IDN,Sumatera Utara,Sumatera Utara,ID-SU,province,,332.4,,,3,Asia/Jakarta,FALSE,1360598324
Cilegong Kidul,Cilegong Kidul,,-6.3492,106.6036,Indonesia,ID,IDN,Jawa Barat,Jawa Barat,ID-JB,province,,4577.9,,,2,Asia/Jakarta,FALSE,1360945492
Pasirampolu,Pasirampolu,,1.4660,99.3325,Indonesia,ID,IDN,Sumatera Utara,Sumatera Utara,ID-SU,province,,83.0,,,4,Asia/Jakarta,FALSE,1360034005
Ratepadang,Ratepadang,,-3.1931,118.8787,Indonesia,ID,IDN,Sulawesi Barat,Sulawesi Barat,ID-SR,province,,200.2,,,3,Asia/Makassar,FALSE,1360864026
Bruntukan,Bruntukan,,-7.5364,110.2292,Indonesia,ID,IDN,Jawa Tengah,Jawa Tengah,ID-JT,province,,1113.4,,,3,Asia/Jakarta,FALSE,1360277501
Selabih Tengah,Selabih Tengah,,-8.4678,114.9243,Indonesia,ID,IDN,Bali,Bali,ID-BA,province,,543.3,,,3,Asia/Makassar,FALSE,1360372885
Rembes,Rembes,,-6.6269,108.3886,Indonesia,ID,IDN,Jawa Barat,Jawa Barat,ID-JB,province,,2095.8,,,2,Asia/Jakarta,FALSE,1360667772
Cibeusi,Cibeusi,,-6.9358,107.7611,Indonesia,ID,IDN,Jawa Barat,Jawa Barat,ID-JB,province,,779.3,,,3,Asia/Jakarta,FALSE,1360983170
Cibeusi,Cibeusi,,-6.7478,107.6769,Indonesia,ID,IDN,Jawa Barat,Jawa Barat,ID-JB,province,,751.4,,,3,Asia/Jakarta,TRUE,1360035829
Cibeusi,Cibeusi,Tjibeusi,-7.5799,108.1123,Indonesia,ID,IDN,Jawa Barat,Jawa Barat,ID-JB,province,,678.9,,,3,Asia/Jakarta,TRUE,1360907850
Canggal,Canggal,,-7.6369,110.3444,Indonesia,ID,IDN,Jawa Tengah,Jawa Tengah,ID-JT,province,,2319.5,,,2,Asia/Jakarta,FALSE,1360012092
Canggal,Canggal,,-7.6364,110.2972,Indonesia,ID,IDN,Jawa Tengah,Jawa Tengah,ID-JT,province,,1113.4,,,3,Asia/Jakarta,TRUE,1360730845
Canggal,Canggal,,-7.4028,110.5953,Indonesia,ID,IDN,Jawa Tengah,Jawa Tengah,ID-JT,province,,1028.0,,,3,Asia/Jakarta,TRUE,1360857347
Canggal,Canggal,Canggal-lor|Tjanggal-lor,-7.4642,110.6236,Indonesia,ID,IDN,Jawa Tengah,Jawa Tengah,ID-JT,province,,1028.0,,,3,Asia/Jakarta,TRUE,1360052365
Canggal,Canggal,,-7.3467,110.7450,Indonesia,ID,IDN,Jawa Tengah,Jawa Tengah,ID-JT,province,,890.8,,,3,Asia/Jakarta,TRUE,1360311091
Canggal,Canggal,,-7.3281,110.0506,Indonesia,ID,IDN,Jawa Tengah,Jawa Tengah,ID-JT,province,,851.9,,,3,Asia/Jakarta,TRUE,1360921110
Temanggal,Temanggal,,-7.7792,110.2133,Indonesia,ID,IDN,Yogyakarta,Yogyakarta,ID-YO,special region,,664.1,,,3,Asia/Jakarta,FALSE,1360327936
Dasankrepok,Dasankrepok,,-8.5366,116.6540,Indonesia,ID,IDN,Nusa Tenggara Barat,Nusa Tenggara Barat,ID-NB,province,,826.7,,,3,Asia/Makassar,FALSE,1360500698
Andadowi,Andadowi,Andowia,-3.9787,122.4066,Indonesia,ID,IDN,Sulawesi Tenggara,Sulawesi Tenggara,ID-SG,province,,10.2,,,4,Asia/Makassar,FALSE,1360658385
Sangiangbesar,Sangiangbesar,Sangiang Dua|Sangiang 2,-6.1047,106.6003,Indonesia,ID,IDN,Jawa Barat,Jawa Barat,ID-JB,province,,4371.4,,,2,Asia/Jakarta,FALSE,1360385083
Kubung,Kubung,,-7.8954,112.6160,Indonesia,ID,IDN,Jawa Timur,Jawa Timur,ID-JI,province,,761.0,,,3,Asia/Jakarta,FALSE,1360558807
Soahuweh,Soahuweh,Soahoewe|Soabuwe|Soahoeweh,-2.8557,128.6367,Indonesia,ID,IDN,Maluku,Maluku,ID-MA,province,,48.4,,,4,Asia/Jayapura,FALSE,1360739153
Jawawawo,Jawawawo,,-8.8840,121.3001,Indonesia,ID,IDN,Nusa Tenggara Timur,Nusa Tenggara Timur,ID-NT,province,,122.9,,,4,Asia/Makassar,FALSE,1360437759
Labungga,Labungga,Labungka|Laboengka,-3.5166,122.1709,Indonesia,ID,IDN,Sulawesi Tenggara,Sulawesi Tenggara,ID-SG,province,,10.2,,,4,Asia/Makassar,FALSE,1360311148
Wanue,Wanue,Wanua,-4.3181,120.2936,Indonesia,ID,IDN,Sulawesi Selatan,Sulawesi Selatan,ID-SN,province,,175.7,,,4,Asia/Makassar,FALSE,1360805638
Diran,Diran,,-7.9200,110.2264,Indonesia,ID,IDN,Yogyakarta,Yogyakarta,ID-YO,special region,,664.1,,,3,Asia/Jakarta,FALSE,1360580076
Bontosugi,Bontosugi,,-5.1320,119.4804,Indonesia,ID,IDN,Sulawesi Selatan,Sulawesi Selatan,ID-SN,province,,10683.2,,,2,Asia/Makassar,FALSE,1360338007
Bontosugi,Bontosugi,,-5.1930,120.2594,Indonesia,ID,IDN,Sulawesi Selatan,Sulawesi Selatan,ID-SN,province,,298.4,,,3,Asia/Makassar,TRUE,1360990966