city,city_ascii,city_alt,lat,lng,country,iso2,iso3,admin_name,admin_name_ascii,admin_code,admin_type,capital,density,population,population_proper,ranking,timezone,same_name,id
Hutadelleng,Hutadelleng,,2.8071,98.2888,Indonesia,ID,IDN,Sumatera Utara,Sumatera Utara,ID-SU,province,,157.7,,,4,Asia/Jakarta,FALSE,1360092656
Jamburkare,Jamburkare,Djamburkare,4.1111,96.8368,Indonesia,ID,IDN,Aceh,Aceh,ID-AC,special region,,17.9,,,4,Asia/Jakarta,FALSE,1360979955
Polonia,Polonia,,3.5479,98.6771,Indonesia,ID,IDN,Sumatera Utara,Sumatera Utara,ID-SU,province,,7836.8,,,2,Asia/Jakarta,FALSE,1360105432
Bilawayah,Bilawayah,,-5.1398,119.4609,Indonesia,ID,IDN,Sulawesi Selatan,Sulawesi Selatan,ID-SN,province,,10683.2,,,2,Asia/Makassar,FALSE,1360314109
Pondokterong,Pondokterong,,-6.4347,106.8097,Indonesia,ID,IDN,Jawa Barat,Jawa Barat,ID-JB,province,,13377.1,,,2,Asia/Jakarta,FALSE,1360666207
Toroi,Toroi,,-7.1017,112.8527,Indonesia,ID,IDN,Jawa Timur,Jawa Timur,ID-JI,province,,781.3,,,3,Asia/Jakarta,FALSE,1360712086
Weebawa,Weebawa,,-9.4659,119.3754,Indonesia,ID,IDN,Nusa Tenggara Timur,Nusa Tenggara Timur,ID-NT,province,,249.5,,,3,Asia/Makassar,FALSE,1360034700
Gambiran,Gambiran,,-7.8211,110.3906,Indonesia,ID,IDN,Yogyakarta,Yogyakarta,ID-YO,special region,,11963.7,,,2,Asia/Jakarta,FALSE,1360026554
Gambiran,Gambiran,,-7.6631,110.4253,Indonesia,ID,IDN,Yogyakarta,Yogyakarta,ID-YO,special region,,2319.5,,,2,Asia/Jakarta,TRUE,1360020664
Gambiran,Gambiran,,-7.8708,110.5433,Indonesia,ID,IDN,Yogyakarta,Yogyakarta,ID-YO,special region,,457.6,,,3,Asia/Jakarta,TRUE,1360864589
Sungai Deras,Sungai Deras,Sungaideras,-2.0263,101.4342,Indonesia,ID,IDN,Jambi,Jambi,ID-JA,province,,70.5,,,4,Asia/Jakarta,FALSE,1360986219
Lembeuna,Lembeuna,,-7.8249,114.0508,Indonesia,ID,IDN,Jawa Timur,Jawa Timur,ID-JI,province,,504.6,,,3,Asia/Jakarta,FALSE,1360028820
Pradung,Pradung,,-1.8500,105.4500,Indonesia,ID,IDN,Kepulauan Bangka Belitung,Kepulauan Bangka Belitung,ID-BB,province,,82.3,,,4,Asia/Jakarta,FALSE,1360793503
Jepara,Jepara,Djepara,-4.8250,103.9880,Indonesia,ID,IDN,Sumatera Selatan,Sumatera Selatan,ID-SS,province,,78.4,,,4,Asia/Jakarta,FALSE,1360648769
Kuatun,Kuatun,,-9.7627,124.6460,Indonesia,ID,IDN,Nusa Tenggara Timur,Nusa Tenggara Timur,ID-NT,province,,125.8,,,4,Asia/Makassar,FALSE,1360984653
Songgokerto,Songgokerto,,-7.8671,112.5065,Indonesia,ID,IDN,Jawa Timur,Jawa Timur,ID-JI,province,,1082.1,,,3,Asia/Jakarta,FALSE,1360157031
Muara Nikun,Muara Nikun,,0.9923,100.4153,Indonesia,ID,IDN,Riau,Riau,ID-RI,province,,111.5,,,4,Asia/Jakarta,FALSE,1360354510
Banjar Sangambu,Banjar Sangambu,,-8.1658,115.3036,Indonesia,ID,IDN,Bali,Bali,ID-BA,province,,531.2,,,3,Asia/Makassar,FALSE,1360934571
Ringinsari Krajan,Ringinsari Krajan,,-8.2842,112.6707,Indonesia,ID,IDN,Jawa Timur,Jawa Timur,ID-JI,province,minor,761.0,,,3,Asia/Jakarta,FALSE,1360808025
Adian Kolim,Adian Kolim,,1.7263,100.0974,Indonesia,ID,IDN,Sumatera Utara,Sumatera Utara,ID-SU,province,,101.3,,,4,Asia/Jakarta,FALSE,1360751901
Bangontamanjaya,Bangontamanjaya,,-6.3182,105.9490,Indonesia,ID,IDN,Banten,Banten,ID-BT,province,,460.1,,,3,Asia/Jakarta,FALSE,1360163444
Kertanadi,Kertanadi,,-8.6380,115.2060,Indonesia,ID,IDN,Bali,Bali,ID-BA,province,,8761.2,,,2,Asia/Makassar,FALSE,1360694316
Kertanadi,Kertanadi,,-8.2340,114.9503,Indonesia,ID,IDN,Bali,Bali,ID-BA,province,minor,531.2,,,3,Asia/Makassar,TRUE,1360825873
Lemburjami Dua,Lemburjami Dua,,-6.8892,106.6150,Indonesia,ID,IDN,Jawa Barat,Jawa Barat,ID-JB,province,,633.7,,,3,Asia/Jakarta,FALSE,1360835558
Tayadun,Tayadun,,1.0550,121.5637,Indonesia,ID,IDN,Sulawesi Tengah,Sulawesi Tengah,ID-ST,province,,46.3,,,4,Asia/Makassar,FALSE,1360161453
Sidorono,Sidorono,,-7.3789,112.6044,Indonesia,ID,IDN,Jawa Timur,Jawa Timur,ID-JI,province,,4310.3,,,2,Asia/Jakarta,FALSE,1360427909
Air Betungan,Air Betungan,,-4.6267,104.3988,Indonesia,ID,IDN,Lampung,Lampung,ID-LA,province,,119.6,,,4,Asia/Jakarta,FALSE,1360941819
Saoelas,Saoelas,Saoeias|Sauias|Sauwias,-0.7203,135.7286,Indonesia,ID,IDN,Papua,Papua,ID-PA,province,,26.8,,,4,Asia/Jayapura,FALSE,1360648740
Ajanggalung,Ajanggalung,,-4.3047,120.1560,Indonesia,ID,IDN,Sulawesi Selatan,Sulawesi Selatan,ID-SN,province,,175.7,,,4,Asia/Makassar,FALSE,1360160682
Trondol,Trondol,,-6.1017,106.1793,Indonesia,ID,IDN,Banten,Banten,ID-BT,province,,3308.6,,,2,Asia/Jakarta,FALSE,1360875185
Kodo,Kodo,,-8.1271,111.3970,Indonesia,ID,IDN,Jawa Timur,Jawa Timur,ID-JI,province,,601.1,,,3,Asia/Jakarta,FALSE,1360985020
Pasarkeong,Pasarkeong,,-6.3245,106.2331,Indonesia,ID,IDN,Banten,Banten,ID-BT,province,,432.7,,,3,Asia/Jakarta,FALSE,1360652155
Lukkarya,Lukkarya,,-8.4288,117.2881,Indonesia,ID,IDN,Nusa Tenggara Barat,Nusa Tenggara Barat,ID-NB,province,minor,74.3,,,3,Asia/Makassar,FALSE,1360763678
Neubok Awe,Neubok Awe,,5.0809,97.5438,Indonesia,ID,IDN,Aceh,Aceh,ID-AC,special region,,63.2,,,4,Asia/Jakarta,FALSE,1360908141
Gedangklutuk,Gedangklutuk,,-8.0661,110.5317,Indonesia,ID,IDN,Yogyakarta,Yogyakarta,ID-YO,special region,,457.6,,,3,Asia/Jakarta,FALSE,1360003629
Sopiyar,Sopiyar,,-7.4394,110.0081,Indonesia,ID,IDN,Jawa Tengah,Jawa Tengah,ID-JT,province,,782.0,,,3,Asia/Jakarta,FALSE,1360046076
Tanjahanjah Bat,Tanjahanjah Bat,,-8.7302,116.5023,Indonesia,ID,IDN,Nusa Tenggara Barat,Nusa Tenggara Barat,ID-NB,province,,826.7,,,3,Asia/Makassar,FALSE,1360656309
Pajangan,Pajangan,,-7.8247,110.4350,Indonesia,ID,IDN,Yogyakarta,Yogyakarta,ID-YO,special region,,2319.5,,,2,Asia/Jakarta,FALSE,1360334237
Pajangan,Pajangan,,-7.7153,110.3656,Indonesia,ID,IDN,Yogyakarta,Yogyakarta,ID-YO,special region,,2319.5,,,2,Asia/Jakarta,TRUE,1360121635
Pajangan,Pajangan,,-7.7283,110.4306,Indonesia,ID,IDN,Yogyakarta,Yogyakarta,ID-YO,special region,,2319.5,,,2,Asia/Jakarta,TRUE,1360348503
Pajangan,Pajangan,,-7.7647,110.2433,Indonesia,ID,IDN,Yogyakarta,Yogyakarta,ID-YO,special region,,2319.5,,,2,Asia/Jakarta,TRUE,1360022201
Pajangan,Pajangan,,-7.6867,110.4733,Indonesia,ID,IDN,Yogyakarta,Yogyakarta,ID-YO,special region,,2319.5,,,2,Asia/Jakarta,TRUE,1360553848
Pajangan,Pajangan,Padjangan,-7.8617,110.2675,Indonesia,ID,IDN,Yogyakarta,Yogyakarta,ID-YO,special region,,2155.8,,,2,Asia/Jakarta,TRUE,1360605367
Pajangan,Pajangan,,-7.8925,110.1300,Indonesia,ID,IDN,Yogyakarta,Yogyakarta,ID-YO,special region,,664.1,,,3,Asia/Jakarta,TRUE,1360309088
Nunuk,Nunuk,,-7.1040,112.0649,Indonesia,ID,IDN,Jawa Timur,Jawa Timur,ID-JI,province,,536.4,,,3,Asia/Jakarta,FALSE,1360160194
Ngipa,Ngipa,,-7.3445,112.7720,Indonesia,ID,IDN,Jawa Timur,Jawa Timur,ID-JI,province,,4310.3,,,2,Asia/Jakarta,FALSE,1360029717
Junggrangan,Junggrangan,,-7.9675,110.2175,Indonesia,ID,IDN,Yogyakarta,Yogyakarta,ID-YO,special region,,664.1,,,3,Asia/Jakarta,FALSE,1360636539
Junggrangan,Junggrangan,Djunggrangan,-7.7500,110.1333,Indonesia,ID,IDN,Yogyakarta,Yogyakarta,ID-YO,special region,,640.6,,,3,Asia/Jakarta,TRUE,1360032327
Cenrana-riaja,Cenrana-riaja,Tjenrana-riadja|Tjenrana,-4.7667,120.1833,Indonesia,ID,IDN,Sulawesi Selatan,Sulawesi Selatan,ID-SN,province,,175.7,,,4,Asia/Makassar,FALSE,1360996161
Babakannengkelan,Babakannengkelan,,-7.0773,107.4544,Indonesia,ID,IDN,Jawa Barat,Jawa Barat,ID-JB,province,,1899.0,,,3,Asia/Jakarta,FALSE,1360311008
Hutasalem,Hutasalem,Hoetasalem,2.3389,99.1579,Indonesia,ID,IDN,Sumatera Utara,Sumatera Utara,ID-SU,province,,79.3,,,4,Asia/Jakarta,FALSE,1360713313
Umbutan,Umbutan,,-7.8965,114.0309,Indonesia,ID,IDN,Jawa Timur,Jawa Timur,ID-JI,province,,504.6,,,3,Asia/Jakarta,FALSE,1360333649
Nunuk,Nunuk,,-7.0947,107.6997,Indonesia,ID,IDN,Jawa Barat,Jawa Barat,ID-JB,province,,1899.0,,,3,Asia/Jakarta,FALSE,1360059253
Nunuk,Nunuk,,-7.0114,107.8338,Indonesia,ID,IDN,Jawa Barat,Jawa Barat,ID-JB,province,,1899.0,,,3,Asia/Jakarta,TRUE,1360837461
Nunuk,Nunuk,,-6.9367,107.4539,Indonesia,ID,IDN,Jawa Barat,Jawa Barat,ID-JB,province,,1300.1,,,3,Asia/Jakarta,TRUE,1360010564
Nunuk,Nunuk,,-6.9128,108.2453,Indonesia,ID,IDN,Jawa Barat,Jawa Barat,ID-JB,province,,918.7,,,3,Asia/Jakarta,TRUE,1360573403
Nunuk,Nunuk,,-6.4925,108.2172,Indonesia,ID,IDN,Jawa Barat,Jawa Barat,ID-JB,province,,850.8,,,3,Asia/Jakarta,TRUE,1360284959
Nunuk,Nunuk,,-6.6644,107.6494,Indonesia,ID,IDN,Jawa Barat,Jawa Barat,ID-JB,province,,751.4,,,3,Asia/Jakarta,TRUE,1360804988
Samia,Samia,,0.9394,122.9881,Indonesia,ID,IDN,Gorontalo,Gorontalo,ID-GO,province,,79.0,,,4,Asia/Makassar,FALSE,1360013841
Tamparsewu,Tamparsewu,,-8.1380,112.7947,Indonesia,ID,IDN,Jawa Timur,Jawa Timur,ID-JI,province,,761.0,,,3,Asia/Jakarta,FALSE,1360208065
Narioindah Dua,Narioindah Dua,Narioindah 2,-3.9007,122.1795,Indonesia,ID,IDN,Sulawesi Tenggara,Sulawesi Tenggara,ID-SG,province,,58.1,,,4,Asia/Makassar,FALSE,1360829984
Elongelong,Elongelong,,-8.5732,116.4889,Indonesia,ID,IDN,Nusa Tenggara Barat,Nusa Tenggara Barat,ID-NB,province,,826.7,,,3,Asia/Makassar,FALSE,1360402249
Puncakasih,Puncakasih,Poentjakasih,-7.2953,108.3124,Indonesia,ID,IDN,Jawa Barat,Jawa Barat,ID-JB,province,,590.8,,,3,Asia/Jakarta,FALSE,1360584382
Talangsuak,Talangsuak,,-2.8943,104.7381,Indonesia,ID,IDN,Sumatera Selatan,Sumatera Selatan,ID-SS,province,,67.7,,,4,Asia/Jakarta,FALSE,1360644778
Kubu-tengah,Kubu-tengah,,-5.0996,104.2090,Indonesia,ID,IDN,Lampung,Lampung,ID-LA,province,,97.7,,,4,Asia/Jakarta,FALSE,1360713078
Saliperate,Saliperate,,-8.4745,117.3947,Indonesia,ID,IDN,Nusa Tenggara Barat,Nusa Tenggara Barat,ID-NB,province,,74.3,,,4,Asia/Makassar,FALSE,1360024395
Blang Thalon,Blang Thalon,,5.1000,97.0560,Indonesia,ID,IDN,Aceh,Aceh,ID-AC,special region,,475.8,,,3,Asia/Jakarta,FALSE,1360145675
Puakan,Puakan,,-8.4149,115.1135,Indonesia,ID,IDN,Bali,Bali,ID-BA,province,,543.3,,,3,Asia/Makassar,FALSE,1360811670
Bikmela,Bikmela,,-9.7770,123.8631,Indonesia,ID,IDN,Nusa Tenggara Timur,Nusa Tenggara Timur,ID-NT,province,,74.4,,,4,Asia/Makassar,FALSE,1360033468
Talang Jerinjing,Talang Jerinjing,Talangdjerindjing,-0.4610,102.4750,Indonesia,ID,IDN,Riau,Riau,ID-RI,province,,67.9,,,4,Asia/Jakarta,FALSE,1360630843
Pinjal,Pinjal,,-8.2604,112.8211,Indonesia,ID,IDN,Jawa Timur,Jawa Timur,ID-JI,province,,761.0,,,3,Asia/Jakarta,FALSE,1360696933
Sembungregel,Sembungregel,,-7.2053,109.0497,Indonesia,ID,IDN,Jawa Tengah,Jawa Tengah,ID-JT,province,,1031.6,,,3,Asia/Jakarta,FALSE,1360865253
Tirto Dua,Tirto Dua,Tirto 2,-7.3278,110.6431,Indonesia,ID,IDN,Jawa Tengah,Jawa Tengah,ID-JT,province,,890.8,,,3,Asia/Jakarta,FALSE,1360340045
Watuka,Watuka,,-8.7552,120.7106,Indonesia,ID,IDN,Nusa Tenggara Timur,Nusa Tenggara Timur,ID-NT,province,minor,132.9,,,3,Asia/Makassar,FALSE,1360654718
Jurang,Jurang,,-7.8181,110.1672,Indonesia,ID,IDN,Yogyakarta,Yogyakarta,ID-YO,special region,,664.1,,,3,Asia/Jakarta,FALSE,1360321379
Gebyang,Gebyang,Gebjang,-6.8704,109.3863,Indonesia,ID,IDN,Jawa Tengah,Jawa Tengah,ID-JT,province,,1115.9,,,3,Asia/Jakarta,FALSE,1360040729
Sijaran Kidul,Sijaran Kidul,,-7.1356,109.9431,Indonesia,ID,IDN,Jawa Tengah,Jawa Tengah,ID-JT,province,,975.8,,,3,Asia/Jakarta,FALSE,1360255567
Sioiutan,Sioiutan,,3.1153,98.9952,Indonesia,ID,IDN,Sumatera Utara,Sumatera Utara,ID-SU,province,,332.4,,,3,Asia/Jakarta,FALSE,1360034328
Parunghuni,Parunghuni,,-6.3106,106.5178,Indonesia,ID,IDN,Jawa Barat,Jawa Barat,ID-JB,province,,4371.4,,,2,Asia/Jakarta,FALSE,1360785628
Rekesan Kulon,Rekesan Kulon,,-7.8326,112.5375,Indonesia,ID,IDN,Jawa Timur,Jawa Timur,ID-JI,province,,1082.1,,,3,Asia/Jakarta,FALSE,1360650257
Rekesan Kulon,Rekesan Kulon,Rekèsan-koelon,-8.2537,113.1865,Indonesia,ID,IDN,Jawa Timur,Jawa Timur,ID-JI,province,,577.0,,,3,Asia/Jakarta,TRUE,1360753959
Karangtengah Kidul,Karangtengah Kidul,,-7.3639,109.1722,Indonesia,ID,IDN,Jawa Tengah,Jawa Tengah,ID-JT,province,,1174.8,,,3,Asia/Jakarta,FALSE,1360009446
Karangtengah Kidul,Karangtengah Kidul,,-7.4175,109.3050,Indonesia,ID,IDN,Jawa Tengah,Jawa Tengah,ID-JT,province,,1174.8,,,3,Asia/Jakarta,TRUE,1360029398
Karangtengah Kidul,Karangtengah Kidul,,-7.3694,109.4758,Indonesia,ID,IDN,Jawa Tengah,Jawa Tengah,ID-JT,province,,1116.9,,,3,Asia/Jakarta,TRUE,1360016137
Karangtengah Kidul,Karangtengah Kidul,,-7.3610,108.7985,Indonesia,ID,IDN,Jawa Tengah,Jawa Tengah,ID-JT,province,,708.0,,,3,Asia/Jakarta,TRUE,1360769193
Jrebeng-wetan,Jrebeng-wetan,Djrebeng-wetan,-7.7800,113.2181,Indonesia,ID,IDN,Jawa Timur,Jawa Timur,ID-JI,province,,4557.6,,,2,Asia/Jakarta,FALSE,1360615101
Gabangan,Gabangan,,-7.6350,110.7844,Indonesia,ID,IDN,Jawa Tengah,Jawa Tengah,ID-JT,province,,1694.6,,,3,Asia/Jakarta,FALSE,1360697848
Krajan Maesan,Krajan Maesan,Krajan,-8.0269,113.7758,Indonesia,ID,IDN,Jawa Timur,Jawa Timur,ID-JI,province,,504.6,,,3,Asia/Jakarta,FALSE,1360377152
Baratajaya,Baratajaya,,-7.3039,112.7574,Indonesia,ID,IDN,Jawa Timur,Jawa Timur,ID-JI,province,,8898.3,,,2,Asia/Jakarta,FALSE,1360282073
Hamahumur,Hamahumur,,-9.9256,120.5733,Indonesia,ID,IDN,Nusa Tenggara Timur,Nusa Tenggara Timur,ID-NT,province,,40.2,,,4,Asia/Makassar,FALSE,1360151139
Temenggungan,Temenggungan,Temenggoengan|Temenggoongan,-7.9856,112.6398,Indonesia,ID,IDN,Jawa Timur,Jawa Timur,ID-JI,province,,11975.9,,,2,Asia/Jakarta,FALSE,1360106638
Temenggungan,Temenggungan,,-7.6695,112.8895,Indonesia,ID,IDN,Jawa Timur,Jawa Timur,ID-JI,province,,5623.7,,,2,Asia/Jakarta,TRUE,1360867191
Temenggungan,Temenggungan,,-7.4162,112.5020,Indonesia,ID,IDN,Jawa Timur,Jawa Timur,ID-JI,province,,4310.3,,,2,Asia/Jakarta,TRUE,1360009426
Temenggungan,Temenggungan,,-7.5359,112.3735,Indonesia,ID,IDN,Jawa Timur,Jawa Timur,ID-JI,province,,1164.4,,,3,Asia/Jakarta,TRUE,1360215544
Temenggungan,Temenggungan,,-8.1041,111.8657,Indonesia,ID,IDN,Jawa Timur,Jawa Timur,ID-JI,province,minor,912.2,,,3,Asia/Jakarta,TRUE,1360530937
Temenggungan,Temenggungan,,-7.5801,111.4067,Indonesia,ID,IDN,Jawa Timur,Jawa Timur,ID-JI,province,,865.1,,,3,Asia/Jakarta,TRUE,1360345809
Temenggungan,Temenggungan,,-8.0015,111.9827,Indonesia,ID,IDN,Jawa Timur,Jawa Timur,ID-JI,province,minor,716.8,,,3,Asia/Jakarta,TRUE,1360796312
Temenggungan,Temenggungan,,-7.8671,111.4637,Indonesia,ID,IDN,Jawa Timur,Jawa Timur,ID-JI,province,,601.1,,,3,Asia/Jakarta,TRUE,1360362305
Fasi,Fasi,,-8.1758,124.7981,Indonesia,ID,IDN,Nusa Tenggara Timur,Nusa Tenggara Timur,ID-NT,province,,74.2,,,4,Asia/Makassar,FALSE,1360721511
Oebaan,Oebaan,,-10.7054,123.1701,Indonesia,ID,IDN,Nusa Tenggara Timur,Nusa Tenggara Timur,ID-NT,province,,115.0,,,4,Asia/Makassar,FALSE,1360532125
Barapas,Barapas,Kamar Sano|Barapasi|Barapassi,-2.1990,137.0013,Indonesia,ID,IDN,Papua,Papua,ID-PA,province,minor,1.1,,,3,Asia/Jayapura,FALSE,1360172216
Tembelang,Tembelang,,-7.4781,112.2318,Indonesia,ID,IDN,Jawa Timur,Jawa Timur,ID-JI,province,,1174.4,,,3,Asia/Jakarta,FALSE,1360125131
Tembelang,Tembelang,,-7.5108,112.2962,Indonesia,ID,IDN,Jawa Timur,Jawa Timur,ID-JI,province,,1174.4,,,3,Asia/Jakarta,TRUE,1360712588
Tembelang,Tembelang,,-7.9467,113.4599,Indonesia,ID,IDN,Jawa Timur,Jawa Timur,ID-JI,province,,683.3,,,3,Asia/Jakarta,TRUE,1360039083
Tembelang,Tembelang,,-8.1928,113.1580,Indonesia,ID,IDN,Jawa Timur,Jawa Timur,ID-JI,province,,577.0,,,3,Asia/Jakarta,TRUE,1360592220
Tembelang,Tembelang,,-8.2802,114.2522,Indonesia,ID,IDN,Jawa Timur,Jawa Timur,ID-JI,province,,452.5,,,3,Asia/Jakarta,TRUE,1360973660
Tembelang,Tembelang,,-8.1894,111.2553,Indonesia,ID,IDN,Jawa Timur,Jawa Timur,ID-JI,province,,392.8,,,3,Asia/Jakarta,TRUE,1360017652
Londoe,Londoe,Landoe,-2.6005,120.9863,Indonesia,ID,IDN,Sulawesi Selatan,Sulawesi Selatan,ID-SN,province,,46.7,,,4,Asia/Makassar,FALSE,1360786627
Besaran,Besaran,,-7.7267,110.5433,Indonesia,ID,IDN,Jawa Tengah,Jawa Tengah,ID-JT,province,,1721.4,,,3,Asia/Jakarta,FALSE,1360954164
Besaran,Besaran,,-7.5997,110.2583,Indonesia,ID,IDN,Jawa Tengah,Jawa Tengah,ID-JT,province,,1113.4,,,3,Asia/Jakarta,TRUE,1360184487
Besaran,Besaran,,-7.4706,110.1436,Indonesia,ID,IDN,Jawa Tengah,Jawa Tengah,ID-JT,province,,1113.4,,,3,Asia/Jakarta,TRUE,1360477760
Besaran,Besaran,,-7.4094,110.1939,Indonesia,ID,IDN,Jawa Tengah,Jawa Tengah,ID-JT,province,,1113.4,,,3,Asia/Jakarta,TRUE,1360695255
Besaran,Besaran,,-6.9805,109.5359,Indonesia,ID,IDN,Jawa Tengah,Jawa Tengah,ID-JT,province,,896.1,,,3,Asia/Jakarta,TRUE,1360319118
Besaran,Besaran,,-7.2839,110.0997,Indonesia,ID,IDN,Jawa Tengah,Jawa Tengah,ID-JT,province,,851.9,,,3,Asia/Jakarta,TRUE,1360786967
Besaran,Besaran,,-7.0822,111.1470,Indonesia,ID,IDN,Jawa Tengah,Jawa Tengah,ID-JT,province,,676.8,,,3,Asia/Jakarta,TRUE,1360021150
Dorapedo,Dorapedo,,-0.6258,127.4708,Indonesia,ID,IDN,Maluku Utara,Maluku Utara,ID-MU,province,,42.6,,,4,Asia/Jayapura,FALSE,1360017650
Lampingbinong,Lampingbinong,,-6.5361,107.1311,Indonesia,ID,IDN,Jawa Barat,Jawa Barat,ID-JB,province,,2169.9,,,2,Asia/Jakarta,FALSE,1360567274
Umbulan Unangmerga,Umbulan Unangmerga,Umbulan Unangmergo,-4.4467,104.6460,Indonesia,ID,IDN,Lampung,Lampung,ID-LA,province,,119.6,,,4,Asia/Jakarta,FALSE,1360013493
Halimpu,Halimpu,,-6.8307,108.5138,Indonesia,ID,IDN,Jawa Barat,Jawa Barat,ID-JB,province,,1905.1,,,3,Asia/Jakarta,FALSE,1360962927
Halimpu,Halimpu,,-7.4333,107.6668,Indonesia,ID,IDN,Jawa Barat,Jawa Barat,ID-JB,province,minor,909.3,,,3,Asia/Jakarta,TRUE,1360738437
Nuhawala,Nuhawala,Noehawaila|Noehawala,-8.3747,124.2389,Indonesia,ID,IDN,Nusa Tenggara Timur,Nusa Tenggara Timur,ID-NT,province,minor,74.2,,,3,Asia/Makassar,FALSE,1360106415
Umbulan Mahoropuno,Umbulan Mahoropuno,Umbulanmahoropuno|Oemboelan Mahoropoeno,-4.7843,105.4236,Indonesia,ID,IDN,Lampung,Lampung,ID-LA,province,,327.2,,,3,Asia/Jakarta,FALSE,1360525704
Leteduluk,Leteduluk,,-10.9036,122.8998,Indonesia,ID,IDN,Nusa Tenggara Timur,Nusa Tenggara Timur,ID-NT,province,,115.0,,,4,Asia/Makassar,FALSE,1360642788
Kembang Satu,Kembang Satu,,-7.0411,113.4041,Indonesia,ID,IDN,Jawa Timur,Jawa Timur,ID-JI,province,,1138.5,,,3,Asia/Jakarta,FALSE,1360370678
Babuhlueng,Babuhlueng,,5.1167,97.0500,Indonesia,ID,IDN,Aceh,Aceh,ID-AC,special region,,475.8,,,3,Asia/Jakarta,FALSE,1360237172
Paring,Paring,,-1.2250,115.1675,Indonesia,ID,IDN,Kalimantan Tengah,Kalimantan Tengah,ID-KT,province,,11.9,,,4,Asia/Pontianak,FALSE,1360409849
Paterban,Paterban,,-7.7194,109.5736,Indonesia,ID,IDN,Jawa Tengah,Jawa Tengah,ID-JT,province,,854.4,,,3,Asia/Jakarta,FALSE,1360430178
Besaran,Besaran,,-8.0831,113.5907,Indonesia,ID,IDN,Jawa Timur,Jawa Timur,ID-JI,province,,738.0,,,3,Asia/Jakarta,FALSE,1360531924
Besaran,Besaran,,-6.9139,112.0626,Indonesia,ID,IDN,Jawa Timur,Jawa Timur,ID-JI,province,,602.9,,,3,Asia/Jakarta,TRUE,1360806384
Besaran,Besaran,,-7.4239,111.4328,Indonesia,ID,IDN,Jawa Timur,Jawa Timur,ID-JI,province,,586.3,,,3,Asia/Jakarta,TRUE,1360216422
Besaran,Besaran,,-7.2453,111.7547,Indonesia,ID,IDN,Jawa Timur,Jawa Timur,ID-JI,province,,536.4,,,3,Asia/Jakarta,TRUE,1360622364
Besaran,Besaran,,-8.3079,114.0205,Indonesia,ID,IDN,Jawa Timur,Jawa Timur,ID-JI,province,,452.5,,,3,Asia/Jakarta,TRUE,1360294218
Besaran,Besaran,,-8.0926,114.3547,Indonesia,ID,IDN,Jawa Timur,Jawa Timur,ID-JI,province,,452.5,,,3,Asia/Jakarta,TRUE,1360543354
Lansot,Lansot,,1.3018,124.8290,Indonesia,ID,IDN,Sulawesi Utara,Sulawesi Utara,ID-SA,province,,964.1,,,3,Asia/Makassar,FALSE,1360263146
Lansot,Lansot,,1.3534,125.0545,Indonesia,ID,IDN,Sulawesi Utara,Sulawesi Utara,ID-SA,province,,216.6,,,3,Asia/Makassar,TRUE,1360004068
Lansot,Lansot,Lansat|Lansa,1.2325,124.7368,Indonesia,ID,IDN,Sulawesi Utara,Sulawesi Utara,ID-SA,province,,183.7,,,4,Asia/Makassar,TRUE,1360003938
Airmati,Airmati,,-1.7699,116.4163,Indonesia,ID,IDN,Kalimantan Timur,Kalimantan Timur,ID-KI,province,,29.5,,,4,Asia/Makassar,FALSE,1360942355
Tanggulan,Tanggulan,,-7.4528,109.8903,Indonesia,ID,IDN,Jawa Tengah,Jawa Tengah,ID-JT,province,,782.0,,,3,Asia/Jakarta,FALSE,1360170372
Tanggulan,Tanggulan,,-7.7622,111.1542,Indonesia,ID,IDN,Jawa Tengah,Jawa Tengah,ID-JT,province,,481.5,,,3,Asia/Jakarta,TRUE,1360116107
Rawagelap,Rawagelap,,-6.3492,108.2478,Indonesia,ID,IDN,Jawa Barat,Jawa Barat,ID-JB,province,,850.8,,,3,Asia/Jakarta,FALSE,1360671115
Sidomulyo Barat,Sidomulyo Barat,,-8.0921,112.4832,Indonesia,ID,IDN,Jawa Timur,Jawa Timur,ID-JI,province,,761.0,,,3,Asia/Jakarta,FALSE,1360414771
Bruno Wetan,Bruno Wetan,,-7.5689,109.9322,Indonesia,ID,IDN,Jawa Tengah,Jawa Tengah,ID-JT,province,,629.0,,,3,Asia/Jakarta,FALSE,1360013726
Gading,Gading,,-7.9703,112.6154,Indonesia,ID,IDN,Jawa Timur,Jawa Timur,ID-JI,province,,11975.9,,,2,Asia/Jakarta,FALSE,1360999458
Gading,Gading,,-7.3225,112.7937,Indonesia,ID,IDN,Jawa Timur,Jawa Timur,ID-JI,province,,8898.3,,,2,Asia/Jakarta,TRUE,1360737276
Gading,Gading,,-7.6257,111.5049,Indonesia,ID,IDN,Jawa Timur,Jawa Timur,ID-JI,province,,4393.8,,,2,Asia/Jakarta,TRUE,1360616644
Gading,Gading,,-7.5209,112.6482,Indonesia,ID,IDN,Jawa Timur,Jawa Timur,ID-JI,province,,4310.3,,,2,Asia/Jakarta,TRUE,1360549624
Gading,Gading,,-7.4393,112.4967,Indonesia,ID,IDN,Jawa Timur,Jawa Timur,ID-JI,province,,4310.3,,,2,Asia/Jakarta,TRUE,1360502745
Gading,Gading,,-7.4900,112.5669,Indonesia,ID,IDN,Jawa Timur,Jawa Timur,ID-JI,province,,1240.4,,,3,Asia/Jakarta,TRUE,1360870525
Gading,Gading,,-7.3604,112.6408,Indonesia,ID,IDN,Jawa Timur,Jawa Timur,ID-JI,province,,1194.2,,,3,Asia/Jakarta,TRUE,1360565658
Gading,Gading,,-7.5192,112.2823,Indonesia,ID,IDN,Jawa Timur,Jawa Timur,ID-JI,province,,1174.4,,,3,Asia/Jakarta,TRUE,1360591187
Gading,Gading,,-7.5690,112.2325,Indonesia,ID,IDN,Jawa Timur,Jawa Timur,ID-JI,province,,1174.4,,,3,Asia/Jakarta,TRUE,1360040549
Gading,Gading,,-7.5742,112.1623,Indonesia,ID,IDN,Jawa Timur,Jawa Timur,ID-JI,province,,1174.4,,,3,Asia/Jakarta,TRUE,1360039373
Gading,Gading,,-7.5828,112.4132,Indonesia,ID,IDN,Jawa Timur,Jawa Timur,ID-JI,province,,1161.1,,,3,Asia/Jakarta,TRUE,1360034595
Gading,Gading,,-7.6316,112.5512,Indonesia,ID,IDN,Jawa Timur,Jawa Timur,ID-JI,province,,1161.1,,,3,Asia/Jakarta,TRUE,1360500282
Gading,Gading,,-7.0065,113.5331,Indonesia,ID,IDN,Jawa Timur,Jawa Timur,ID-JI,province,,1149.1,,,3,Asia/Jakarta,TRUE,1360718865
Gading,Gading,,-7.8032,112.9527,Indonesia,ID,IDN,Jawa Timur,Jawa Timur,ID-JI,province,,1127.0,,,3,Asia/Jakarta,TRUE,1360533359
Gading,Gading,,-7.7237,112.9508,Indonesia,ID,IDN,Jawa Timur,Jawa Timur,ID-JI,province,,1127.0,,,3,Asia/Jakarta,TRUE,1360156136
Gading,Gading,,-7.7945,111.8966,Indonesia,ID,IDN,Jawa Timur,Jawa Timur,ID-JI,province,,1030.6,,,3,Asia/Jakarta,TRUE,1360717520
Gading,Gading,,-7.9758,111.7814,Indonesia,ID,IDN,Jawa Timur,Jawa Timur,ID-JI,province,,912.2,,,3,Asia/Jakarta,TRUE,1360017432
Gading,Gading,,-8.1561,111.7967,Indonesia,ID,IDN,Jawa Timur,Jawa Timur,ID-JI,province,,912.2,,,3,Asia/Jakarta,TRUE,1360764538
Gading,Gading,,-7.7664,111.3433,Indonesia,ID,IDN,Jawa Timur,Jawa Timur,ID-JI,province,,865.1,,,3,Asia/Jakarta,TRUE,1360109339
Gading,Gading,,-7.6644,112.0119,Indonesia,ID,IDN,Jawa Timur,Jawa Timur,ID-JI,province,,826.0,,,3,Asia/Jakarta,TRUE,1360164552
Gading,Gading,,-7.1826,112.9179,Indonesia,ID,IDN,Jawa Timur,Jawa Timur,ID-JI,province,,781.3,,,3,Asia/Jakarta,TRUE,1360149834
Gading,Gading,,-7.1116,113.0883,Indonesia,ID,IDN,Jawa Timur,Jawa Timur,ID-JI,province,,781.3,,,3,Asia/Jakarta,TRUE,1360984841
Gading,Gading,,-7.1529,112.7751,Indonesia,ID,IDN,Jawa Timur,Jawa Timur,ID-JI,province,,781.3,,,3,Asia/Jakarta,TRUE,1360039609
Gading,Gading,,-8.1025,112.6352,Indonesia,ID,IDN,Jawa Timur,Jawa Timur,ID-JI,province,minor,761.0,,,3,Asia/Jakarta,TRUE,1360811112
Gading,Gading,,-7.8659,112.7470,Indonesia,ID,IDN,Jawa Timur,Jawa Timur,ID-JI,province,,761.0,,,3,Asia/Jakarta,TRUE,1360973409
Gading,Gading,,-7.8558,112.3668,Indonesia,ID,IDN,Jawa Timur,Jawa Timur,ID-JI,province,,761.0,,,3,Asia/Jakarta,TRUE,1360023207
Gading,Gading,,-7.8209,113.3504,Indonesia,ID,IDN,Jawa Timur,Jawa Timur,ID-JI,province,,683.3,,,3,Asia/Jakarta,TRUE,1360182406
Gading,Gading,,-7.8500,113.4333,Indonesia,ID,IDN,Jawa Timur,Jawa Timur,ID-JI,province,,683.3,,,3,Asia/Jakarta,TRUE,1360292864
Gading,Gading,,-8.1498,112.3033,Indonesia,ID,IDN,Jawa Timur,Jawa Timur,ID-JI,province,,671.1,,,3,Asia/Jakarta,TRUE,1360841960
Gading,Gading,,-7.5592,111.6052,Indonesia,ID,IDN,Jawa Timur,Jawa Timur,ID-JI,province,,617.8,,,3,Asia/Jakarta,TRUE,1360360414
Gading,Gading,,-7.8065,111.5423,Indonesia,ID,IDN,Jawa Timur,Jawa Timur,ID-JI,province,,608.0,,,3,Asia/Jakarta,TRUE,1360839541
Gading,Gading,,-7.0283,111.9869,Indonesia,ID,IDN,Jawa Timur,Jawa Timur,ID-JI,province,,602.9,,,3,Asia/Jakarta,TRUE,1360574412
Gading,Gading,,-7.0634,112.0700,Indonesia,ID,IDN,Jawa Timur,Jawa Timur,ID-JI,province,,602.9,,,3,Asia/Jakarta,TRUE,1360080324
Gading,Gading,,-6.9363,111.5991,Indonesia,ID,IDN,Jawa Timur,Jawa Timur,ID-JI,province,,602.9,,,3,Asia/Jakarta,TRUE,1360428858
Gading,Gading,,-6.7778,111.7565,Indonesia,ID,IDN,Jawa Timur,Jawa Timur,ID-JI,province,,602.9,,,3,Asia/Jakarta,TRUE,1360011035
Gading,Gading,,-7.9521,111.4963,Indonesia,ID,IDN,Jawa Timur,Jawa Timur,ID-JI,province,,601.1,,,3,Asia/Jakarta,TRUE,1360007854
Gading,Gading,,-7.9878,111.4623,Indonesia,ID,IDN,Jawa Timur,Jawa Timur,ID-JI,province,,601.1,,,3,Asia/Jakarta,TRUE,1360008316
Gading,Gading,,-7.5381,111.2656,Indonesia,ID,IDN,Jawa Timur,Jawa Timur,ID-JI,province,,586.3,,,3,Asia/Jakarta,TRUE,1360857301
Gading,Gading,,-8.0715,113.0883,Indonesia,ID,IDN,Jawa Timur,Jawa Timur,ID-JI,province,,577.0,,,3,Asia/Jakarta,TRUE,1360033938
Gading,Gading,,-8.2921,111.6967,Indonesia,ID,IDN,Jawa Timur,Jawa Timur,ID-JI,province,minor,559.8,,,3,Asia/Jakarta,TRUE,1360952538
Gading,Gading,,-8.1727,111.7151,Indonesia,ID,IDN,Jawa Timur,Jawa Timur,ID-JI,province,,559.8,,,3,Asia/Jakarta,TRUE,1360691134
Gading,Gading,,-8.1152,111.6140,Indonesia,ID,IDN,Jawa Timur,Jawa Timur,ID-JI,province,,559.8,,,3,Asia/Jakarta,TRUE,1360538231
Gading,Gading,,-7.1292,111.9943,Indonesia,ID,IDN,Jawa Timur,Jawa Timur,ID-JI,province,,552.8,,,3,Asia/Jakarta,TRUE,1360118126
Gading,Gading,,-7.2422,111.5957,Indonesia,ID,IDN,Jawa Timur,Jawa Timur,ID-JI,province,,536.4,,,3,Asia/Jakarta,TRUE,1360154764
Gading,Gading,,-7.2043,115.8465,Indonesia,ID,IDN,Jawa Timur,Jawa Timur,ID-JI,province,,522.1,,,3,Asia/Jakarta,TRUE,1360007911
Gading,Gading,,-7.0956,113.8576,Indonesia,ID,IDN,Jawa Timur,Jawa Timur,ID-JI,province,,522.1,,,3,Asia/Jakarta,TRUE,1360039568
Gading,Gading,,-7.9496,113.7900,Indonesia,ID,IDN,Jawa Timur,Jawa Timur,ID-JI,province,,504.6,,,3,Asia/Jakarta,TRUE,1360214407
Gading,Gading,,-7.7065,114.0811,Indonesia,ID,IDN,Jawa Timur,Jawa Timur,ID-JI,province,,419.6,,,3,Asia/Jakarta,TRUE,1360581457
Gading,Gading,,-8.0856,111.1708,Indonesia,ID,IDN,Jawa Timur,Jawa Timur,ID-JI,province,,392.8,,,3,Asia/Jakarta,TRUE,1360636838
Campago,Campago,,-0.2940,100.3740,Indonesia,ID,IDN,Sumatera Barat,Sumatera Barat,ID-SB,province,,2196.9,,,2,Asia/Jakarta,FALSE,1360096881
Campago,Campago,,-0.3807,100.2688,Indonesia,ID,IDN,Sumatera Barat,Sumatera Barat,ID-SB,province,,229.0,,,3,Asia/Jakarta,TRUE,1360290012
Umamanu,Umamanu,,-9.8450,119.7790,Indonesia,ID,IDN,Nusa Tenggara Timur,Nusa Tenggara Timur,ID-NT,province,,40.2,,,4,Asia/Makassar,FALSE,1360554135
Sungaikalong,Sungaikalong,,-1.1159,101.7867,Indonesia,ID,IDN,Sumatera Barat,Sumatera Barat,ID-SB,province,,84.6,,,4,Asia/Jakarta,FALSE,1360374646
Serampok,Serampok,,-5.5067,105.3376,Indonesia,ID,IDN,Lampung,Lampung,ID-LA,province,,4494.6,,,2,Asia/Jakarta,FALSE,1360107398
Gading,Gading,,-6.9264,107.3231,Indonesia,ID,IDN,Jawa Barat,Jawa Barat,ID-JB,province,,1300.1,,,3,Asia/Jakarta,FALSE,1360178199
Talang Jegat Dua,Talang Jegat Dua,Talang Djĕgat 2|Talangjegat,-3.6943,104.1948,Indonesia,ID,IDN,Sumatera Selatan,Sumatera Selatan,ID-SS,province,,110.7,,,4,Asia/Jakarta,FALSE,1360349985
Karangjambu,Karangjambu,,-7.9239,110.5642,Indonesia,ID,IDN,Yogyakarta,Yogyakarta,ID-YO,special region,,457.6,,,3,Asia/Jakarta,FALSE,1360705305
Pamedar,Pamedar,,-6.7936,107.9017,Indonesia,ID,IDN,Jawa Barat,Jawa Barat,ID-JB,province,,779.3,,,3,Asia/Jakarta,FALSE,1360643898
Pargadungan,Pargadungan,,1.7838,98.7408,Indonesia,ID,IDN,Sumatera Utara,Sumatera Utara,ID-SU,province,,164.8,,,4,Asia/Jakarta,FALSE,1360505166
Cikari,Cikari,,-6.5468,106.4291,Indonesia,ID,IDN,Jawa Barat,Jawa Barat,ID-JB,province,,2169.9,,,2,Asia/Jakarta,FALSE,1360923829
Simajo,Simajo,Simadja|Simadjo,-0.9440,119.5186,Indonesia,ID,IDN,Sulawesi Barat,Sulawesi Barat,ID-SR,province,,94.2,,,4,Asia/Makassar,FALSE,1360022185
Rapuan,Rapuan,Rapoean,3.0437,99.5190,Indonesia,ID,IDN,Sumatera Utara,Sumatera Utara,ID-SU,province,,174.8,,,4,Asia/Jakarta,FALSE,1360709449
Cimanggu Barat,Cimanggu Barat,,-6.4727,106.0052,Indonesia,ID,IDN,Banten,Banten,ID-BT,province,,460.1,,,3,Asia/Jakarta,FALSE,1360023133
Cibuntu Kulon,Cibuntu Kulon,Tjibuntu|Cibuntu,-6.5958,106.6814,Indonesia,ID,IDN,Jawa Barat,Jawa Barat,ID-JB,province,,2169.9,,,2,Asia/Jakarta,FALSE,1360901500
Bedean,Bedean,,-7.7231,110.3253,Indonesia,ID,IDN,Yogyakarta,Yogyakarta,ID-YO,special region,,2319.5,,,2,Asia/Jakarta,FALSE,1360311477
Sidomulyo Barat,Sidomulyo Barat,,-7.4372,110.1931,Indonesia,ID,IDN,Jawa Tengah,Jawa Tengah,ID-JT,province,,1113.4,,,3,Asia/Jakarta,FALSE,1360735912
Matanggirek,Matanggirek,,5.1969,96.5026,Indonesia,ID,IDN,Aceh,Aceh,ID-AC,special region,,258.6,,,3,Asia/Jakarta,FALSE,1360856616
Widaraindah,Widaraindah,,-6.1034,106.1345,Indonesia,ID,IDN,Banten,Banten,ID-BT,province,,3308.6,,,2,Asia/Jakarta,FALSE,1360579535
Radameter,Radameter,,-9.4728,119.0835,Indonesia,ID,IDN,Nusa Tenggara Timur,Nusa Tenggara Timur,ID-NT,province,,260.9,,,3,Asia/Makassar,FALSE,1360384054
Ligu,Ligu,,-10.5422,121.7566,Indonesia,ID,IDN,Nusa Tenggara Timur,Nusa Tenggara Timur,ID-NT,province,minor,195.4,,,3,Asia/Makassar,FALSE,1360567462
Banjar Tanahdaa,Banjar Tanahdaa,,-8.2076,115.3291,Indonesia,ID,IDN,Bali,Bali,ID-BA,province,,466.3,,,3,Asia/Makassar,FALSE,1360018031
Simpangpanjuraian,Simpangpanjuraian,,-2.5611,115.5363,Indonesia,ID,IDN,Kalimantan Selatan,Kalimantan Selatan,ID-KS,province,,217.7,,,3,Asia/Makassar,FALSE,1360856491
Cibakar,Cibakar,Tjibakar,-7.7482,108.1399,Indonesia,ID,IDN,Jawa Barat,Jawa Barat,ID-JB,province,,678.9,,,3,Asia/Jakarta,FALSE,1360917946
Hangalande,Hangalande,,-8.6157,121.9394,Indonesia,ID,IDN,Nusa Tenggara Timur,Nusa Tenggara Timur,ID-NT,province,,132.1,,,4,Asia/Makassar,FALSE,1360037227
Tlatar,Tlatar,,-7.6078,110.3789,Indonesia,ID,IDN,Jawa Tengah,Jawa Tengah,ID-JT,province,,2294.0,,,2,Asia/Jakarta,FALSE,1360776671
Tlatar,Tlatar,,-7.5836,110.2994,Indonesia,ID,IDN,Jawa Tengah,Jawa Tengah,ID-JT,province,,1113.4,,,3,Asia/Jakarta,TRUE,1360762123
Tlatar,Tlatar,,-7.5272,110.3467,Indonesia,ID,IDN,Jawa Tengah,Jawa Tengah,ID-JT,province,,1113.4,,,3,Asia/Jakarta,TRUE,1360815712
Tlatar,Tlatar,Tlatar Satu|Tlatar 1,-7.4361,110.5203,Indonesia,ID,IDN,Jawa Tengah,Jawa Tengah,ID-JT,province,,920.0,,,3,Asia/Jakarta,TRUE,1360357486
Tlatar,Tlatar,,-7.4944,110.6164,Indonesia,ID,IDN,Jawa Tengah,Jawa Tengah,ID-JT,province,,890.8,,,3,Asia/Jakarta,TRUE,1360833181
Ogotumubu,Ogotumubu,Ogotoemoeboe,0.5136,120.5742,Indonesia,ID,IDN,Sulawesi Tengah,Sulawesi Tengah,ID-ST,province,,81.9,,,4,Asia/Makassar,FALSE,1360603849
Sitonggor,Sitonggor,,2.4461,98.8834,Indonesia,ID,IDN,Sumatera Utara,Sumatera Utara,ID-SU,province,,72.0,,,4,Asia/Jakarta,FALSE,1360346752
Gatrot,Gatrot,,-6.4697,107.7711,Indonesia,ID,IDN,Jawa Barat,Jawa Barat,ID-JB,province,,751.4,,,3,Asia/Jakarta,FALSE,1360071077
Sindangmanggu,Sindangmanggu,,-6.1222,106.1178,Indonesia,ID,IDN,Banten,Banten,ID-BT,province,,3308.6,,,2,Asia/Jakarta,FALSE,1360008404
Pangaloan,Pangaloan,,-3.2221,119.7517,Indonesia,ID,IDN,Sulawesi Selatan,Sulawesi Selatan,ID-SN,province,,123.7,,,4,Asia/Makassar,FALSE,1360493506
Pangaloan,Pangaloan,,-3.3838,119.6942,Indonesia,ID,IDN,Sulawesi Selatan,Sulawesi Selatan,ID-SN,province,,119.6,,,4,Asia/Makassar,TRUE,1360236921
Warungbitung,Warungbitung,Waroengbitoeng,-7.0022,107.1423,Indonesia,ID,IDN,Jawa Barat,Jawa Barat,ID-JB,province,,666.6,,,3,Asia/Jakarta,FALSE,1360977788
Kuala,Kuala,Koealo|Kualo|Koeala,-5.4494,105.3030,Indonesia,ID,IDN,Lampung,Lampung,ID-LA,province,,4494.6,,,2,Asia/Jakarta,FALSE,1360020211
Patokaan,Patokaan,,1.5889,124.9319,Indonesia,ID,IDN,Sulawesi Utara,Sulawesi Utara,ID-SA,province,,216.6,,,3,Asia/Makassar,FALSE,1360605617
Krueng Seuping,Krueng Seuping,,5.1600,97.0570,Indonesia,ID,IDN,Aceh,Aceh,ID-AC,special region,,475.8,,,3,Asia/Jakarta,FALSE,1360789164
Beunot,Beunot,Meukobaratbeunot,5.1766,97.0128,Indonesia,ID,IDN,Aceh,Aceh,ID-AC,special region,,475.8,,,3,Asia/Jakarta,FALSE,1360731914
Beunot,Beunot,,5.1216,97.1784,Indonesia,ID,IDN,Aceh,Aceh,ID-AC,special region,,234.2,,,3,Asia/Jakarta,TRUE,1360004072
Semambung Kulon,Semambung Kulon,,-7.7880,112.7155,Indonesia,ID,IDN,Jawa Timur,Jawa Timur,ID-JI,province,,1127.0,,,3,Asia/Jakarta,FALSE,1360783817
Kemang,Kemang,,-8.1658,124.7548,Indonesia,ID,IDN,Nusa Tenggara Timur,Nusa Tenggara Timur,ID-NT,province,minor,74.2,,,3,Asia/Makassar,FALSE,1360882289
Kedungmulyo,Kedungmulyo,,-7.4811,112.7539,Indonesia,ID,IDN,Jawa Timur,Jawa Timur,ID-JI,province,,4310.3,,,2,Asia/Jakarta,FALSE,1360449645
Kedungmulyo,Kedungmulyo,,-7.4849,112.3533,Indonesia,ID,IDN,Jawa Timur,Jawa Timur,ID-JI,province,,1174.4,,,3,Asia/Jakarta,TRUE,1360998266
Kedungmulyo,Kedungmulyo,,-7.5658,112.5011,Indonesia,ID,IDN,Jawa Timur,Jawa Timur,ID-JI,province,,1161.1,,,3,Asia/Jakarta,TRUE,1360216254
Kedungmulyo,Kedungmulyo,,-6.9569,111.7191,Indonesia,ID,IDN,Jawa Timur,Jawa Timur,ID-JI,province,minor,602.9,,,3,Asia/Jakarta,TRUE,1360101427
Dawuhanbatu,Dawuhanbatu,,-7.9198,113.8559,Indonesia,ID,IDN,Jawa Timur,Jawa Timur,ID-JI,province,,504.6,,,3,Asia/Jakarta,FALSE,1360110115
Tabatah,Tabatah,,-7.1692,113.3691,Indonesia,ID,IDN,Jawa Timur,Jawa Timur,ID-JI,province,,857.7,,,3,Asia/Jakarta,FALSE,1360983319
Sakita,Sakita,,2.3779,128.6589,Indonesia,ID,IDN,Maluku Utara,Maluku Utara,ID-MU,province,,38.5,,,4,Asia/Jayapura,FALSE,1360890993
Bungus,Bungus,,2.3636,97.8921,Indonesia,ID,IDN,Aceh,Aceh,ID-AC,special region,,83.7,,,4,Asia/Jakarta,FALSE,1360672029
Lubuk Besar,Lubuk Besar,Loeboekbesar,-0.8662,102.8252,Indonesia,ID,IDN,Riau,Riau,ID-RI,province,,62.6,,,4,Asia/Jakarta,FALSE,1360596248
Tapalalo,Tapalalo,,-5.5805,119.6527,Indonesia,ID,IDN,Sulawesi Selatan,Sulawesi Selatan,ID-SN,province,,543.5,,,3,Asia/Makassar,FALSE,1360329412
Harjobinangun,Harjobinangun,,-5.4374,105.3871,Indonesia,ID,IDN,Lampung,Lampung,ID-LA,province,,520.3,,,3,Asia/Jakarta,FALSE,1360927560
Kepoh,Kepoh,Kĕpo 2|Kepo,-2.9445,106.5574,Indonesia,ID,IDN,Kepulauan Bangka Belitung,Kepulauan Bangka Belitung,ID-BB,province,minor,64.8,,,3,Asia/Jakarta,FALSE,1360523074
Alue U,Alue U,,4.8881,95.4151,Indonesia,ID,IDN,Aceh,Aceh,ID-AC,special region,,18.8,,,4,Asia/Jakarta,FALSE,1360338739
Selapajang,Selapajang,Selapadjang,-6.2389,106.4328,Indonesia,ID,IDN,Jawa Barat,Jawa Barat,ID-JB,province,,4371.4,,,2,Asia/Jakarta,FALSE,1360795259
Airkandis,Airkandis,,-3.7290,102.9280,Indonesia,ID,IDN,Sumatera Selatan,Sumatera Selatan,ID-SS,province,,92.7,,,4,Asia/Jakarta,FALSE,1360916035
Lhok Juk,Lhok Juk,Lhokdjuk,4.8711,97.8134,Indonesia,ID,IDN,Aceh,Aceh,ID-AC,special region,,63.2,,,4,Asia/Jakarta,FALSE,1360652768
Tsyiowa,Tsyiowa,Tsjiowa,-3.5781,133.6764,Indonesia,ID,IDN,Papua Barat,Papua Barat,ID-PB,province,,4.6,,,5,Asia/Jayapura,FALSE,1360918530
Kampunge,Kampunge,,-4.2090,119.6227,Indonesia,ID,IDN,Sulawesi Selatan,Sulawesi Selatan,ID-SN,province,,156.2,,,4,Asia/Makassar,FALSE,1360986421
Temurejo Wetan,Temurejo Wetan,,-8.3557,114.1893,Indonesia,ID,IDN,Jawa Timur,Jawa Timur,ID-JI,province,,452.5,,,3,Asia/Jakarta,FALSE,1360091798
Pejamahan Besar,Pejamahan Besar,,-0.3732,103.0720,Indonesia,ID,IDN,Riau,Riau,ID-RI,province,,62.6,,,4,Asia/Jakarta,FALSE,1360535417
Tangs Satu,Tangs Satu,Tangs 1,-6.1942,107.0878,Indonesia,ID,IDN,Jawa Barat,Jawa Barat,ID-JB,province,,3403.8,,,2,Asia/Jakarta,FALSE,1360128901
Akesimbeka,Akesimbeka,,2.7237,125.4036,Indonesia,ID,IDN,Sulawesi Utara,Sulawesi Utara,ID-SA,province,,298.7,,,3,Asia/Makassar,FALSE,1360689451
Pematangbrohol,Pematangbrohol,,3.4808,99.2024,Indonesia,ID,IDN,Sumatera Utara,Sumatera Utara,ID-SU,province,,332.4,,,3,Asia/Jakarta,FALSE,1360030868
Lancang Paru,Lancang Paru,,5.2786,96.1328,Indonesia,ID,IDN,Aceh,Aceh,ID-AC,special region,,138.2,,,4,Asia/Jakarta,FALSE,1360850985
Nusa,Nusa,,3.7550,125.5697,Indonesia,ID,IDN,Sulawesi Utara,Sulawesi Utara,ID-SA,province,,141.2,,,4,Asia/Makassar,FALSE,1360004693
Sijabu,Sijabu,,2.2497,98.9530,Indonesia,ID,IDN,Sumatera Utara,Sumatera Utara,ID-SU,province,,83.1,,,4,Asia/Jakarta,FALSE,1360803971
Lau Mil Kinapan,Lau Mil Kinapan,,2.9086,98.1757,Indonesia,ID,IDN,Sumatera Utara,Sumatera Utara,ID-SU,province,,157.7,,,4,Asia/Jakarta,FALSE,1360611748
Lae Logan,Lae Logan,,2.9072,98.0550,Indonesia,ID,IDN,Sumatera Utara,Sumatera Utara,ID-SU,province,,157.7,,,4,Asia/Jakarta,FALSE,1360184319
Gadinggede,Gadinggede,,-7.6053,110.5936,Indonesia,ID,IDN,Jawa Tengah,Jawa Tengah,ID-JT,province,,1721.4,,,3,Asia/Jakarta,FALSE,1360216583
Mariri Lama,Mariri Lama,,0.9636,124.1912,Indonesia,ID,IDN,Sulawesi Utara,Sulawesi Utara,ID-SA,province,,74.9,,,4,Asia/Makassar,FALSE,1360090721
Lomot,Lomot,Lumut,4.3319,97.1397,Indonesia,ID,IDN,Aceh,Aceh,ID-AC,special region,,46.3,,,4,Asia/Jakarta,FALSE,1360025606
Galjoho,Galjoho,,-7.4586,110.2061,Indonesia,ID,IDN,Jawa Tengah,Jawa Tengah,ID-JT,province,,1113.4,,,3,Asia/Jakarta,FALSE,1360621673
Umbulan Kayuagung,Umbulan Kayuagung,,-4.6909,104.9596,Indonesia,ID,IDN,Lampung,Lampung,ID-LA,province,,275.3,,,3,Asia/Jakarta,FALSE,1360223605
Putuksari,Putuksari,Potuksari,-8.0958,112.5307,Indonesia,ID,IDN,Jawa Timur,Jawa Timur,ID-JI,province,,761.0,,,3,Asia/Jakarta,FALSE,1360623077
Telangi,Telangi,,-6.9447,113.5343,Indonesia,ID,IDN,Jawa Timur,Jawa Timur,ID-JI,province,,1149.1,,,3,Asia/Jakarta,FALSE,1360871482
Tawanggeli,Tawanggeli,,-1.0143,119.7377,Indonesia,ID,IDN,Sulawesi Tengah,Sulawesi Tengah,ID-ST,province,,66.7,,,4,Asia/Makassar,FALSE,1360900292
Olang Dua,Olang Dua,,-3.2648,120.3178,Indonesia,ID,IDN,Sulawesi Selatan,Sulawesi Selatan,ID-SN,province,,127.0,,,4,Asia/Makassar,FALSE,1360127317
Pangremisan,Pangremisan,,-7.7355,107.9680,Indonesia,ID,IDN,Jawa Barat,Jawa Barat,ID-JB,province,,678.9,,,3,Asia/Jakarta,FALSE,1360864967
Gedogan,Gedogan,,-6.7564,107.1375,Indonesia,ID,IDN,Jawa Barat,Jawa Barat,ID-JB,province,,666.6,,,3,Asia/Jakarta,FALSE,1360861182
Surak,Surak,,-7.0565,110.2161,Indonesia,ID,IDN,Jawa Tengah,Jawa Tengah,ID-JT,province,,968.8,,,3,Asia/Jakarta,FALSE,1360510563
Parahulu,Parahulu,,-7.0581,108.0522,Indonesia,ID,IDN,Jawa Barat,Jawa Barat,ID-JB,province,,909.3,,,3,Asia/Jakarta,FALSE,1360056464
Ngrayung,Ngrayung,,-7.5311,112.5086,Indonesia,ID,IDN,Jawa Timur,Jawa Timur,ID-JI,province,,1161.1,,,3,Asia/Jakarta,FALSE,1360950744
Ngrayung,Ngrayung,,-7.4968,111.9140,Indonesia,ID,IDN,Jawa Timur,Jawa Timur,ID-JI,province,,826.0,,,3,Asia/Jakarta,TRUE,1360593486
Ngrayung,Ngrayung,,-7.6586,111.5637,Indonesia,ID,IDN,Jawa Timur,Jawa Timur,ID-JI,province,,617.8,,,3,Asia/Jakarta,TRUE,1360215006
Ngrayung,Ngrayung,,-7.0232,112.1006,Indonesia,ID,IDN,Jawa Timur,Jawa Timur,ID-JI,province,,602.9,,,3,Asia/Jakarta,TRUE,1360013934
Ngrayung,Ngrayung,,-8.0859,111.7386,Indonesia,ID,IDN,Jawa Timur,Jawa Timur,ID-JI,province,,559.8,,,3,Asia/Jakarta,TRUE,1360542035
Tanjungkemuning,Tanjungkemuning,Tandjungkemuning|Tandjoengkemoening,-4.6064,103.1831,Indonesia,ID,IDN,Bengkulu,Bengkulu,ID-BE,province,,47.2,,,4,Asia/Jakarta,FALSE,1360653442
Semaji,Semaji,,-7.4000,112.5962,Indonesia,ID,IDN,Jawa Timur,Jawa Timur,ID-JI,province,,4310.3,,,2,Asia/Jakarta,FALSE,1360130938
Banjar Timurjalan,Banjar Timurjalan,,-8.1739,115.1377,Indonesia,ID,IDN,Bali,Bali,ID-BA,province,,531.2,,,3,Asia/Makassar,FALSE,1360057510
Tambong,Tambong,,-8.0038,111.4979,Indonesia,ID,IDN,Jawa Timur,Jawa Timur,ID-JI,province,,601.1,,,3,Asia/Jakarta,FALSE,1360164196
Tambong,Tambong,,-8.1317,111.6148,Indonesia,ID,IDN,Jawa Timur,Jawa Timur,ID-JI,province,,559.8,,,3,Asia/Jakarta,TRUE,1360285553
Tambong,Tambong,,-8.0718,111.5555,Indonesia,ID,IDN,Jawa Timur,Jawa Timur,ID-JI,province,,559.8,,,3,Asia/Jakarta,TRUE,1360556425
Baran Wetan,Baran Wetan,,-7.5633,110.7075,Indonesia,ID,IDN,Jawa Tengah,Jawa Tengah,ID-JT,province,,890.8,,,3,Asia/Jakarta,FALSE,1360409020
Bottonbalong,Bottonbalong,,-7.4758,110.2153,Indonesia,ID,IDN,Jawa Tengah,Jawa Tengah,ID-JT,province,,1113.4,,,3,Asia/Jakarta,FALSE,1360012155
Jambokayeeuntot,Jambokayeeuntot,J. Kayeeuntot,3.9448,96.8917,Indonesia,ID,IDN,Aceh,Aceh,ID-AC,special region,,23.8,,,4,Asia/Jakarta,FALSE,1360470501
Kolbukol,Kolbukol,,-6.9266,113.1819,Indonesia,ID,IDN,Jawa Timur,Jawa Timur,ID-JI,province,,857.7,,,3,Asia/Jakarta,FALSE,1360513988
Limboro,Limboro,,-0.7201,119.7018,Indonesia,ID,IDN,Sulawesi Tengah,Sulawesi Tengah,ID-ST,province,,66.7,,,4,Asia/Makassar,FALSE,1360660500
Tambong,Tambong,,-7.6164,111.0369,Indonesia,ID,IDN,Jawa Tengah,Jawa Tengah,ID-JT,province,,1064.4,,,3,Asia/Jakarta,FALSE,1360090343
Sumberleng,Sumberleng,,-8.0294,113.4427,Indonesia,ID,IDN,Jawa Timur,Jawa Timur,ID-JI,province,,738.0,,,3,Asia/Jakarta,FALSE,1360649000
Bukitmeriam,Bukitmeriam,,4.7048,97.8850,Indonesia,ID,IDN,Aceh,Aceh,ID-AC,special region,,63.2,,,4,Asia/Jakarta,FALSE,1360237576
Igobola,Igobola,,1.8136,127.8062,Indonesia,ID,IDN,Maluku Utara,Maluku Utara,ID-MU,province,,71.3,,,4,Asia/Jayapura,FALSE,1360058320
Telukkeramat,Telukkeramat,Telok Keramat|Teloekkeramat,1.5167,109.2333,Indonesia,ID,IDN,Kalimantan Barat,Kalimantan Barat,ID-KB,province,,127.2,,,4,Asia/Pontianak,FALSE,1360783837
Bajeruk,Bajeruk,,-6.9221,113.1876,Indonesia,ID,IDN,Jawa Timur,Jawa Timur,ID-JI,province,,857.7,,,3,Asia/Jakarta,FALSE,1360020488
Gegututelage,Gegututelage,,-8.5569,116.1172,Indonesia,ID,IDN,Nusa Tenggara Barat,Nusa Tenggara Barat,ID-NB,province,,799.9,,,3,Asia/Makassar,FALSE,1360862791
Temanggal Barat,Temanggal Barat,,-7.6758,109.5722,Indonesia,ID,IDN,Jawa Tengah,Jawa Tengah,ID-JT,province,,854.4,,,3,Asia/Jakarta,FALSE,1360464346
Gubukdirik,Gubukdirik,,-8.7806,116.3158,Indonesia,ID,IDN,Nusa Tenggara Barat,Nusa Tenggara Barat,ID-NB,province,,782.4,,,3,Asia/Makassar,FALSE,1360148605
Dumar,Dumar,,-8.7233,120.2518,Indonesia,ID,IDN,Nusa Tenggara Timur,Nusa Tenggara Timur,ID-NT,province,,88.6,,,4,Asia/Makassar,FALSE,1360806933
Jepura,Jepura,,-6.7575,108.4892,Indonesia,ID,IDN,Jawa Barat,Jawa Barat,ID-JB,province,,2095.8,,,2,Asia/Jakarta,FALSE,1360651085
Sekarpace,Sekarpace,,-7.5639,110.8511,Indonesia,ID,IDN,Jawa Tengah,Jawa Tengah,ID-JT,province,,5994.4,,,2,Asia/Jakarta,FALSE,1360244417
Sembung Satu,Sembung Satu,,-7.0332,108.9348,Indonesia,ID,IDN,Jawa Tengah,Jawa Tengah,ID-JT,province,,1031.6,,,3,Asia/Jakarta,FALSE,1360491147
Kengkeng,Kengkeng,,-6.3058,107.7919,Indonesia,ID,IDN,Jawa Barat,Jawa Barat,ID-JB,province,,751.4,,,3,Asia/Jakarta,FALSE,1360337441
Jausan Selatan,Jausan Selatan,,-7.7689,109.9333,Indonesia,ID,IDN,Jawa Tengah,Jawa Tengah,ID-JT,province,,629.0,,,3,Asia/Jakarta,FALSE,1360024707
Pacul,Pacul,,-7.1742,111.8722,Indonesia,ID,IDN,Jawa Timur,Jawa Timur,ID-JI,province,,536.4,,,3,Asia/Jakarta,FALSE,1360425684
Pacul,Pacul,,-7.2211,112.0535,Indonesia,ID,IDN,Jawa Timur,Jawa Timur,ID-JI,province,,536.4,,,3,Asia/Jakarta,TRUE,1360930418
Kubangdoyong,Kubangdoyong,,-6.4502,105.8515,Indonesia,ID,IDN,Banten,Banten,ID-BT,province,,460.1,,,3,Asia/Jakarta,FALSE,1360481405
Manggong,Manggong,,-7.1464,110.2683,Indonesia,ID,IDN,Jawa Tengah,Jawa Tengah,ID-JT,province,,968.8,,,3,Asia/Jakarta,FALSE,1360225670
Masewo,Masewo,,-1.8609,119.9754,Indonesia,ID,IDN,Sulawesi Tengah,Sulawesi Tengah,ID-ST,province,,63.4,,,4,Asia/Makassar,FALSE,1360201148
Kengkeng,Kengkeng,,-7.8044,110.5783,Indonesia,ID,IDN,Jawa Tengah,Jawa Tengah,ID-JT,province,,976.2,,,3,Asia/Jakarta,FALSE,1360705281
Kengkeng,Kengkeng,,-7.8247,111.2400,Indonesia,ID,IDN,Jawa Tengah,Jawa Tengah,ID-JT,province,,481.5,,,3,Asia/Jakarta,TRUE,1360067696
Sembung Satu,Sembung Satu,Sembung I,-6.5189,107.7981,Indonesia,ID,IDN,Jawa Barat,Jawa Barat,ID-JB,province,,751.4,,,3,Asia/Jakarta,FALSE,1360149484
Tambakbayan,Tambakbayan,,-8.2656,114.2356,Indonesia,ID,IDN,Jawa Timur,Jawa Timur,ID-JI,province,minor,452.5,,,3,Asia/Jakarta,FALSE,1360032207
Ciledug Tegal,Ciledug Tegal,,-6.3456,107.0414,Indonesia,ID,IDN,Jawa Barat,Jawa Barat,ID-JB,province,,3403.8,,,2,Asia/Jakarta,FALSE,1360862957
Sembung Satu,Sembung Satu,,-7.4898,111.5900,Indonesia,ID,IDN,Jawa Timur,Jawa Timur,ID-JI,province,,586.3,,,3,Asia/Jakarta,FALSE,1360555280
Langkeang,Langkeang,,-4.9594,119.6005,Indonesia,ID,IDN,Sulawesi Selatan,Sulawesi Selatan,ID-SN,province,,229.5,,,3,Asia/Makassar,FALSE,1360932344
Kailili,Kailili,,-10.2925,123.5302,Indonesia,ID,IDN,Nusa Tenggara Timur,Nusa Tenggara Timur,ID-NT,province,,74.4,,,4,Asia/Makassar,FALSE,1360578840
Sokaan Selatan,Sokaan Selatan,,-7.7948,113.7555,Indonesia,ID,IDN,Jawa Timur,Jawa Timur,ID-JI,province,,474.5,,,3,Asia/Jakarta,FALSE,1360293117
Kalelo,Kalelo,,-3.4628,118.9889,Indonesia,ID,IDN,Sulawesi Barat,Sulawesi Barat,ID-SR,province,,257.6,,,3,Asia/Makassar,FALSE,1360572591
Baeoen,Baeoen,,-10.6266,123.3964,Indonesia,ID,IDN,Nusa Tenggara Timur,Nusa Tenggara Timur,ID-NT,province,minor,115.0,,,3,Asia/Makassar,FALSE,1360597791
Jeringan,Jeringan,,-7.4372,110.6442,Indonesia,ID,IDN,Jawa Tengah,Jawa Tengah,ID-JT,province,,890.8,,,3,Asia/Jakarta,FALSE,1360322334
Jeringan,Jeringan,,-7.7072,110.1628,Indonesia,ID,IDN,Jawa Tengah,Jawa Tengah,ID-JT,province,,664.1,,,3,Asia/Jakarta,TRUE,1360452205
Cissar,Cissar,Tjisaat|Cisaat,-7.0794,107.4516,Indonesia,ID,IDN,Jawa Barat,Jawa Barat,ID-JB,province,,1899.0,,,3,Asia/Jakarta,FALSE,1360569089
Hele,Hele,,0.5335,121.9608,Indonesia,ID,IDN,Gorontalo,Gorontalo,ID-GO,province,,35.9,,,4,Asia/Makassar,FALSE,1360826171
Morela,Morela,,-3.5526,128.1954,Indonesia,ID,IDN,Maluku,Maluku,ID-MA,province,,60.3,,,4,Asia/Jayapura,FALSE,1360735874
Doan,Doan,,-7.0339,111.6931,Indonesia,ID,IDN,Jawa Timur,Jawa Timur,ID-JI,province,,602.9,,,3,Asia/Jakarta,FALSE,1360129835
Anyarsari Kangin,Anyarsari Kangin,,-8.2768,114.5128,Indonesia,ID,IDN,Bali,Bali,ID-BA,province,,343.9,,,3,Asia/Makassar,FALSE,1360037459
Lubuklancang,Lubuklancang,Loeboeklantjang|Lubuklantjang,-2.8560,104.3391,Indonesia,ID,IDN,Sumatera Selatan,Sumatera Selatan,ID-SS,province,,67.7,,,4,Asia/Jakarta,FALSE,1360307588
Polotegal,Polotegal,,-6.0569,106.3814,Indonesia,ID,IDN,Jawa Barat,Jawa Barat,ID-JB,province,,4371.4,,,2,Asia/Jakarta,FALSE,1360666768
Sabungan Timur,Sabungan Timur,,-7.0522,113.2118,Indonesia,ID,IDN,Jawa Timur,Jawa Timur,ID-JI,province,,857.7,,,3,Asia/Jakarta,FALSE,1360106576
Danau Bangko,Danau Bangko,Danaubangko,-1.5288,103.3540,Indonesia,ID,IDN,Jambi,Jambi,ID-JA,province,,53.1,,,4,Asia/Jakarta,FALSE,1360020173
Sukatendel,Sukatendel,,3.1351,98.3402,Indonesia,ID,IDN,Sumatera Utara,Sumatera Utara,ID-SU,province,,200.0,,,4,Asia/Jakarta,FALSE,1360524516
Bantaeng,Bantaeng,Bonthain,-5.5475,119.9509,Indonesia,ID,IDN,Sulawesi Selatan,Sulawesi Selatan,ID-SN,province,minor,491.5,,,3,Asia/Makassar,FALSE,1360601994
Pingu,Pingu,,-7.7869,110.3575,Indonesia,ID,IDN,Yogyakarta,Yogyakarta,ID-YO,special region,,11789.7,,,2,Asia/Jakarta,FALSE,1360623846
Pakere,Pakere,,-5.0224,119.5974,Indonesia,ID,IDN,Sulawesi Selatan,Sulawesi Selatan,ID-SN,province,,229.5,,,3,Asia/Makassar,FALSE,1360578442
Maliwuko,Maliwuko,,-1.4259,120.7676,Indonesia,ID,IDN,Sulawesi Tengah,Sulawesi Tengah,ID-ST,province,,45.2,,,4,Asia/Makassar,FALSE,1360427166
Meloko,Meloko,,-7.2864,111.1119,Indonesia,ID,IDN,Jawa Tengah,Jawa Tengah,ID-JT,province,,911.2,,,3,Asia/Jakarta,FALSE,1360818746
Hanemasin,Hanemasin,,-9.7439,124.8264,Indonesia,ID,IDN,Nusa Tenggara Timur,Nusa Tenggara Timur,ID-NT,province,,200.3,,,3,Asia/Makassar,FALSE,1360437479
Mekana,Mekana,,-9.5416,124.4180,Indonesia,ID,IDN,Nusa Tenggara Timur,Nusa Tenggara Timur,ID-NT,province,,100.9,,,4,Asia/Makassar,FALSE,1360894546
Tuanumolo,Tuanumolo,,-10.0675,124.2483,Indonesia,ID,IDN,Nusa Tenggara Timur,Nusa Tenggara Timur,ID-NT,province,,125.8,,,4,Asia/Makassar,FALSE,1360291721
Rancusongo,Rancusongo,,-5.2485,104.8758,Indonesia,ID,IDN,Lampung,Lampung,ID-LA,province,,611.9,,,3,Asia/Jakarta,FALSE,1360911265
Talang Tinggi,Talang Tinggi,Talangtinggi,-3.9612,103.8412,Indonesia,ID,IDN,Sumatera Selatan,Sumatera Selatan,ID-SS,province,,110.7,,,4,Asia/Jakarta,FALSE,1360958581
Talang Tinggi,Talang Tinggi,Talangtinggi,-3.7194,103.7512,Indonesia,ID,IDN,Sumatera Selatan,Sumatera Selatan,ID-SS,province,,86.0,,,4,Asia/Jakarta,TRUE,1360580629
Winggoyona,Winggoyona,,-7.0507,109.5369,Indonesia,ID,IDN,Jawa Tengah,Jawa Tengah,ID-JT,province,,896.1,,,3,Asia/Jakarta,FALSE,1360279405
Karumpa Barat,Karumpa Barat,,-7.2821,121.7310,Indonesia,ID,IDN,Sulawesi Selatan,Sulawesi Selatan,ID-SN,province,,122.0,,,4,Asia/Makassar,FALSE,1360124772
Lewokluok,Lewokluok,,-8.3561,122.8425,Indonesia,ID,IDN,Nusa Tenggara Timur,Nusa Tenggara Timur,ID-NT,province,minor,153.4,,,3,Asia/Makassar,FALSE,1360915080
Poddo,Poddo,,-2.5571,120.3321,Indonesia,ID,IDN,Sulawesi Selatan,Sulawesi Selatan,ID-SN,province,,45.2,,,4,Asia/Makassar,FALSE,1360105574
Aluebuloh Dua,Aluebuloh Dua,Aluebuloh 2,5.0830,97.5700,Indonesia,ID,IDN,Aceh,Aceh,ID-AC,special region,,63.2,,,4,Asia/Jakarta,FALSE,1360137616
Kancinaa,Kancinaa,Kantjina E|Kacinaa|Katjinaa,-5.4399,122.8890,Indonesia,ID,IDN,Sulawesi Tenggara,Sulawesi Tenggara,ID-SG,province,,117.2,,,4,Asia/Makassar,FALSE,1360671575
Bayemrejo,Bayemrejo,,-7.7386,110.6550,Indonesia,ID,IDN,Jawa Tengah,Jawa Tengah,ID-JT,province,,1721.4,,,3,Asia/Jakarta,FALSE,1360625878
Bayemrejo,Bayemrejo,,-7.5597,110.5483,Indonesia,ID,IDN,Jawa Tengah,Jawa Tengah,ID-JT,province,,890.8,,,3,Asia/Jakarta,TRUE,1360905662
Bonjarsari,Bonjarsari,Bandjarsari,-8.0793,112.5521,Indonesia,ID,IDN,Jawa Timur,Jawa Timur,ID-JI,province,,761.0,,,3,Asia/Jakarta,FALSE,1360252126
Pule Utara,Pule Utara,,-7.8950,112.0371,Indonesia,ID,IDN,Jawa Timur,Jawa Timur,ID-JI,province,,1030.6,,,3,Asia/Jakarta,FALSE,1360319948
Papring Lor,Papring Lor,,-8.1334,114.3655,Indonesia,ID,IDN,Jawa Timur,Jawa Timur,ID-JI,province,,452.5,,,3,Asia/Jakarta,FALSE,1360483681
Kampungtonggoh,Kampungtonggoh,,-6.6261,106.6981,Indonesia,ID,IDN,Jawa Barat,Jawa Barat,ID-JB,province,,2169.9,,,2,Asia/Jakarta,FALSE,1360009050
Cigudang,Cigudang,,-6.2442,106.1016,Indonesia,ID,IDN,Banten,Banten,ID-BT,province,minor,737.6,,,3,Asia/Jakarta,FALSE,1360118836
Selaawi Tiga,Selaawi Tiga,,-6.5556,107.4875,Indonesia,ID,IDN,Jawa Barat,Jawa Barat,ID-JB,province,,1185.0,,,3,Asia/Jakarta,FALSE,1360550747
Manik Siantar Satu,Manik Siantar Satu,Manik Siantar 1|Manik Si Antar,2.8650,98.9628,Indonesia,ID,IDN,Sumatera Utara,Sumatera Utara,ID-SU,province,,174.8,,,4,Asia/Jakarta,FALSE,1360667358
Kebonkopi,Kebonkopi,,3.3387,99.2655,Indonesia,ID,IDN,Sumatera Utara,Sumatera Utara,ID-SU,province,,368.4,,,3,Asia/Jakarta,FALSE,1360514419
Curugmulya,Curugmulya,,-6.2972,107.4115,Indonesia,ID,IDN,Jawa Barat,Jawa Barat,ID-JB,province,,1386.3,,,3,Asia/Jakarta,FALSE,1360699710
Genjreng,Genjreng,Gendjreng,-7.4672,107.9345,Indonesia,ID,IDN,Jawa Barat,Jawa Barat,ID-JB,province,,897.0,,,3,Asia/Jakarta,FALSE,1360028083
Simpang Lebuh,Simpang Lebuh,,0.2604,102.1330,Indonesia,ID,IDN,Riau,Riau,ID-RI,province,,45.2,,,4,Asia/Jakarta,FALSE,1360022304
Watu,Watu,,-4.5888,120.3693,Indonesia,ID,IDN,Sulawesi Selatan,Sulawesi Selatan,ID-SN,province,,175.7,,,4,Asia/Makassar,FALSE,1360292856
Watu,Watu,,-4.3569,120.3119,Indonesia,ID,IDN,Sulawesi Selatan,Sulawesi Selatan,ID-SN,province,,175.7,,,4,Asia/Makassar,TRUE,1360036726
Watu,Watu,,-4.4672,119.9105,Indonesia,ID,IDN,Sulawesi Selatan,Sulawesi Selatan,ID-SN,province,,166.6,,,4,Asia/Makassar,TRUE,1360208360
Watu,Watu,Watoe,-4.5011,119.7237,Indonesia,ID,IDN,Sulawesi Selatan,Sulawesi Selatan,ID-SN,province,,156.2,,,4,Asia/Makassar,TRUE,1360232839
Munung,Munung,,-7.4788,112.5051,Indonesia,ID,IDN,Jawa Timur,Jawa Timur,ID-JI,province,,1161.1,,,3,Asia/Jakarta,FALSE,1360350128
Munung,Munung,Moenoeng,-7.4907,112.1631,Indonesia,ID,IDN,Jawa Timur,Jawa Timur,ID-JI,province,,970.3,,,3,Asia/Jakarta,TRUE,1360826930
Munung,Munung,,-7.5167,112.1000,Indonesia,ID,IDN,Jawa Timur,Jawa Timur,ID-JI,province,,826.0,,,3,Asia/Jakarta,TRUE,1360021386
Munung,Munung,,-8.0181,111.4416,Indonesia,ID,IDN,Jawa Timur,Jawa Timur,ID-JI,province,,601.1,,,3,Asia/Jakarta,TRUE,1360490988
Karangpele,Karangpele,,-7.1496,113.3579,Indonesia,ID,IDN,Jawa Timur,Jawa Timur,ID-JI,province,,857.7,,,3,Asia/Jakarta,FALSE,1360166097
Watu,Watu,Watoe,-3.4333,121.8833,Indonesia,ID,IDN,Sulawesi Tenggara,Sulawesi Tenggara,ID-SG,province,,10.2,,,4,Asia/Makassar,FALSE,1360790011
Temu Lor,Temu Lor,,-7.3733,110.3792,Indonesia,ID,IDN,Jawa Tengah,Jawa Tengah,ID-JT,province,,1113.4,,,3,Asia/Jakarta,FALSE,1360652467
Airdingin,Airdingin,,2.4540,96.3810,Indonesia,ID,IDN,Aceh,Aceh,ID-AC,special region,,59.9,,,4,Asia/Jakarta,FALSE,1360610078
Muarajawa,Muarajawa,Moeara Java|Moeara Djawa|Muara Djawa,-0.6333,117.3000,Indonesia,ID,IDN,Kalimantan Timur,Kalimantan Timur,ID-KI,province,,35.4,,,4,Asia/Makassar,FALSE,1360568190
Bengangin,Bengangin,,-6.9498,113.1918,Indonesia,ID,IDN,Jawa Timur,Jawa Timur,ID-JI,province,,857.7,,,3,Asia/Jakarta,FALSE,1360781464
Munung,Munung,,-7.4672,110.3125,Indonesia,ID,IDN,Jawa Tengah,Jawa Tengah,ID-JT,province,,1113.4,,,3,Asia/Jakarta,FALSE,1360635069
Kamarbola,Kamarbola,,3.1591,99.4263,Indonesia,ID,IDN,Sumatera Utara,Sumatera Utara,ID-SU,province,,445.1,,,3,Asia/Jakarta,FALSE,1360002827
Murni,Murni,,3.7441,98.4713,Indonesia,ID,IDN,Sumatera Utara,Sumatera Utara,ID-SU,province,,166.6,,,4,Asia/Jakarta,FALSE,1360819373
Ciwindu,Ciwindu,Tjiwindoe,-7.1327,108.7775,Indonesia,ID,IDN,Jawa Tengah,Jawa Tengah,ID-JT,province,,1031.6,,,3,Asia/Jakarta,FALSE,1360527263
Nogosari Tiga,Nogosari Tiga,,-7.9297,110.5567,Indonesia,ID,IDN,Yogyakarta,Yogyakarta,ID-YO,special region,,457.6,,,3,Asia/Jakarta,FALSE,1360249225
Kelartanjung,Kelartanjung,,-6.0356,107.3247,Indonesia,ID,IDN,Jawa Barat,Jawa Barat,ID-JB,province,,1386.3,,,3,Asia/Jakarta,FALSE,1360933524
Plampean,Plampean,,-7.9783,113.2404,Indonesia,ID,IDN,Jawa Timur,Jawa Timur,ID-JI,province,,577.0,,,3,Asia/Jakarta,FALSE,1360105785
Bayen,Bayen,,-7.7492,110.4628,Indonesia,ID,IDN,Yogyakarta,Yogyakarta,ID-YO,special region,,2319.5,,,2,Asia/Jakarta,FALSE,1360006898
Dayaankerep,Dayaankerep,,-7.6618,111.8380,Indonesia,ID,IDN,Jawa Timur,Jawa Timur,ID-JI,province,,826.0,,,3,Asia/Jakarta,FALSE,1360590739
Jatirejo,Jatirejo,,-7.7361,110.3703,Indonesia,ID,IDN,Yogyakarta,Yogyakarta,ID-YO,special region,,2319.5,,,2,Asia/Jakarta,FALSE,1360535774
Jatirejo,Jatirejo,,-7.9039,110.4242,Indonesia,ID,IDN,Yogyakarta,Yogyakarta,ID-YO,special region,,2161.9,,,2,Asia/Jakarta,TRUE,1360825623
Jatirejo,Jatirejo,,-7.9327,110.2298,Indonesia,ID,IDN,Yogyakarta,Yogyakarta,ID-YO,special region,,664.1,,,3,Asia/Jakarta,TRUE,1360816370
Jatirejo,Jatirejo,,-7.9206,110.5928,Indonesia,ID,IDN,Yogyakarta,Yogyakarta,ID-YO,special region,,457.6,,,3,Asia/Jakarta,TRUE,1360320440
Simpang Wetan,Simpang Wetan,,-7.2700,107.8162,Indonesia,ID,IDN,Jawa Barat,Jawa Barat,ID-JB,province,,909.3,,,3,Asia/Jakarta,FALSE,1360872343
Wayabula,Wayabula,Wajaboela|Wajabula,2.2795,128.2015,Indonesia,ID,IDN,Maluku Utara,Maluku Utara,ID-MU,province,,38.5,,,4,Asia/Jayapura,FALSE,1360370176
Bojong Lio,Bojong Lio,,-6.4056,106.8578,Indonesia,ID,IDN,Jawa Barat,Jawa Barat,ID-JB,province,,13377.1,,,2,Asia/Jakarta,FALSE,1360734649
Simpangjambu,Simpangjambu,,2.5764,98.3362,Indonesia,ID,IDN,Sumatera Utara,Sumatera Utara,ID-SU,province,,29.7,,,4,Asia/Jakarta,FALSE,1360339495
Batongo,Batongo,,0.8908,122.8010,Indonesia,ID,IDN,Gorontalo,Gorontalo,ID-GO,province,,79.0,,,4,Asia/Makassar,FALSE,1360633266
Borongampiri,Borongampiri,,-5.2897,120.1854,Indonesia,ID,IDN,Sulawesi Selatan,Sulawesi Selatan,ID-SN,province,,298.4,,,3,Asia/Makassar,FALSE,1360993730
Matolang,Matolang,,-9.5993,119.5403,Indonesia,ID,IDN,Nusa Tenggara Timur,Nusa Tenggara Timur,ID-NT,province,,44.0,,,4,Asia/Makassar,FALSE,1360552449
Matolang,Matolang,,-9.6333,119.5833,Indonesia,ID,IDN,Nusa Tenggara Timur,Nusa Tenggara Timur,ID-NT,province,,44.0,,,4,Asia/Makassar,TRUE,1360199635
Krajan Jamprong,Krajan Jamprong,,-6.9604,111.6157,Indonesia,ID,IDN,Jawa Timur,Jawa Timur,ID-JI,province,minor,602.9,,,3,Asia/Jakarta,FALSE,1360007870
Babakancidikit,Babakancidikit,,-6.6382,106.2890,Indonesia,ID,IDN,Banten,Banten,ID-BT,province,,432.7,,,3,Asia/Jakarta,FALSE,1360016332
Ngebog,Ngebog,,-7.1803,110.9142,Indonesia,ID,IDN,Jawa Tengah,Jawa Tengah,ID-JT,province,,676.8,,,3,Asia/Jakarta,FALSE,1360929828
Airbelo,Airbelo,Airbeloe,-2.0329,105.2353,Indonesia,ID,IDN,Kepulauan Bangka Belitung,Kepulauan Bangka Belitung,ID-BB,province,,82.3,,,4,Asia/Jakarta,FALSE,1360252268
Mafutifa,Mafutifa,Mafoetifa,0.6667,127.3667,Indonesia,ID,IDN,Maluku Utara,Maluku Utara,ID-MU,province,,75.5,,,4,Asia/Jayapura,FALSE,1360441131
Kedungsewu,Kedungsewu,,-6.5565,110.9555,Indonesia,ID,IDN,Jawa Tengah,Jawa Tengah,ID-JT,province,,818.0,,,3,Asia/Jakarta,FALSE,1360945716
Tabanan,Tabanan,,-1.0400,120.5169,Indonesia,ID,IDN,Sulawesi Tengah,Sulawesi Tengah,ID-ST,province,,81.9,,,4,Asia/Makassar,FALSE,1360114575
Onggomerten,Onggomerten,,-7.7750,110.4278,Indonesia,ID,IDN,Yogyakarta,Yogyakarta,ID-YO,special region,,2319.5,,,2,Asia/Jakarta,FALSE,1360601345
Cigoler,Cigoler,,-7.3738,108.1752,Indonesia,ID,IDN,Jawa Barat,Jawa Barat,ID-JB,province,,3852.8,,,2,Asia/Jakarta,FALSE,1360424052
Tuaena,Tuaena,,-9.6753,124.6708,Indonesia,ID,IDN,Nusa Tenggara Timur,Nusa Tenggara Timur,ID-NT,province,,125.8,,,4,Asia/Makassar,FALSE,1360345240
Batu Priuk,Batu Priuk,Batoe Prioek|Balu Priuk,3.0167,108.8667,Indonesia,ID,IDN,Kepulauan Riau,Kepulauan Riau,ID-KR,province,,32.8,,,4,Asia/Jakarta,FALSE,1360260033
Kalwasigat,Kalwasigat,Kalwa-Sigat|Teri|Kalwa,-7.7698,138.8063,Indonesia,ID,IDN,Papua Selatan,Papua Selatan,ID-PS,,,9.2,,,4,Asia/Jayapura,FALSE,1360326493
Perkebunanwanasuka,Perkebunanwanasuka,,-7.2436,107.6186,Indonesia,ID,IDN,Jawa Barat,Jawa Barat,ID-JB,province,,1899.0,,,3,Asia/Jakarta,FALSE,1360489527
Jajawar,Jajawar,Djadjawa|Jajawa|Djadjawar,-7.3567,108.4891,Indonesia,ID,IDN,Jawa Barat,Jawa Barat,ID-JB,province,,973.6,,,3,Asia/Jakarta,FALSE,1360668581
Tulungsawo,Tulungsawo,,-5.2155,105.2317,Indonesia,ID,IDN,Lampung,Lampung,ID-LA,province,,520.3,,,3,Asia/Jakarta,FALSE,1360181840
Jumerto Lor,Jumerto Lor,,-8.1244,113.6824,Indonesia,ID,IDN,Jawa Timur,Jawa Timur,ID-JI,province,,738.0,,,3,Asia/Jakarta,FALSE,1360040031
Laiulang,Laiulang,,-9.7859,120.0595,Indonesia,ID,IDN,Nusa Tenggara Timur,Nusa Tenggara Timur,ID-NT,province,,40.2,,,4,Asia/Makassar,FALSE,1360263557
Padang Sungkai,Padang Sungkai,Padangsungkai,-2.3747,102.6762,Indonesia,ID,IDN,Jambi,Jambi,ID-JA,province,,50.7,,,4,Asia/Jakarta,FALSE,1360242463
Basole,Basole,Besole,-8.3002,112.2027,Indonesia,ID,IDN,Jawa Timur,Jawa Timur,ID-JI,province,,671.1,,,3,Asia/Jakarta,FALSE,1360373551
Dohe,Dohe,,-8.8265,121.7001,Indonesia,ID,IDN,Nusa Tenggara Timur,Nusa Tenggara Timur,ID-NT,province,,132.1,,,4,Asia/Makassar,FALSE,1360690604
Jatikauman,Jatikauman,,-7.7534,112.6948,Indonesia,ID,IDN,Jawa Timur,Jawa Timur,ID-JI,province,,1127.0,,,3,Asia/Jakarta,FALSE,1360077963
Semroon,Semroon,Asem,-7.1639,112.9587,Indonesia,ID,IDN,Jawa Timur,Jawa Timur,ID-JI,province,,781.3,,,3,Asia/Jakarta,FALSE,1360357338
Ciwalet,Ciwalet,Tjiwalet,-7.5357,108.0295,Indonesia,ID,IDN,Jawa Barat,Jawa Barat,ID-JB,province,,678.9,,,3,Asia/Jakarta,FALSE,1360715986
Jagalan,Jagalan,,-7.8303,110.3958,Indonesia,ID,IDN,Yogyakarta,Yogyakarta,ID-YO,special region,,2319.5,,,2,Asia/Jakarta,FALSE,1360729315
Jagalan,Jagalan,,-7.7303,110.2942,Indonesia,ID,IDN,Yogyakarta,Yogyakarta,ID-YO,special region,,2319.5,,,2,Asia/Jakarta,TRUE,1360004761
Jagalan,Jagalan,,-7.6450,110.2539,Indonesia,ID,IDN,Yogyakarta,Yogyakarta,ID-YO,special region,,880.8,,,3,Asia/Jakarta,TRUE,1360757207
Sakean Terap,Sakean Terap,,-0.3253,102.1108,Indonesia,ID,IDN,Riau,Riau,ID-RI,province,,67.9,,,4,Asia/Jakarta,FALSE,1360508631
Dukuhbenda,Dukuhbenda,,-7.2000,109.1053,Indonesia,ID,IDN,Jawa Tengah,Jawa Tengah,ID-JT,province,,1406.9,,,3,Asia/Jakarta,FALSE,1360137251
Repukmedaen,Repukmedaen,,-8.6229,116.1707,Indonesia,ID,IDN,Nusa Tenggara Barat,Nusa Tenggara Barat,ID-NB,province,,799.9,,,3,Asia/Makassar,FALSE,1360417973
Pantran,Pantran,,-7.4569,110.4881,Indonesia,ID,IDN,Jawa Tengah,Jawa Tengah,ID-JT,province,,890.8,,,3,Asia/Jakarta,FALSE,1360766301
Telaga Sari Empat,Telaga Sari Empat,Telagasari 4,3.5482,98.5506,Indonesia,ID,IDN,Sumatera Utara,Sumatera Utara,ID-SU,province,,902.6,,,3,Asia/Jakarta,FALSE,1360539486
Cebur,Cebur,,-7.3325,110.4522,Indonesia,ID,IDN,Jawa Tengah,Jawa Tengah,ID-JT,province,,1028.0,,,3,Asia/Jakarta,FALSE,1360561298
Weebou,Weebou,,-9.4518,119.2451,Indonesia,ID,IDN,Nusa Tenggara Timur,Nusa Tenggara Timur,ID-NT,province,,260.9,,,3,Asia/Makassar,FALSE,1360181516
Sidonalan,Sidonalan,,-7.7222,109.7544,Indonesia,ID,IDN,Jawa Tengah,Jawa Tengah,ID-JT,province,,854.4,,,3,Asia/Jakarta,FALSE,1360604966
Tamantaber,Tamantaber,,-8.0962,113.8429,Indonesia,ID,IDN,Jawa Timur,Jawa Timur,ID-JI,province,,738.0,,,3,Asia/Jakarta,FALSE,1360081602
Weepatando,Weepatando,,-9.5473,119.3094,Indonesia,ID,IDN,Nusa Tenggara Timur,Nusa Tenggara Timur,ID-NT,province,,260.9,,,3,Asia/Makassar,FALSE,1360031181
Celong,Celong,,-6.9901,115.3468,Indonesia,ID,IDN,Jawa Timur,Jawa Timur,ID-JI,province,,522.1,,,3,Asia/Jakarta,FALSE,1360453002
Pakis Dua,Pakis Dua,Pakis 2,-5.9786,107.1356,Indonesia,ID,IDN,Jawa Barat,Jawa Barat,ID-JB,province,,1386.3,,,3,Asia/Jakarta,FALSE,1360032813
Kercah,Kercah,,-7.1673,113.4354,Indonesia,ID,IDN,Jawa Timur,Jawa Timur,ID-JI,province,,1149.1,,,3,Asia/Jakarta,FALSE,1360284260
Puuwino,Puuwino,,-9.5277,119.2471,Indonesia,ID,IDN,Nusa Tenggara Timur,Nusa Tenggara Timur,ID-NT,province,,260.9,,,3,Asia/Makassar,FALSE,1360458517
Ciguruguy,Ciguruguy,Tjigaroegoey,-7.0931,107.1836,Indonesia,ID,IDN,Jawa Barat,Jawa Barat,ID-JB,province,,666.6,,,3,Asia/Jakarta,FALSE,1360545640
Pagungjoho,Pagungjoho,Pagungdjoho,-7.8167,111.9167,Indonesia,ID,IDN,Jawa Timur,Jawa Timur,ID-JI,province,,1030.6,,,3,Asia/Jakarta,FALSE,1360590220
Belang Wetan,Belang Wetan,,-7.6861,110.6267,Indonesia,ID,IDN,Jawa Tengah,Jawa Tengah,ID-JT,province,,1721.4,,,3,Asia/Jakarta,FALSE,1360578042
Tanjung Langkat,Tanjung Langkat,Tandjunglangkat,3.4760,98.2820,Indonesia,ID,IDN,Sumatera Utara,Sumatera Utara,ID-SU,province,,166.6,,,4,Asia/Jakarta,FALSE,1360678045
Polongan Daja,Polongan Daja,,-6.9409,112.8652,Indonesia,ID,IDN,Jawa Timur,Jawa Timur,ID-JI,province,minor,781.3,,,3,Asia/Jakarta,FALSE,1360221323
Kedungkopi,Kedungkopi,,-7.5725,110.8525,Indonesia,ID,IDN,Jawa Tengah,Jawa Tengah,ID-JT,province,,5994.4,,,2,Asia/Jakarta,FALSE,1360842819
Jaraan,Jaraan,,3.4997,98.2939,Indonesia,ID,IDN,Sumatera Utara,Sumatera Utara,ID-SU,province,,166.6,,,4,Asia/Jakarta,FALSE,1360254642
Bajopoat,Bajopoat,,-0.5025,122.5896,Indonesia,ID,IDN,Sulawesi Tengah,Sulawesi Tengah,ID-ST,province,,41.9,,,4,Asia/Makassar,FALSE,1360091966
Bunutan,Bunutan,,-8.3034,115.2591,Indonesia,ID,IDN,Bali,Bali,ID-BA,province,minor,1514.9,,,3,Asia/Makassar,FALSE,1360722370
Bunutan,Bunutan,,-8.4386,115.6735,Indonesia,ID,IDN,Bali,Bali,ID-BA,province,,518.1,,,3,Asia/Makassar,TRUE,1360141574
Bunutan,Bunutan,,-8.3457,115.6739,Indonesia,ID,IDN,Bali,Bali,ID-BA,province,,518.1,,,3,Asia/Makassar,TRUE,1360492795
Montor,Montor,,-7.1680,113.4715,Indonesia,ID,IDN,Jawa Timur,Jawa Timur,ID-JI,province,,1149.1,,,3,Asia/Jakarta,FALSE,1360361764
Montor,Montor,,-7.2074,113.4003,Indonesia,ID,IDN,Jawa Timur,Jawa Timur,ID-JI,province,,1149.1,,,3,Asia/Jakarta,TRUE,1360874387
Montor,Montor,,-7.1781,113.1976,Indonesia,ID,IDN,Jawa Timur,Jawa Timur,ID-JI,province,,857.7,,,3,Asia/Jakarta,TRUE,1360987773
Montor,Montor,,-7.1797,113.3322,Indonesia,ID,IDN,Jawa Timur,Jawa Timur,ID-JI,province,,857.7,,,3,Asia/Jakarta,TRUE,1360013696
Montor,Montor,,-7.0100,113.0167,Indonesia,ID,IDN,Jawa Timur,Jawa Timur,ID-JI,province,,781.3,,,3,Asia/Jakarta,TRUE,1360017781
Montor,Montor,,-7.1607,113.0443,Indonesia,ID,IDN,Jawa Timur,Jawa Timur,ID-JI,province,,781.3,,,3,Asia/Jakarta,TRUE,1360653290
Montor,Montor,,-7.2859,112.2589,Indonesia,ID,IDN,Jawa Timur,Jawa Timur,ID-JI,province,,670.4,,,3,Asia/Jakarta,TRUE,1360087430
Tembuku,Tembuku,Temboekoe|Tembuko,-8.4325,115.3865,Indonesia,ID,IDN,Bali,Bali,ID-BA,province,minor,466.3,,,3,Asia/Makassar,FALSE,1360503601
Partor Janji Matogu,Partor Janji Matogu,,2.4340,99.0970,Indonesia,ID,IDN,Sumatera Utara,Sumatera Utara,ID-SU,province,,79.3,,,4,Asia/Jakarta,FALSE,1360327013
Kempulan,Kempulan,,-7.5450,110.2589,Indonesia,ID,IDN,Jawa Tengah,Jawa Tengah,ID-JT,province,,1113.4,,,3,Asia/Jakarta,FALSE,1360664203
Paupandi Satu,Paupandi Satu,,-8.7628,121.1857,Indonesia,ID,IDN,Nusa Tenggara Timur,Nusa Tenggara Timur,ID-NT,province,,122.9,,,4,Asia/Makassar,FALSE,1360632095
Sukaresik,Sukaresik,,-6.2678,107.5050,Indonesia,ID,IDN,Jawa Barat,Jawa Barat,ID-JB,province,,1386.3,,,3,Asia/Jakarta,FALSE,1360339161
Sukaresik,Sukaresik,,-6.7353,107.1828,Indonesia,ID,IDN,Jawa Barat,Jawa Barat,ID-JB,province,,666.6,,,3,Asia/Jakarta,TRUE,1360253772
Sukaresik,Sukaresik,,-7.2937,107.1067,Indonesia,ID,IDN,Jawa Barat,Jawa Barat,ID-JB,province,,666.6,,,3,Asia/Jakarta,TRUE,1360002870
Sukaresik,Sukaresik,,-7.3237,107.1806,Indonesia,ID,IDN,Jawa Barat,Jawa Barat,ID-JB,province,,666.6,,,3,Asia/Jakarta,TRUE,1360030015
Garon,Garon,Garon 1|Garon Satu,-6.0703,107.1608,Indonesia,ID,IDN,Jawa Barat,Jawa Barat,ID-JB,province,,2967.1,,,2,Asia/Jakarta,FALSE,1360718137
Gam-ici,Gam-ici,Gam-itji,1.5011,127.5538,Indonesia,ID,IDN,Maluku Utara,Maluku Utara,ID-MU,province,,97.9,,,4,Asia/Jayapura,FALSE,1360195221
Batusangkar,Batusangkar,Fort Van Der Capellen,-0.4500,100.5833,Indonesia,ID,IDN,Sumatera Barat,Sumatera Barat,ID-SB,province,minor,268.1,,,3,Asia/Jakarta,FALSE,1360591812
Taratak Pauh,Taratak Pauh,,-0.4814,101.8163,Indonesia,ID,IDN,Riau,Riau,ID-RI,province,,76.6,,,4,Asia/Jakarta,FALSE,1360032157
Garon,Garon,,-7.9838,111.7940,Indonesia,ID,IDN,Jawa Timur,Jawa Timur,ID-JI,province,,912.2,,,3,Asia/Jakarta,FALSE,1360785845
Garon,Garon,,-7.7130,111.4160,Indonesia,ID,IDN,Jawa Timur,Jawa Timur,ID-JI,province,,865.1,,,3,Asia/Jakarta,TRUE,1360711575
Garon,Garon,,-7.1616,112.2638,Indonesia,ID,IDN,Jawa Timur,Jawa Timur,ID-JI,province,,670.4,,,3,Asia/Jakarta,TRUE,1360193327
Garon,Garon,,-7.5586,111.5551,Indonesia,ID,IDN,Jawa Timur,Jawa Timur,ID-JI,province,,617.8,,,3,Asia/Jakarta,TRUE,1360899472
Garon,Garon,,-7.6956,111.5778,Indonesia,ID,IDN,Jawa Timur,Jawa Timur,ID-JI,province,,617.8,,,3,Asia/Jakarta,TRUE,1360015620
Garon,Garon,,-7.9136,111.7185,Indonesia,ID,IDN,Jawa Timur,Jawa Timur,ID-JI,province,,559.8,,,3,Asia/Jakarta,TRUE,1360348262
Bukitdago,Bukitdago,,-6.8667,107.6206,Indonesia,ID,IDN,Jawa Barat,Jawa Barat,ID-JB,province,,23655.5,,,2,Asia/Jakarta,FALSE,1360035858
Kalimesan,Kalimesan,,-6.9475,109.0799,Indonesia,ID,IDN,Jawa Tengah,Jawa Tengah,ID-JT,province,,1335.1,,,3,Asia/Jakarta,FALSE,1360458243
Dayamakmur,Dayamakmur,,-8.5530,116.8575,Indonesia,ID,IDN,Nusa Tenggara Barat,Nusa Tenggara Barat,ID-NB,province,,77.0,,,4,Asia/Makassar,FALSE,1360226889
Dekotobo,Dekotobo,,-8.6764,121.3274,Indonesia,ID,IDN,Nusa Tenggara Timur,Nusa Tenggara Timur,ID-NT,province,,122.9,,,4,Asia/Makassar,FALSE,1360315907
Si Ringo-ringo,Si Ringo-ringo,,2.4342,98.7865,Indonesia,ID,IDN,Sumatera Utara,Sumatera Utara,ID-SU,province,,72.0,,,4,Asia/Jakarta,FALSE,1360799621
Timursungai,Timursungai,,-5.7312,112.6546,Indonesia,ID,IDN,Jawa Timur,Jawa Timur,ID-JI,province,,1182.2,,,3,Asia/Jakarta,FALSE,1360040150
Timursungai,Timursungai,,-7.0671,113.0052,Indonesia,ID,IDN,Jawa Timur,Jawa Timur,ID-JI,province,,781.3,,,3,Asia/Jakarta,TRUE,1360001462
Timursungai,Timursungai,,-6.9966,112.7868,Indonesia,ID,IDN,Jawa Timur,Jawa Timur,ID-JI,province,,781.3,,,3,Asia/Jakarta,TRUE,1360327492
Timursungai,Timursungai,,-7.9638,113.4139,Indonesia,ID,IDN,Jawa Timur,Jawa Timur,ID-JI,province,,683.3,,,3,Asia/Jakarta,TRUE,1360039086
Timursungai,Timursungai,,-6.9064,115.4245,Indonesia,ID,IDN,Jawa Timur,Jawa Timur,ID-JI,province,,522.1,,,3,Asia/Jakarta,TRUE,1360023420
Timursungai,Timursungai,,-7.0024,113.8491,Indonesia,ID,IDN,Jawa Timur,Jawa Timur,ID-JI,province,,522.1,,,3,Asia/Jakarta,TRUE,1360039756
Timursungai,Timursungai,,-7.9139,113.8566,Indonesia,ID,IDN,Jawa Timur,Jawa Timur,ID-JI,province,,504.6,,,3,Asia/Jakarta,TRUE,1360224343
Timursungai,Timursungai,,-7.8068,114.2384,Indonesia,ID,IDN,Jawa Timur,Jawa Timur,ID-JI,province,,419.6,,,3,Asia/Jakarta,TRUE,1360916765
Urung-urung,Urung-urung,,-7.5056,109.9525,Indonesia,ID,IDN,Jawa Tengah,Jawa Tengah,ID-JT,province,,782.0,,,3,Asia/Jakarta,FALSE,1360861187
Waturupit,Waturupit,,-7.4440,112.1369,Indonesia,ID,IDN,Jawa Timur,Jawa Timur,ID-JI,province,,1174.4,,,3,Asia/Jakarta,FALSE,1360510711
Sadek Lor,Sadek Lor,,-6.7873,108.8280,Indonesia,ID,IDN,Jawa Barat,Jawa Barat,ID-JB,province,,1389.4,,,3,Asia/Jakarta,FALSE,1360279247
Kaliancar Satu,Kaliancar Satu,,-7.6339,110.0747,Indonesia,ID,IDN,Jawa Tengah,Jawa Tengah,ID-JT,province,,629.0,,,3,Asia/Jakarta,FALSE,1360013189
Kanapuri,Kanapuri,,-8.4538,117.3294,Indonesia,ID,IDN,Nusa Tenggara Barat,Nusa Tenggara Barat,ID-NB,province,,74.3,,,4,Asia/Makassar,FALSE,1360894172
Silaubolon,Silaubolon,,2.9500,99.4667,Indonesia,ID,IDN,Sumatera Utara,Sumatera Utara,ID-SU,province,,195.7,,,4,Asia/Jakarta,FALSE,1360752664
Cipapais,Cipapais,,-6.3043,106.1316,Indonesia,ID,IDN,Banten,Banten,ID-BT,province,,460.1,,,3,Asia/Jakarta,FALSE,1360234701
Hutasuhut,Hutasuhut,,1.6036,99.2715,Indonesia,ID,IDN,Sumatera Utara,Sumatera Utara,ID-SU,province,,83.0,,,4,Asia/Jakarta,FALSE,1360254627
Cibungbun,Cibungbun,Ciboengboen,-7.2289,108.1966,Indonesia,ID,IDN,Jawa Barat,Jawa Barat,ID-JB,province,,668.4,,,3,Asia/Jakarta,FALSE,1360031810
Kalitemu Timur,Kalitemu Timur,,-8.6372,116.4075,Indonesia,ID,IDN,Nusa Tenggara Barat,Nusa Tenggara Barat,ID-NB,province,,826.7,,,3,Asia/Makassar,FALSE,1360129939
Bunisuri,Bunisuri,,-6.9036,108.7996,Indonesia,ID,IDN,Jawa Tengah,Jawa Tengah,ID-JT,province,,1031.6,,,3,Asia/Jakarta,FALSE,1360038850
Urung-urung,Urung-urung,,-8.0053,112.6094,Indonesia,ID,IDN,Jawa Timur,Jawa Timur,ID-JI,province,,8135.6,,,2,Asia/Jakarta,FALSE,1360563371
Urung-urung,Urung-urung,,-7.6204,112.5663,Indonesia,ID,IDN,Jawa Timur,Jawa Timur,ID-JI,province,,1161.1,,,3,Asia/Jakarta,TRUE,1360285866
Rawapicung,Rawapicung,Rawapitjung,-6.3553,106.6672,Indonesia,ID,IDN,Banten,Banten,ID-BT,province,,9038.3,,,2,Asia/Jakarta,FALSE,1360464281
Moyoketen,Moyoketen,,-8.0803,111.8878,Indonesia,ID,IDN,Jawa Timur,Jawa Timur,ID-JI,province,,912.2,,,3,Asia/Jakarta,FALSE,1360340187
Pulosari Dua,Pulosari Dua,,-7.6794,112.3490,Indonesia,ID,IDN,Jawa Timur,Jawa Timur,ID-JI,province,,1174.4,,,3,Asia/Jakarta,FALSE,1360733785
Tanjungsari,Tanjungsari,,-6.9128,106.9133,Indonesia,ID,IDN,Jawa Barat,Jawa Barat,ID-JB,province,,5470.2,,,2,Asia/Jakarta,FALSE,1360030876
Tanjungsari,Tanjungsari,,-6.9661,106.8594,Indonesia,ID,IDN,Jawa Barat,Jawa Barat,ID-JB,province,,4390.6,,,2,Asia/Jakarta,TRUE,1360511492
Tanjungsari,Tanjungsari,,-7.3761,108.2143,Indonesia,ID,IDN,Jawa Barat,Jawa Barat,ID-JB,province,,3852.8,,,2,Asia/Jakarta,TRUE,1360140188
Tanjungsari,Tanjungsari,,-7.3386,108.2418,Indonesia,ID,IDN,Jawa Barat,Jawa Barat,ID-JB,province,,3852.8,,,2,Asia/Jakarta,TRUE,1360606893
Tanjungsari,Tanjungsari,,-6.6853,106.6194,Indonesia,ID,IDN,Jawa Barat,Jawa Barat,ID-JB,province,,2169.9,,,2,Asia/Jakarta,TRUE,1360025678
Tanjungsari,Tanjungsari,,-6.8249,108.5540,Indonesia,ID,IDN,Jawa Barat,Jawa Barat,ID-JB,province,,2095.8,,,2,Asia/Jakarta,TRUE,1360495619
Tanjungsari,Tanjungsari,,-6.0564,107.3975,Indonesia,ID,IDN,Jawa Barat,Jawa Barat,ID-JB,province,,1386.3,,,3,Asia/Jakarta,TRUE,1360405855
Tanjungsari,Tanjungsari,,-6.2475,107.5689,Indonesia,ID,IDN,Jawa Barat,Jawa Barat,ID-JB,province,,1386.3,,,3,Asia/Jakarta,TRUE,1360130880
Tanjungsari,Tanjungsari,,-6.2797,107.3183,Indonesia,ID,IDN,Jawa Barat,Jawa Barat,ID-JB,province,,1386.3,,,3,Asia/Jakarta,TRUE,1360995562
Tanjungsari,Tanjungsari,,-6.2492,107.4281,Indonesia,ID,IDN,Jawa Barat,Jawa Barat,ID-JB,province,,1386.3,,,3,Asia/Jakarta,TRUE,1360713827
Tanjungsari,Tanjungsari,,-6.2886,107.4733,Indonesia,ID,IDN,Jawa Barat,Jawa Barat,ID-JB,province,,1386.3,,,3,Asia/Jakarta,TRUE,1360154989
Tanjungsari,Tanjungsari,,-5.9650,107.3253,Indonesia,ID,IDN,Jawa Barat,Jawa Barat,ID-JB,province,,1386.3,,,3,Asia/Jakarta,TRUE,1360590740
Tanjungsari,Tanjungsari,,-6.9603,107.4236,Indonesia,ID,IDN,Jawa Barat,Jawa Barat,ID-JB,province,,1300.1,,,3,Asia/Jakarta,TRUE,1360632561
Tanjungsari,Tanjungsari,,-6.7303,107.4728,Indonesia,ID,IDN,Jawa Barat,Jawa Barat,ID-JB,province,,1300.1,,,3,Asia/Jakarta,TRUE,1360332682
Tanjungsari,Tanjungsari,,-6.6156,107.4842,Indonesia,ID,IDN,Jawa Barat,Jawa Barat,ID-JB,province,,1185.0,,,3,Asia/Jakarta,TRUE,1360752842
Tanjungsari,Tanjungsari,,-7.4408,107.6636,Indonesia,ID,IDN,Jawa Barat,Jawa Barat,ID-JB,province,,909.3,,,3,Asia/Jakarta,TRUE,1360109867
Tanjungsari,Tanjungsari,,-7.2870,107.7801,Indonesia,ID,IDN,Jawa Barat,Jawa Barat,ID-JB,province,,909.3,,,3,Asia/Jakarta,TRUE,1360796914
Tanjungsari,Tanjungsari,,-7.3192,107.9714,Indonesia,ID,IDN,Jawa Barat,Jawa Barat,ID-JB,province,,909.3,,,3,Asia/Jakarta,TRUE,1360010203
Tanjungsari,Tanjungsari,,-7.2254,107.9427,Indonesia,ID,IDN,Jawa Barat,Jawa Barat,ID-JB,province,,909.3,,,3,Asia/Jakarta,TRUE,1360209593
Tanjungsari,Tanjungsari,,-7.0460,108.7517,Indonesia,ID,IDN,Jawa Barat,Jawa Barat,ID-JB,province,,889.0,,,3,Asia/Jakarta,TRUE,1360430304
Tanjungsari,Tanjungsari,,-6.4769,108.4617,Indonesia,ID,IDN,Jawa Barat,Jawa Barat,ID-JB,province,,850.8,,,3,Asia/Jakarta,TRUE,1360169878
Tanjungsari,Tanjungsari,,-6.5222,107.9800,Indonesia,ID,IDN,Jawa Barat,Jawa Barat,ID-JB,province,,850.8,,,3,Asia/Jakarta,TRUE,1360341612
Tanjungsari,Tanjungsari,Tandjungsari|Tandjoengsar|Tandjoengsari,-6.9025,107.8014,Indonesia,ID,IDN,Jawa Barat,Jawa Barat,ID-JB,province,,779.3,,,3,Asia/Jakarta,TRUE,1360208330
Tanjungsari,Tanjungsari,Tandjungsari,-6.4414,107.7736,Indonesia,ID,IDN,Jawa Barat,Jawa Barat,ID-JB,province,,751.4,,,3,Asia/Jakarta,TRUE,1360514898
Tanjungsari,Tanjungsari,,-6.4200,107.8819,Indonesia,ID,IDN,Jawa Barat,Jawa Barat,ID-JB,province,,751.4,,,3,Asia/Jakarta,TRUE,1360683811
Tanjungsari,Tanjungsari,,-6.4772,107.8903,Indonesia,ID,IDN,Jawa Barat,Jawa Barat,ID-JB,province,,751.4,,,3,Asia/Jakarta,TRUE,1360781837
Tanjungsari,Tanjungsari,,-6.7047,107.7433,Indonesia,ID,IDN,Jawa Barat,Jawa Barat,ID-JB,province,,751.4,,,3,Asia/Jakarta,TRUE,1360947828
Tanjungsari,Tanjungsari,,-6.7058,107.6878,Indonesia,ID,IDN,Jawa Barat,Jawa Barat,ID-JB,province,,751.4,,,3,Asia/Jakarta,TRUE,1360539006
Tanjungsari,Tanjungsari,,-6.2767,107.6631,Indonesia,ID,IDN,Jawa Barat,Jawa Barat,ID-JB,province,,751.4,,,3,Asia/Jakarta,TRUE,1360443485
Tanjungsari,Tanjungsari,,-6.3828,107.5678,Indonesia,ID,IDN,Jawa Barat,Jawa Barat,ID-JB,province,,751.4,,,3,Asia/Jakarta,TRUE,1360345272
Tanjungsari,Tanjungsari,,-7.4060,108.0493,Indonesia,ID,IDN,Jawa Barat,Jawa Barat,ID-JB,province,,678.9,,,3,Asia/Jakarta,TRUE,1360010349
Tanjungsari,Tanjungsari,,-7.4689,108.0116,Indonesia,ID,IDN,Jawa Barat,Jawa Barat,ID-JB,province,,678.9,,,3,Asia/Jakarta,TRUE,1360174431
Tanjungsari,Tanjungsari,Tanjunggsari,-7.4614,108.2198,Indonesia,ID,IDN,Jawa Barat,Jawa Barat,ID-JB,province,,678.9,,,3,Asia/Jakarta,TRUE,1360802325
Tanjungsari,Tanjungsari,,-7.1496,108.1667,Indonesia,ID,IDN,Jawa Barat,Jawa Barat,ID-JB,province,,678.9,,,3,Asia/Jakarta,TRUE,1360925632
Tanjungsari,Tanjungsari,,-7.4083,108.3797,Indonesia,ID,IDN,Jawa Barat,Jawa Barat,ID-JB,province,,678.9,,,3,Asia/Jakarta,TRUE,1360035371
Tanjungsari,Tanjungsari,,-6.8869,107.0853,Indonesia,ID,IDN,Jawa Barat,Jawa Barat,ID-JB,province,,666.6,,,3,Asia/Jakarta,TRUE,1360612697
Tanjungsari,Tanjungsari,,-7.4245,106.9531,Indonesia,ID,IDN,Jawa Barat,Jawa Barat,ID-JB,province,,666.6,,,3,Asia/Jakarta,TRUE,1360148360
Tanjungsari,Tanjungsari,,-7.0278,106.9902,Indonesia,ID,IDN,Jawa Barat,Jawa Barat,ID-JB,province,,666.2,,,3,Asia/Jakarta,TRUE,1360000556
Tanjungsari,Tanjungsari,,-6.9825,107.0289,Indonesia,ID,IDN,Jawa Barat,Jawa Barat,ID-JB,province,,638.8,,,3,Asia/Jakarta,TRUE,1360788967
Tanjungsari,Tanjungsari,,-7.2146,106.9697,Indonesia,ID,IDN,Jawa Barat,Jawa Barat,ID-JB,province,,638.0,,,3,Asia/Jakarta,TRUE,1360234640
Tanjungsari,Tanjungsari,,-7.2746,106.5531,Indonesia,ID,IDN,Jawa Barat,Jawa Barat,ID-JB,province,,633.7,,,3,Asia/Jakarta,TRUE,1360793247
Tanjungsari,Tanjungsari,,-7.1970,106.8635,Indonesia,ID,IDN,Jawa Barat,Jawa Barat,ID-JB,province,,633.7,,,3,Asia/Jakarta,TRUE,1360054805
Tanjungsari,Tanjungsari,,-7.0184,106.8378,Indonesia,ID,IDN,Jawa Barat,Jawa Barat,ID-JB,province,,633.7,,,3,Asia/Jakarta,TRUE,1360369031
Tanjungsari,Tanjungsari,,-7.2227,108.3060,Indonesia,ID,IDN,Jawa Barat,Jawa Barat,ID-JB,province,,590.8,,,3,Asia/Jakarta,TRUE,1360915552
Tanjungsari,Tanjungsari,,-7.6682,108.5031,Indonesia,ID,IDN,Jawa Barat,Jawa Barat,ID-JB,province,,590.8,,,3,Asia/Jakarta,TRUE,1360382765
Pondokseng,Pondokseng,,4.6342,97.8658,Indonesia,ID,IDN,Aceh,Aceh,ID-AC,special region,,63.2,,,4,Asia/Jakarta,FALSE,1360013616
Bupong Lao,Bupong Lao,,-7.7640,113.7380,Indonesia,ID,IDN,Jawa Timur,Jawa Timur,ID-JI,province,,419.6,,,3,Asia/Jakarta,FALSE,1360867859
Inpres,Inpres,,-6.8353,115.3225,Indonesia,ID,IDN,Jawa Timur,Jawa Timur,ID-JI,province,,522.1,,,3,Asia/Jakarta,FALSE,1360004691
Inpres,Inpres,,-6.9827,115.4287,Indonesia,ID,IDN,Jawa Timur,Jawa Timur,ID-JI,province,,522.1,,,3,Asia/Jakarta,TRUE,1360199433
Tenggesenges,Tenggesenges,,-8.6652,116.1352,Indonesia,ID,IDN,Nusa Tenggara Barat,Nusa Tenggara Barat,ID-NB,province,,799.9,,,3,Asia/Makassar,FALSE,1360084071
Karangsaribarat,Karangsaribarat,,3.0021,99.1018,Indonesia,ID,IDN,Sumatera Utara,Sumatera Utara,ID-SU,province,,174.8,,,4,Asia/Jakarta,FALSE,1360762113
Bilampang,Bilampang,,-5.2926,119.5754,Indonesia,ID,IDN,Sulawesi Selatan,Sulawesi Selatan,ID-SN,province,,472.0,,,3,Asia/Makassar,FALSE,1360309671
Inggumurik Satu,Inggumurik Satu,,-10.8087,122.8209,Indonesia,ID,IDN,Nusa Tenggara Timur,Nusa Tenggara Timur,ID-NT,province,,115.0,,,4,Asia/Makassar,FALSE,1360421927
Tanjungsari,Tanjungsari,,-7.2604,112.6921,Indonesia,ID,IDN,Jawa Timur,Jawa Timur,ID-JI,province,,8898.3,,,2,Asia/Jakarta,FALSE,1360993998
Tanjungsari,Tanjungsari,Tundjungsekar 2|Tunjungsekar Dua,-7.9327,112.6384,Indonesia,ID,IDN,Jawa Timur,Jawa Timur,ID-JI,province,,8555.6,,,2,Asia/Jakarta,TRUE,1360189827
Tanjungsari,Tanjungsari,,-7.6437,111.5478,Indonesia,ID,IDN,Jawa Timur,Jawa Timur,ID-JI,province,,4778.4,,,2,Asia/Jakarta,TRUE,1360191336
Tanjungsari,Tanjungsari,,-7.4846,112.6928,Indonesia,ID,IDN,Jawa Timur,Jawa Timur,ID-JI,province,,4310.3,,,2,Asia/Jakarta,TRUE,1360433888
Tanjungsari,Tanjungsari,,-7.5311,112.8212,Indonesia,ID,IDN,Jawa Timur,Jawa Timur,ID-JI,province,,4310.3,,,2,Asia/Jakarta,TRUE,1360248146
Tanjungsari,Tanjungsari,,-8.0875,112.1534,Indonesia,ID,IDN,Jawa Timur,Jawa Timur,ID-JI,province,,4009.5,,,2,Asia/Jakarta,TRUE,1360098540
Tanjungsari,Tanjungsari,,-7.6170,112.5391,Indonesia,ID,IDN,Jawa Timur,Jawa Timur,ID-JI,province,,1161.1,,,3,Asia/Jakarta,TRUE,1360024948
Tanjungsari,Tanjungsari,,-7.6855,112.6976,Indonesia,ID,IDN,Jawa Timur,Jawa Timur,ID-JI,province,,1127.0,,,3,Asia/Jakarta,TRUE,1360651982
Tanjungsari,Tanjungsari,,-7.6062,112.7350,Indonesia,ID,IDN,Jawa Timur,Jawa Timur,ID-JI,province,,1127.0,,,3,Asia/Jakarta,TRUE,1360940344
Tanjungsari,Tanjungsari,,-8.0871,111.9215,Indonesia,ID,IDN,Jawa Timur,Jawa Timur,ID-JI,province,,912.2,,,3,Asia/Jakarta,TRUE,1360935494
Tanjungsari,Tanjungsari,,-8.0962,112.6553,Indonesia,ID,IDN,Jawa Timur,Jawa Timur,ID-JI,province,,761.0,,,3,Asia/Jakarta,TRUE,1360050367
Tanjungsari,Tanjungsari,,-8.1115,112.6117,Indonesia,ID,IDN,Jawa Timur,Jawa Timur,ID-JI,province,,761.0,,,3,Asia/Jakarta,TRUE,1360208260
Tanjungsari,Tanjungsari,,-8.2923,112.4899,Indonesia,ID,IDN,Jawa Timur,Jawa Timur,ID-JI,province,,761.0,,,3,Asia/Jakarta,TRUE,1360150720
Tanjungsari,Tanjungsari,,-8.2966,112.5808,Indonesia,ID,IDN,Jawa Timur,Jawa Timur,ID-JI,province,,761.0,,,3,Asia/Jakarta,TRUE,1360939435
Tanjungsari,Tanjungsari,Tandjoengsari,-8.2769,113.5581,Indonesia,ID,IDN,Jawa Timur,Jawa Timur,ID-JI,province,,738.0,,,3,Asia/Jakarta,TRUE,1360186586
Tanjungsari,Tanjungsari,,-8.0484,112.1947,Indonesia,ID,IDN,Jawa Timur,Jawa Timur,ID-JI,province,,671.1,,,3,Asia/Jakarta,TRUE,1360034382
Tanjungsari,Tanjungsari,,-7.3106,112.2149,Indonesia,ID,IDN,Jawa Timur,Jawa Timur,ID-JI,province,,670.4,,,3,Asia/Jakarta,TRUE,1360432235
Tanjungsari,Tanjungsari,,-7.6844,111.5926,Indonesia,ID,IDN,Jawa Timur,Jawa Timur,ID-JI,province,,617.8,,,3,Asia/Jakarta,TRUE,1360593400
Tanjungsari,Tanjungsari,,-7.5311,111.5728,Indonesia,ID,IDN,Jawa Timur,Jawa Timur,ID-JI,province,,617.7,,,3,Asia/Jakarta,TRUE,1360637299
Tanjungsari,Tanjungsari,,-8.1198,113.2198,Indonesia,ID,IDN,Jawa Timur,Jawa Timur,ID-JI,province,,577.0,,,3,Asia/Jakarta,TRUE,1360666562
Tanjungsari,Tanjungsari,,-8.1940,113.2843,Indonesia,ID,IDN,Jawa Timur,Jawa Timur,ID-JI,province,,577.0,,,3,Asia/Jakarta,TRUE,1360005719
Tanjungsari,Tanjungsari,,-8.4295,114.2609,Indonesia,ID,IDN,Jawa Timur,Jawa Timur,ID-JI,province,,452.5,,,3,Asia/Jakarta,TRUE,1360593529
Bondokadoke,Bondokadoke,,-9.5840,119.3659,Indonesia,ID,IDN,Nusa Tenggara Timur,Nusa Tenggara Timur,ID-NT,province,,260.9,,,3,Asia/Makassar,FALSE,1360747730
Inpres,Inpres,,-6.5742,107.5203,Indonesia,ID,IDN,Jawa Barat,Jawa Barat,ID-JB,province,,1185.0,,,3,Asia/Jakarta,FALSE,1360272822
Inpres,Inpres,,-6.3806,108.2892,Indonesia,ID,IDN,Jawa Barat,Jawa Barat,ID-JB,province,,850.8,,,3,Asia/Jakarta,TRUE,1360209625
Ngolaan,Ngolaan,,-8.0489,112.3580,Indonesia,ID,IDN,Jawa Timur,Jawa Timur,ID-JI,province,,671.1,,,3,Asia/Jakarta,FALSE,1360396459
Alul,Alul,Aloel,-1.3140,123.0282,Indonesia,ID,IDN,Sulawesi Tengah,Sulawesi Tengah,ID-ST,province,,66.8,,,4,Asia/Makassar,FALSE,1360319562
Cikiray Girang,Cikiray Girang,Tjikiraj 1|Cikiray Satu,-6.7636,107.3706,Indonesia,ID,IDN,Jawa Barat,Jawa Barat,ID-JB,province,,1300.1,,,3,Asia/Jakarta,FALSE,1360373834
Bunalas,Bunalas,,-6.9434,112.8403,Indonesia,ID,IDN,Jawa Timur,Jawa Timur,ID-JI,province,,781.3,,,3,Asia/Jakarta,FALSE,1360180383
Tanjungsari,Tanjungsari,,-7.0575,110.4191,Indonesia,ID,IDN,Jawa Tengah,Jawa Tengah,ID-JT,province,,4947.2,,,2,Asia/Jakarta,FALSE,1360046603
Tanjungsari,Tanjungsari,,-7.7658,110.5575,Indonesia,ID,IDN,Jawa Tengah,Jawa Tengah,ID-JT,province,,1721.4,,,3,Asia/Jakarta,TRUE,1360099122
Tanjungsari,Tanjungsari,,-7.6998,110.4959,Indonesia,ID,IDN,Jawa Tengah,Jawa Tengah,ID-JT,province,,1721.4,,,3,Asia/Jakarta,TRUE,1360246841
Tanjungsari,Tanjungsari,,-7.7036,110.7892,Indonesia,ID,IDN,Jawa Tengah,Jawa Tengah,ID-JT,province,,1694.6,,,3,Asia/Jakarta,TRUE,1360628226
Tanjungsari,Tanjungsari,,-7.6628,110.8369,Indonesia,ID,IDN,Jawa Tengah,Jawa Tengah,ID-JT,province,,1694.6,,,3,Asia/Jakarta,TRUE,1360315627
Tanjungsari,Tanjungsari,,-7.6233,110.5344,Indonesia,ID,IDN,Jawa Tengah,Jawa Tengah,ID-JT,province,,1393.7,,,3,Asia/Jakarta,TRUE,1360723243
Tanjungsari,Tanjungsari,,-7.4425,109.0525,Indonesia,ID,IDN,Jawa Tengah,Jawa Tengah,ID-JT,province,,1174.8,,,3,Asia/Jakarta,TRUE,1360127536
Tanjungsari,Tanjungsari,,-6.6002,110.7327,Indonesia,ID,IDN,Jawa Tengah,Jawa Tengah,ID-JT,province,,1152.9,,,3,Asia/Jakarta,TRUE,1360697840
Tanjungsari,Tanjungsari,,-7.3581,109.4258,Indonesia,ID,IDN,Jawa Tengah,Jawa Tengah,ID-JT,province,,1116.9,,,3,Asia/Jakarta,TRUE,1360882148
Tanjungsari,Tanjungsari,,-6.8683,109.3705,Indonesia,ID,IDN,Jawa Tengah,Jawa Tengah,ID-JT,province,,1115.9,,,3,Asia/Jakarta,TRUE,1360042653
Tanjungsari,Tanjungsari,,-7.6232,110.1955,Indonesia,ID,IDN,Jawa Tengah,Jawa Tengah,ID-JT,province,,1113.4,,,3,Asia/Jakarta,TRUE,1360626941
Tanjungsari,Tanjungsari,,-7.4039,110.2228,Indonesia,ID,IDN,Jawa Tengah,Jawa Tengah,ID-JT,province,,1113.4,,,3,Asia/Jakarta,TRUE,1360627892
Tanjungsari,Tanjungsari,,-7.4197,110.1283,Indonesia,ID,IDN,Jawa Tengah,Jawa Tengah,ID-JT,province,,1113.4,,,3,Asia/Jakarta,TRUE,1360518472
Tanjungsari,Tanjungsari,,-7.6111,110.9625,Indonesia,ID,IDN,Jawa Tengah,Jawa Tengah,ID-JT,province,,1064.4,,,3,Asia/Jakarta,TRUE,1360682675
Tanjungsari,Tanjungsari,,-7.7183,111.0961,Indonesia,ID,IDN,Jawa Tengah,Jawa Tengah,ID-JT,province,,1064.4,,,3,Asia/Jakarta,TRUE,1360998342
Tanjungsari,Tanjungsari,,-7.2808,109.0436,Indonesia,ID,IDN,Jawa Tengah,Jawa Tengah,ID-JT,province,,1031.6,,,3,Asia/Jakarta,TRUE,1360026613
Tanjungsari,Tanjungsari,,-6.9104,109.0052,Indonesia,ID,IDN,Jawa Tengah,Jawa Tengah,ID-JT,province,,1031.6,,,3,Asia/Jakarta,TRUE,1360179261
Tanjungsari,Tanjungsari,,-7.0187,109.9613,Indonesia,ID,IDN,Jawa Tengah,Jawa Tengah,ID-JT,province,,1002.7,,,3,Asia/Jakarta,TRUE,1360019995
Tanjungsari,Tanjungsari,,-6.9437,110.0582,Indonesia,ID,IDN,Jawa Tengah,Jawa Tengah,ID-JT,province,,968.8,,,3,Asia/Jakarta,TRUE,1360442375
Tanjungsari,Tanjungsari,,-7.4267,110.5106,Indonesia,ID,IDN,Jawa Tengah,Jawa Tengah,ID-JT,province,,957.7,,,3,Asia/Jakarta,TRUE,1360947838
Tanjungsari,Tanjungsari,,-7.5219,110.7450,Indonesia,ID,IDN,Jawa Tengah,Jawa Tengah,ID-JT,province,,919.2,,,3,Asia/Jakarta,TRUE,1360408375
Tanjungsari,Tanjungsari,,-7.3617,111.0500,Indonesia,ID,IDN,Jawa Tengah,Jawa Tengah,ID-JT,province,,911.2,,,3,Asia/Jakarta,TRUE,1360582033
Tanjungsari,Tanjungsari,,-7.3600,110.8822,Indonesia,ID,IDN,Jawa Tengah,Jawa Tengah,ID-JT,province,,911.2,,,3,Asia/Jakarta,TRUE,1360675215
Tanjungsari,Tanjungsari,,-7.4397,110.9311,Indonesia,ID,IDN,Jawa Tengah,Jawa Tengah,ID-JT,province,,911.2,,,3,Asia/Jakarta,TRUE,1360273993
Tanjungsari,Tanjungsari,,-7.4611,110.8769,Indonesia,ID,IDN,Jawa Tengah,Jawa Tengah,ID-JT,province,,911.2,,,3,Asia/Jakarta,TRUE,1360587734
Tanjungsari,Tanjungsari,,-7.0255,109.5968,Indonesia,ID,IDN,Jawa Tengah,Jawa Tengah,ID-JT,province,,896.1,,,3,Asia/Jakarta,TRUE,1360685652
Tanjungsari,Tanjungsari,,-7.4908,110.5942,Indonesia,ID,IDN,Jawa Tengah,Jawa Tengah,ID-JT,province,,890.8,,,3,Asia/Jakarta,TRUE,1360465830
Tanjungsari,Tanjungsari,,-7.4292,110.7181,Indonesia,ID,IDN,Jawa Tengah,Jawa Tengah,ID-JT,province,,890.8,,,3,Asia/Jakarta,TRUE,1360319842
Tanjungsari,Tanjungsari,,-7.2992,110.7900,Indonesia,ID,IDN,Jawa Tengah,Jawa Tengah,ID-JT,province,,890.8,,,3,Asia/Jakarta,TRUE,1360274340
Tanjungsari,Tanjungsari,,-7.5206,110.6817,Indonesia,ID,IDN,Jawa Tengah,Jawa Tengah,ID-JT,province,,890.8,,,3,Asia/Jakarta,TRUE,1360103869
Tanjungsari,Tanjungsari,,-7.2869,110.0728,Indonesia,ID,IDN,Jawa Tengah,Jawa Tengah,ID-JT,province,,851.9,,,3,Asia/Jakarta,TRUE,1360547166
Tanjungsari,Tanjungsari,,-7.4117,109.5789,Indonesia,ID,IDN,Jawa Tengah,Jawa Tengah,ID-JT,province,,784.3,,,3,Asia/Jakarta,TRUE,1360832106
Tanjungsari,Tanjungsari,,-7.2894,109.8478,Indonesia,ID,IDN,Jawa Tengah,Jawa Tengah,ID-JT,province,,782.2,,,3,Asia/Jakarta,TRUE,1360531637
Tanjungsari,Tanjungsari,,-7.4494,109.8458,Indonesia,ID,IDN,Jawa Tengah,Jawa Tengah,ID-JT,province,,782.0,,,3,Asia/Jakarta,TRUE,1360585029
Tanjungsari,Tanjungsari,Tandjungsari|Tandjoengsari,-7.4392,108.8024,Indonesia,ID,IDN,Jawa Tengah,Jawa Tengah,ID-JT,province,,708.0,,,3,Asia/Jakarta,TRUE,1360160854
Tanjungsari,Tanjungsari,,-7.7031,109.0281,Indonesia,ID,IDN,Jawa Tengah,Jawa Tengah,ID-JT,province,,708.0,,,3,Asia/Jakarta,TRUE,1360449440
Tanjungsari,Tanjungsari,,-7.5864,108.9419,Indonesia,ID,IDN,Jawa Tengah,Jawa Tengah,ID-JT,province,,708.0,,,3,Asia/Jakarta,TRUE,1360463560
Tanjungsari,Tanjungsari,,-7.5714,109.0000,Indonesia,ID,IDN,Jawa Tengah,Jawa Tengah,ID-JT,province,,708.0,,,3,Asia/Jakarta,TRUE,1360015444
Tanjungsari,Tanjungsari,,-7.6247,109.0850,Indonesia,ID,IDN,Jawa Tengah,Jawa Tengah,ID-JT,province,,708.0,,,3,Asia/Jakarta,TRUE,1360031830
Tanjungsari,Tanjungsari,,-7.3811,108.9003,Indonesia,ID,IDN,Jawa Tengah,Jawa Tengah,ID-JT,province,,708.0,,,3,Asia/Jakarta,TRUE,1360137588
Tanjungsari,Tanjungsari,Tandjoengsari Dua,-7.4491,108.7355,Indonesia,ID,IDN,Jawa Tengah,Jawa Tengah,ID-JT,province,,708.0,,,3,Asia/Jakarta,TRUE,1360256501
Tanjungsari,Tanjungsari,,-7.3009,108.7680,Indonesia,ID,IDN,Jawa Tengah,Jawa Tengah,ID-JT,province,minor,708.0,,,3,Asia/Jakarta,TRUE,1360727164
Tanjungsari,Tanjungsari,,-7.2017,110.9956,Indonesia,ID,IDN,Jawa Tengah,Jawa Tengah,ID-JT,province,,676.8,,,3,Asia/Jakarta,TRUE,1360547222
Tanjungsari,Tanjungsari,,-7.1714,111.2042,Indonesia,ID,IDN,Jawa Tengah,Jawa Tengah,ID-JT,province,,676.8,,,3,Asia/Jakarta,TRUE,1360005877
Tanjungsari,Tanjungsari,,-7.0897,111.0516,Indonesia,ID,IDN,Jawa Tengah,Jawa Tengah,ID-JT,province,,676.8,,,3,Asia/Jakarta,TRUE,1360718419
Tanjungsari,Tanjungsari,,-6.7078,111.5540,Indonesia,ID,IDN,Jawa Tengah,Jawa Tengah,ID-JT,province,minor,600.6,,,3,Asia/Jakarta,TRUE,1360521369
Tanjungsari,Tanjungsari,,-7.9353,110.7794,Indonesia,ID,IDN,Jawa Tengah,Jawa Tengah,ID-JT,province,,481.5,,,3,Asia/Jakarta,TRUE,1360839938
Tanjungsari,Tanjungsari,,-7.8256,111.1436,Indonesia,ID,IDN,Jawa Tengah,Jawa Tengah,ID-JT,province,,481.5,,,3,Asia/Jakarta,TRUE,1360555748
Nemberala Selatan,Nemberala Selatan,,-10.8906,122.8251,Indonesia,ID,IDN,Nusa Tenggara Timur,Nusa Tenggara Timur,ID-NT,province,,115.0,,,4,Asia/Makassar,FALSE,1360719595
Mujurhayu,Mujurhayu,,-4.0426,104.6524,Indonesia,ID,IDN,Sumatera Selatan,Sumatera Selatan,ID-SS,province,,253.3,,,3,Asia/Jakarta,FALSE,1360548714
Jarangan Dua,Jarangan Dua,,-7.9183,111.0261,Indonesia,ID,IDN,Jawa Tengah,Jawa Tengah,ID-JT,province,,481.5,,,3,Asia/Jakarta,FALSE,1360172561
Kubangwelut Kidul,Kubangwelut Kidul,,-6.0167,105.9953,Indonesia,ID,IDN,Banten,Banten,ID-BT,province,,2402.7,,,2,Asia/Jakarta,FALSE,1360688478
Jati,Jati,,-4.0488,121.5844,Indonesia,ID,IDN,Sulawesi Tenggara,Sulawesi Tenggara,ID-SG,province,,66.0,,,4,Asia/Makassar,FALSE,1360768984
Gaseh Sayang,Gaseh Sayang,Gasehsajang,4.9530,97.6850,Indonesia,ID,IDN,Aceh,Aceh,ID-AC,special region,,63.2,,,4,Asia/Jakarta,FALSE,1360169880
Rowo Wetan,Rowo Wetan,,-8.1721,113.7976,Indonesia,ID,IDN,Jawa Timur,Jawa Timur,ID-JI,province,,738.0,,,3,Asia/Jakarta,FALSE,1360806799
Rowo Wetan,Rowo Wetan,,-7.0761,111.6289,Indonesia,ID,IDN,Jawa Timur,Jawa Timur,ID-JI,province,,536.4,,,3,Asia/Jakarta,TRUE,1360821408
Radangdamar,Radangdamar,,-0.8902,100.6625,Indonesia,ID,IDN,Sumatera Barat,Sumatera Barat,ID-SB,province,,121.5,,,4,Asia/Jakarta,FALSE,1360800786
Gang Pala,Gang Pala,,3.5173,98.9531,Indonesia,ID,IDN,Sumatera Utara,Sumatera Utara,ID-SU,province,,332.4,,,3,Asia/Jakarta,FALSE,1360331163
Singosaren,Singosaren,,-7.8573,111.4957,Indonesia,ID,IDN,Jawa Timur,Jawa Timur,ID-JI,province,,601.1,,,3,Asia/Jakarta,FALSE,1360650024
Sigarap Dua,Sigarap Dua,Sigarap 2|Sirambuk,1.9930,98.6521,Indonesia,ID,IDN,Sumatera Utara,Sumatera Utara,ID-SU,province,,164.8,,,4,Asia/Jakarta,FALSE,1360009907
Sejahtera Tiga,Sejahtera Tiga,Sejahtera 3,3.2819,97.9622,Indonesia,ID,IDN,Aceh,Aceh,ID-AC,special region,,51.4,,,4,Asia/Jakarta,FALSE,1360020019
Unggaan,Unggaan,,-7.7872,113.5399,Indonesia,ID,IDN,Jawa Timur,Jawa Timur,ID-JI,province,,683.3,,,3,Asia/Jakarta,FALSE,1360039627
Parbuktian,Parbuktian,,2.2640,98.8136,Indonesia,ID,IDN,Sumatera Utara,Sumatera Utara,ID-SU,province,,89.1,,,4,Asia/Jakarta,FALSE,1360439298
Bah Biding Dalam,Bah Biding Dalam,,2.9409,99.1945,Indonesia,ID,IDN,Sumatera Utara,Sumatera Utara,ID-SU,province,,174.8,,,4,Asia/Jakarta,FALSE,1360602570
Punduksitu,Punduksitu,,-6.8653,107.1869,Indonesia,ID,IDN,Jawa Barat,Jawa Barat,ID-JB,province,,666.6,,,3,Asia/Jakarta,FALSE,1360827978
Dosari,Dosari,,-7.0817,111.2094,Indonesia,ID,IDN,Jawa Tengah,Jawa Tengah,ID-JT,province,,522.2,,,3,Asia/Jakarta,FALSE,1360301557
Uraisalo,Uraisalo,,-4.0600,119.8955,Indonesia,ID,IDN,Sulawesi Selatan,Sulawesi Selatan,ID-SN,province,,173.1,,,4,Asia/Makassar,FALSE,1360301575
Kristal,Kristal,,-7.1549,113.1973,Indonesia,ID,IDN,Jawa Timur,Jawa Timur,ID-JI,province,,857.7,,,3,Asia/Jakarta,FALSE,1360894799
Jabon Lor,Jabon Lor,Djabon|Jabon,-7.7740,112.0131,Indonesia,ID,IDN,Jawa Timur,Jawa Timur,ID-JI,province,,1030.6,,,3,Asia/Jakarta,FALSE,1360563282
Sekgresik,Sekgresik,,-7.0667,113.3961,Indonesia,ID,IDN,Jawa Timur,Jawa Timur,ID-JI,province,,1082.7,,,3,Asia/Jakarta,FALSE,1360737073
Tumpakladan,Tumpakladan,,-8.2456,111.2194,Indonesia,ID,IDN,Jawa Timur,Jawa Timur,ID-JI,province,,392.8,,,3,Asia/Jakarta,FALSE,1360992521
Balelempoh Beut,Balelempoh Beut,Balelampoih,5.5076,95.2683,Indonesia,ID,IDN,Aceh,Aceh,ID-AC,special region,,153.5,,,4,Asia/Jakarta,FALSE,1360998233
Soma,Soma,,-7.5325,109.6153,Indonesia,ID,IDN,Jawa Tengah,Jawa Tengah,ID-JT,province,,854.4,,,3,Asia/Jakarta,FALSE,1360288068
Nailera,Nailera,,-9.5953,124.9319,Indonesia,ID,IDN,Nusa Tenggara Timur,Nusa Tenggara Timur,ID-NT,province,,200.3,,,3,Asia/Makassar,FALSE,1360974227
Nilam,Nilam,,-8.5253,116.9293,Indonesia,ID,IDN,Nusa Tenggara Barat,Nusa Tenggara Barat,ID-NB,province,,74.3,,,4,Asia/Makassar,FALSE,1360452626
Pengkol Tengah,Pengkol Tengah,,-7.8775,110.6106,Indonesia,ID,IDN,Yogyakarta,Yogyakarta,ID-YO,special region,,457.6,,,3,Asia/Jakarta,FALSE,1360238265
Raepuma,Raepuma,,-10.4440,121.8960,Indonesia,ID,IDN,Nusa Tenggara Timur,Nusa Tenggara Timur,ID-NT,province,,195.4,,,4,Asia/Makassar,FALSE,1360130000
Bareng,Bareng,,-8.0728,110.5675,Indonesia,ID,IDN,Yogyakarta,Yogyakarta,ID-YO,special region,,457.6,,,3,Asia/Jakarta,FALSE,1360034120
Bareng,Bareng,,-7.8742,110.5722,Indonesia,ID,IDN,Yogyakarta,Yogyakarta,ID-YO,special region,,457.6,,,3,Asia/Jakarta,TRUE,1360881340
Titidihan,Titidihan,,0.5081,109.1070,Indonesia,ID,IDN,Kalimantan Barat,Kalimantan Barat,ID-KB,province,,142.2,,,4,Asia/Pontianak,FALSE,1360809493
Wapomaru,Wapomaru,Wappomarroe|Wapomaroe|Wapomoroe|Wappomarru,-5.4182,123.0672,Indonesia,ID,IDN,Sulawesi Tenggara,Sulawesi Tenggara,ID-SG,province,,117.2,,,4,Asia/Makassar,FALSE,1360930489
Kemangujung,Kemangujung,,-6.4964,106.7431,Indonesia,ID,IDN,Jawa Barat,Jawa Barat,ID-JB,province,,2169.9,,,2,Asia/Jakarta,FALSE,1360067164
Saguruk,Saguruk,,-1.3442,99.0557,Indonesia,ID,IDN,Sumatera Barat,Sumatera Barat,ID-SB,province,,13.6,,,4,Asia/Jakarta,FALSE,1360399850
Belambangan,Belambangan,,-4.0470,103.8410,Indonesia,ID,IDN,Sumatera Selatan,Sumatera Selatan,ID-SS,province,,85.3,,,4,Asia/Jakarta,FALSE,1360497651
Panimbang,Panimbang,,-6.1967,106.0975,Indonesia,ID,IDN,Banten,Banten,ID-BT,province,,1080.6,,,3,Asia/Jakarta,FALSE,1360010659
Panimbang,Panimbang,,-6.4943,105.7961,Indonesia,ID,IDN,Banten,Banten,ID-BT,province,minor,460.1,,,3,Asia/Jakarta,TRUE,1360144513
Puton,Puton,,-7.0035,109.6427,Indonesia,ID,IDN,Jawa Tengah,Jawa Tengah,ID-JT,province,,896.1,,,3,Asia/Jakarta,FALSE,1360005915
Cijambe Satu,Cijambe Satu,,-7.3521,106.5661,Indonesia,ID,IDN,Jawa Barat,Jawa Barat,ID-JB,province,,633.7,,,3,Asia/Jakarta,FALSE,1360942872
Cijambe Satu,Cijambe Satu,,-7.2157,106.5342,Indonesia,ID,IDN,Jawa Barat,Jawa Barat,ID-JB,province,,633.7,,,3,Asia/Jakarta,TRUE,1360025012
Cijambe Satu,Cijambe Satu,,-7.1151,106.8217,Indonesia,ID,IDN,Jawa Barat,Jawa Barat,ID-JB,province,,633.7,,,3,Asia/Jakarta,TRUE,1360666671
Biwar Binnem,Biwar Binnem,Biwar-Binnen,-5.4384,138.6074,Indonesia,ID,IDN,Papua Selatan,Papua Selatan,ID-PS,,,5.0,,,5,Asia/Jayapura,FALSE,1360083229
Kalimantongbaru,Kalimantongbaru,,-8.7842,116.8784,Indonesia,ID,IDN,Nusa Tenggara Barat,Nusa Tenggara Barat,ID-NB,province,,77.0,,,4,Asia/Makassar,FALSE,1360961309
Puton,Puton,,-7.6358,112.2399,Indonesia,ID,IDN,Jawa Timur,Jawa Timur,ID-JI,province,,1174.4,,,3,Asia/Jakarta,FALSE,1360582444
Puton,Puton,,-7.8175,111.3078,Indonesia,ID,IDN,Jawa Timur,Jawa Timur,ID-JI,province,,558.6,,,3,Asia/Jakarta,TRUE,1360748919
Gasian,Gasian,,-7.7667,110.1000,Indonesia,ID,IDN,Jawa Tengah,Jawa Tengah,ID-JT,province,,629.0,,,3,Asia/Jakarta,FALSE,1360030503
Sawangan Barat,Sawangan Barat,,-7.3952,108.7359,Indonesia,ID,IDN,Jawa Tengah,Jawa Tengah,ID-JT,province,,708.0,,,3,Asia/Jakarta,FALSE,1360285037
Pasirteureup,Pasirteureup,,-6.2508,106.3672,Indonesia,ID,IDN,Banten,Banten,ID-BT,province,,1080.6,,,3,Asia/Jakarta,FALSE,1360206917
Lampayang,Lampayang,Lampadjang,-7.1690,108.3563,Indonesia,ID,IDN,Jawa Barat,Jawa Barat,ID-JB,province,,590.8,,,3,Asia/Jakarta,FALSE,1360942371
Tongkok,Tongkok,,-3.9560,103.2380,Indonesia,ID,IDN,Sumatera Selatan,Sumatera Selatan,ID-SS,province,,85.0,,,4,Asia/Jakarta,FALSE,1360033353
Sidoleksono,Sidoleksono,,3.6624,98.7305,Indonesia,ID,IDN,Sumatera Utara,Sumatera Utara,ID-SU,province,,902.6,,,3,Asia/Jakarta,FALSE,1360434029
Sikuwung,Sikuwung,,-7.5183,110.3000,Indonesia,ID,IDN,Jawa Tengah,Jawa Tengah,ID-JT,province,,1113.4,,,3,Asia/Jakarta,FALSE,1360405998
Sungaijauh,Sungaijauh,,-2.5979,102.7563,Indonesia,ID,IDN,Sumatera Selatan,Sumatera Selatan,ID-SS,province,,49.3,,,4,Asia/Jakarta,FALSE,1360483204
Batukeah,Batukeah,,-10.3340,123.5752,Indonesia,ID,IDN,Nusa Tenggara Timur,Nusa Tenggara Timur,ID-NT,province,,74.4,,,4,Asia/Makassar,FALSE,1360024062
Jogonalan,Jogonalan,,-7.9389,110.2008,Indonesia,ID,IDN,Yogyakarta,Yogyakarta,ID-YO,special region,,664.1,,,3,Asia/Jakarta,FALSE,1360034066
Maruyungsari,Maruyungsari,,-7.5176,108.7307,Indonesia,ID,IDN,Jawa Barat,Jawa Barat,ID-JB,province,minor,590.8,,,3,Asia/Jakarta,FALSE,1360309562
Ngrancang Dua,Ngrancang Dua,,-7.5367,111.2847,Indonesia,ID,IDN,Jawa Timur,Jawa Timur,ID-JI,province,,586.3,,,3,Asia/Jakarta,FALSE,1360338558
Bagan,Bagan,,-7.4158,111.0464,Indonesia,ID,IDN,Jawa Tengah,Jawa Tengah,ID-JT,province,,911.2,,,3,Asia/Jakarta,FALSE,1360027949
Rowo Wetan,Rowo Wetan,,-7.3239,110.2200,Indonesia,ID,IDN,Jawa Tengah,Jawa Tengah,ID-JT,province,,851.9,,,3,Asia/Jakarta,FALSE,1360030840
Saronggecampaka,Saronggecampaka,,-6.7672,107.0369,Indonesia,ID,IDN,Jawa Barat,Jawa Barat,ID-JB,province,,666.6,,,3,Asia/Jakarta,FALSE,1360027805
Parimono,Parimono,,-6.7373,110.6989,Indonesia,ID,IDN,Jawa Tengah,Jawa Tengah,ID-JT,province,,1152.9,,,3,Asia/Jakarta,FALSE,1360005217
Parimono,Parimono,,-7.5678,110.2356,Indonesia,ID,IDN,Jawa Tengah,Jawa Tengah,ID-JT,province,,1113.4,,,3,Asia/Jakarta,TRUE,1360236124
Kee,Kee,,-9.7327,124.7264,Indonesia,ID,IDN,Nusa Tenggara Timur,Nusa Tenggara Timur,ID-NT,province,,125.8,,,4,Asia/Makassar,FALSE,1360119258
Parimono,Parimono,,-7.5684,112.2379,Indonesia,ID,IDN,Jawa Timur,Jawa Timur,ID-JI,province,,1174.4,,,3,Asia/Jakarta,FALSE,1360040547
Batugoyang,Batugoyang,Batugojang|Batoegojang,-6.9300,134.2010,Indonesia,ID,IDN,Maluku,Maluku,ID-MA,province,,14.0,,,4,Asia/Jayapura,FALSE,1360300044
Segropyak,Segropyak,,-7.8797,111.6067,Indonesia,ID,IDN,Jawa Timur,Jawa Timur,ID-JI,province,,601.1,,,3,Asia/Jakarta,FALSE,1360104870
Kampung Arab,Kampung Arab,,-9.6456,120.2555,Indonesia,ID,IDN,Nusa Tenggara Timur,Nusa Tenggara Timur,ID-NT,province,,40.2,,,4,Asia/Makassar,FALSE,1360903922
Slema'an,Slema'an,,-7.0603,113.3046,Indonesia,ID,IDN,Jawa Timur,Jawa Timur,ID-JI,province,,857.7,,,3,Asia/Jakarta,FALSE,1360499845
Bongos Dua,Bongos Dua,,-7.9792,110.2550,Indonesia,ID,IDN,Yogyakarta,Yogyakarta,ID-YO,special region,,2161.9,,,2,Asia/Jakarta,FALSE,1360573735
Prembon,Prembon,,-8.7507,115.5083,Indonesia,ID,IDN,Bali,Bali,ID-BA,province,,593.0,,,3,Asia/Makassar,FALSE,1360406890
Bayung Kulon,Bayung Kulon,,-7.5583,112.7180,Indonesia,ID,IDN,Jawa Timur,Jawa Timur,ID-JI,province,,4310.3,,,2,Asia/Jakarta,FALSE,1360023291
Kedunglempung,Kedunglempung,,-7.4133,109.0883,Indonesia,ID,IDN,Jawa Tengah,Jawa Tengah,ID-JT,province,,1174.8,,,3,Asia/Jakarta,FALSE,1360099132
Kedunglempung,Kedunglempung,,-7.0041,109.4820,Indonesia,ID,IDN,Jawa Tengah,Jawa Tengah,ID-JT,province,,1115.9,,,3,Asia/Jakarta,TRUE,1360698709
Bengle Dua,Bengle Dua,,-8.1061,110.6219,Indonesia,ID,IDN,Yogyakarta,Yogyakarta,ID-YO,special region,,457.6,,,3,Asia/Jakarta,FALSE,1360045031
Bisahoma,Bisahoma,Besahoma,-9.4991,124.3707,Indonesia,ID,IDN,Nusa Tenggara Timur,Nusa Tenggara Timur,ID-NT,province,,100.9,,,4,Asia/Makassar,FALSE,1360019503
Meukocotme,Meukocotme,Meukotjotme,5.1571,97.0282,Indonesia,ID,IDN,Aceh,Aceh,ID-AC,special region,,475.8,,,3,Asia/Jakarta,FALSE,1360400101
Pengarep,Pengarep,,-7.7467,110.4317,Indonesia,ID,IDN,Yogyakarta,Yogyakarta,ID-YO,special region,,2319.5,,,2,Asia/Jakarta,FALSE,1360095793
Jetissari,Jetissari,,-7.6433,110.4200,Indonesia,ID,IDN,Yogyakarta,Yogyakarta,ID-YO,special region,,2319.5,,,2,Asia/Jakarta,FALSE,1360498156
Ngembul,Ngembul,,-7.4239,110.8319,Indonesia,ID,IDN,Jawa Tengah,Jawa Tengah,ID-JT,province,,911.2,,,3,Asia/Jakarta,FALSE,1360857565
Kawunganten Baru,Kawunganten Baru,,-6.4847,107.7319,Indonesia,ID,IDN,Jawa Barat,Jawa Barat,ID-JB,province,,751.4,,,3,Asia/Jakarta,FALSE,1360094951
Nakula,Nakula,,-6.7658,108.2300,Indonesia,ID,IDN,Jawa Barat,Jawa Barat,ID-JB,province,,918.7,,,3,Asia/Jakarta,FALSE,1360602404
Teropongbintang,Teropongbintang,,-6.8208,107.6164,Indonesia,ID,IDN,Jawa Barat,Jawa Barat,ID-JB,province,,1300.1,,,3,Asia/Jakarta,FALSE,1360162228
Pantailango,Pantailango,,-1.1592,116.7498,Indonesia,ID,IDN,Kalimantan Timur,Kalimantan Timur,ID-KI,province,,58.9,,,4,Asia/Makassar,FALSE,1360024132
Meteng Tengah,Meteng Tengah,,-7.1387,113.3383,Indonesia,ID,IDN,Jawa Timur,Jawa Timur,ID-JI,province,,857.7,,,3,Asia/Jakarta,FALSE,1360537250
Montonggalur,Montonggalur,,-8.5343,116.1623,Indonesia,ID,IDN,Nusa Tenggara Barat,Nusa Tenggara Barat,ID-NB,province,,799.9,,,3,Asia/Makassar,FALSE,1360088256
Timupungkang,Timupungkang,,-8.5394,120.0098,Indonesia,ID,IDN,Nusa Tenggara Timur,Nusa Tenggara Timur,ID-NT,province,,88.6,,,4,Asia/Makassar,FALSE,1360592930
Walahar Hilir,Walahar Hilir,,-6.7697,107.1897,Indonesia,ID,IDN,Jawa Barat,Jawa Barat,ID-JB,province,,666.6,,,3,Asia/Jakarta,FALSE,1360913696
Tomagoba,Tomagoba,,0.6653,127.4381,Indonesia,ID,IDN,Maluku Utara,Maluku Utara,ID-MU,province,,75.5,,,4,Asia/Jayapura,FALSE,1360615991
Kamurang Wetan,Kamurang Wetan,,-6.3314,107.0936,Indonesia,ID,IDN,Jawa Barat,Jawa Barat,ID-JB,province,,3403.8,,,2,Asia/Jakarta,FALSE,1360089565
Dukuh Udik,Dukuh Udik,,-6.5694,106.6567,Indonesia,ID,IDN,Jawa Barat,Jawa Barat,ID-JB,province,,2169.9,,,2,Asia/Jakarta,FALSE,1360999709
Kwagean,Kwagean,,-7.7875,110.5925,Indonesia,ID,IDN,Jawa Tengah,Jawa Tengah,ID-JT,province,,1721.4,,,3,Asia/Jakarta,FALSE,1360012518
Kwagean,Kwagean,,-7.6272,110.7069,Indonesia,ID,IDN,Jawa Tengah,Jawa Tengah,ID-JT,province,,1721.4,,,3,Asia/Jakarta,TRUE,1360720155
Kwagean,Kwagean,,-7.7214,110.7256,Indonesia,ID,IDN,Jawa Tengah,Jawa Tengah,ID-JT,province,,1721.4,,,3,Asia/Jakarta,TRUE,1360607134
Kwagean,Kwagean,,-7.6186,110.7636,Indonesia,ID,IDN,Jawa Tengah,Jawa Tengah,ID-JT,province,,1719.0,,,3,Asia/Jakarta,TRUE,1360003855
Kwagean,Kwagean,Kuwagean,-7.4389,110.5603,Indonesia,ID,IDN,Jawa Tengah,Jawa Tengah,ID-JT,province,,989.0,,,3,Asia/Jakarta,TRUE,1360006954
Kwagean,Kwagean,,-7.2333,110.0353,Indonesia,ID,IDN,Jawa Tengah,Jawa Tengah,ID-JT,province,,851.9,,,3,Asia/Jakarta,TRUE,1360057671
Kwagean,Kwagean,,-7.2867,110.0661,Indonesia,ID,IDN,Jawa Tengah,Jawa Tengah,ID-JT,province,,851.9,,,3,Asia/Jakarta,TRUE,1360325497
Cilebok,Cilebok,,-7.4064,109.5842,Indonesia,ID,IDN,Jawa Tengah,Jawa Tengah,ID-JT,province,,784.3,,,3,Asia/Jakarta,FALSE,1360222487
Telagsaid,Telagsaid,,3.9160,98.2820,Indonesia,ID,IDN,Sumatera Utara,Sumatera Utara,ID-SU,province,,166.6,,,4,Asia/Jakarta,FALSE,1360488445
Genting,Genting,,4.4873,96.8758,Indonesia,ID,IDN,Aceh,Aceh,ID-AC,special region,,46.3,,,4,Asia/Jakarta,FALSE,1360047195
Anyer,Anyer,,-7.1812,113.1919,Indonesia,ID,IDN,Jawa Timur,Jawa Timur,ID-JI,province,,857.7,,,3,Asia/Jakarta,FALSE,1360073049
Lagundia,Lagundia,,-6.0513,120.4933,Indonesia,ID,IDN,Sulawesi Selatan,Sulawesi Selatan,ID-SN,province,,122.0,,,4,Asia/Makassar,FALSE,1360705015
Selakencana,Selakencana,,-6.8063,108.5983,Indonesia,ID,IDN,Jawa Barat,Jawa Barat,ID-JB,province,,2095.8,,,2,Asia/Jakarta,FALSE,1360099550
Londa,Londa,,-3.0194,119.8755,Indonesia,ID,IDN,Sulawesi Selatan,Sulawesi Selatan,ID-SN,province,,167.2,,,4,Asia/Makassar,FALSE,1360329493
Lalonggopi,Lalonggopi,,-3.8186,121.2697,Indonesia,ID,IDN,Sulawesi Tenggara,Sulawesi Tenggara,ID-SG,province,,66.0,,,4,Asia/Makassar,FALSE,1360003076
Kutapao,Kutapao,,-8.8713,121.2048,Indonesia,ID,IDN,Nusa Tenggara Timur,Nusa Tenggara Timur,ID-NT,province,,122.9,,,4,Asia/Makassar,FALSE,1360372945
Tomori,Tomori,,-0.6400,127.4884,Indonesia,ID,IDN,Maluku Utara,Maluku Utara,ID-MU,province,,42.6,,,4,Asia/Jayapura,FALSE,1360028937
Tanjung Baru,Tanjung Baru,,1.8070,99.6330,Indonesia,ID,IDN,Sumatera Utara,Sumatera Utara,ID-SU,province,,83.0,,,4,Asia/Jakarta,FALSE,1360619923
Babakanjawa,Babakanjawa,,-6.2933,107.0036,Indonesia,ID,IDN,Jawa Barat,Jawa Barat,ID-JB,province,,14036.4,,,2,Asia/Jakarta,FALSE,1360161507
Babakanjawa,Babakanjawa,,-6.8436,108.2303,Indonesia,ID,IDN,Jawa Barat,Jawa Barat,ID-JB,province,,918.7,,,3,Asia/Jakarta,TRUE,1360453003
Babakanjawa,Babakanjawa,,-6.4267,107.6333,Indonesia,ID,IDN,Jawa Barat,Jawa Barat,ID-JB,province,,751.4,,,3,Asia/Jakarta,TRUE,1360597837
Babakanjawa,Babakanjawa,,-7.2597,108.1786,Indonesia,ID,IDN,Jawa Barat,Jawa Barat,ID-JB,province,,678.9,,,3,Asia/Jakarta,TRUE,1360043901
Babakanjawa,Babakanjawa,,-6.8928,106.9128,Indonesia,ID,IDN,Jawa Barat,Jawa Barat,ID-JB,province,,633.7,,,3,Asia/Jakarta,TRUE,1360745697
Cilongkrangpusaka,Cilongkrangpusaka,,-6.2263,106.0253,Indonesia,ID,IDN,Banten,Banten,ID-BT,province,minor,1080.6,,,3,Asia/Jakarta,FALSE,1360014464
Matawaikurang,Matawaikurang,,-9.5877,119.8403,Indonesia,ID,IDN,Nusa Tenggara Timur,Nusa Tenggara Timur,ID-NT,province,,44.0,,,4,Asia/Makassar,FALSE,1360297491
Tiwulewu,Tiwulewu,,-8.6446,121.5467,Indonesia,ID,IDN,Nusa Tenggara Timur,Nusa Tenggara Timur,ID-NT,province,,132.1,,,4,Asia/Makassar,FALSE,1360153708
Buik,Buik,,-8.6876,116.4256,Indonesia,ID,IDN,Nusa Tenggara Barat,Nusa Tenggara Barat,ID-NB,province,,802.6,,,3,Asia/Makassar,FALSE,1360650490
Damar,Damar,,-8.6809,120.3050,Indonesia,ID,IDN,Nusa Tenggara Timur,Nusa Tenggara Timur,ID-NT,province,,89.0,,,4,Asia/Makassar,FALSE,1360814352
Rorahmakam,Rorahmakam,Rorahmakan,-6.5904,105.6319,Indonesia,ID,IDN,Banten,Banten,ID-BT,province,,460.1,,,3,Asia/Jakarta,FALSE,1360589130
Cimuli Hilir,Cimuli Hilir,,-6.5974,106.1467,Indonesia,ID,IDN,Banten,Banten,ID-BT,province,,432.7,,,3,Asia/Jakarta,FALSE,1360022921
Todao,Todao,,-2.8496,119.9749,Indonesia,ID,IDN,Sulawesi Selatan,Sulawesi Selatan,ID-SN,province,,127.0,,,4,Asia/Makassar,FALSE,1360543134
Bojongsari Satu,Bojongsari Satu,,-6.6153,106.5408,Indonesia,ID,IDN,Jawa Barat,Jawa Barat,ID-JB,province,,2169.9,,,2,Asia/Jakarta,FALSE,1360406471
Balerejo Lor,Balerejo Lor,,-8.2812,112.7789,Indonesia,ID,IDN,Jawa Timur,Jawa Timur,ID-JI,province,,761.0,,,3,Asia/Jakarta,FALSE,1360829841
Tanujayan,Tanujayan,,-7.7433,110.5950,Indonesia,ID,IDN,Jawa Tengah,Jawa Tengah,ID-JT,province,,1721.4,,,3,Asia/Jakarta,FALSE,1360021793
Munyau,Munyau,Munjau|Moenjau,0.7957,110.4584,Indonesia,ID,IDN,Kalimantan Barat,Kalimantan Barat,ID-KB,province,,36.2,,,4,Asia/Pontianak,FALSE,1360030223
Aek Bargot,Aek Bargot,,1.4370,99.4590,Indonesia,ID,IDN,Sumatera Utara,Sumatera Utara,ID-SU,province,,458.6,,,3,Asia/Jakarta,FALSE,1360886989
Aek Bargot,Aek Bargot,,1.2040,99.5800,Indonesia,ID,IDN,Sumatera Utara,Sumatera Utara,ID-SU,province,,53.3,,,4,Asia/Jakarta,TRUE,1360853060
Dokabila,Dokabila,,-9.4690,119.1479,Indonesia,ID,IDN,Nusa Tenggara Timur,Nusa Tenggara Timur,ID-NT,province,,260.9,,,3,Asia/Makassar,FALSE,1360996384
Tumpuk,Tumpuk,,-7.7148,112.8142,Indonesia,ID,IDN,Jawa Timur,Jawa Timur,ID-JI,province,,1127.0,,,3,Asia/Jakarta,FALSE,1360978700
Tumpuk,Tumpuk,,-7.7206,112.9089,Indonesia,ID,IDN,Jawa Timur,Jawa Timur,ID-JI,province,,1127.0,,,3,Asia/Jakarta,TRUE,1360888844
Tumpuk,Tumpuk,,-7.9695,111.8705,Indonesia,ID,IDN,Jawa Timur,Jawa Timur,ID-JI,province,,912.2,,,3,Asia/Jakarta,TRUE,1360482168
Tumpuk,Tumpuk,Toempoek,-8.2297,111.7867,Indonesia,ID,IDN,Jawa Timur,Jawa Timur,ID-JI,province,,912.2,,,3,Asia/Jakarta,TRUE,1360714876
Tumpuk,Tumpuk,,-8.1106,112.0782,Indonesia,ID,IDN,Jawa Timur,Jawa Timur,ID-JI,province,,679.4,,,3,Asia/Jakarta,TRUE,1360027158
Tumpuk,Tumpuk,,-8.0987,112.3289,Indonesia,ID,IDN,Jawa Timur,Jawa Timur,ID-JI,province,,671.1,,,3,Asia/Jakarta,TRUE,1360347026
Tumpuk,Tumpuk,,-7.9008,111.3525,Indonesia,ID,IDN,Jawa Timur,Jawa Timur,ID-JI,province,,601.1,,,3,Asia/Jakarta,TRUE,1360929921
Tumpuk,Tumpuk,,-7.8100,111.5848,Indonesia,ID,IDN,Jawa Timur,Jawa Timur,ID-JI,province,,601.1,,,3,Asia/Jakarta,TRUE,1360442123
Tumpuk,Tumpuk,,-8.0548,111.6470,Indonesia,ID,IDN,Jawa Timur,Jawa Timur,ID-JI,province,minor,559.8,,,3,Asia/Jakarta,TRUE,1360906156
Tumpuk,Tumpuk,,-8.1742,111.3183,Indonesia,ID,IDN,Jawa Timur,Jawa Timur,ID-JI,province,,392.8,,,3,Asia/Jakarta,TRUE,1360860237
Simempar,Simempar,,3.0801,98.6893,Indonesia,ID,IDN,Sumatera Utara,Sumatera Utara,ID-SU,province,,902.6,,,3,Asia/Jakarta,FALSE,1360488286
Rernam,Rernam,,3.5972,98.4782,Indonesia,ID,IDN,Sumatera Utara,Sumatera Utara,ID-SU,province,,4760.0,,,2,Asia/Jakarta,FALSE,1360199969
Pengguyangan,Pengguyangan,,-7.0642,107.5136,Indonesia,ID,IDN,Jawa Barat,Jawa Barat,ID-JB,province,,1899.0,,,3,Asia/Jakarta,FALSE,1360615198
Lhok Gulito,Lhok Gulito,,5.1890,97.4440,Indonesia,ID,IDN,Aceh,Aceh,ID-AC,special region,,234.2,,,3,Asia/Jakarta,FALSE,1360592822
Sidowaras,Sidowaras,,-5.0468,105.2308,Indonesia,ID,IDN,Lampung,Lampung,ID-LA,province,,327.2,,,3,Asia/Jakarta,FALSE,1360298919
Tial-islam,Tial-islam,,-3.6332,128.3330,Indonesia,ID,IDN,Maluku,Maluku,ID-MA,province,,60.3,,,4,Asia/Jayapura,FALSE,1360370851
Tingkir,Tingkir,,-6.8248,109.4736,Indonesia,ID,IDN,Jawa Tengah,Jawa Tengah,ID-JT,province,,1115.9,,,3,Asia/Jakarta,FALSE,1360040600
Ganasali,Ganasali,,-7.3070,106.4900,Indonesia,ID,IDN,Jawa Barat,Jawa Barat,ID-JB,province,,633.7,,,3,Asia/Jakarta,FALSE,1360427201
Pardomuan Dua,Pardomuan Dua,Pardomuan 2,3.2990,97.9390,Indonesia,ID,IDN,Aceh,Aceh,ID-AC,special region,,51.4,,,4,Asia/Jakarta,FALSE,1360839127
Pandi,Pandi,,-7.0395,113.7708,Indonesia,ID,IDN,Jawa Timur,Jawa Timur,ID-JI,province,,522.1,,,3,Asia/Jakarta,FALSE,1360038521
Bungkuk,Bungkuk,Boengkoek,-5.4126,105.6239,Indonesia,ID,IDN,Lampung,Lampung,ID-LA,province,,262.3,,,3,Asia/Jakarta,FALSE,1360185335
Plorsorejo Kidul,Plorsorejo Kidul,,-7.9839,110.9414,Indonesia,ID,IDN,Jawa Tengah,Jawa Tengah,ID-JT,province,,481.5,,,3,Asia/Jakarta,FALSE,1360804147
Kepohwagah,Kepohwagah,,-6.9204,112.0237,Indonesia,ID,IDN,Jawa Timur,Jawa Timur,ID-JI,province,,602.9,,,3,Asia/Jakarta,FALSE,1360951444
Tumpuk,Tumpuk,,-6.6735,110.8548,Indonesia,ID,IDN,Jawa Tengah,Jawa Tengah,ID-JT,province,,1493.0,,,3,Asia/Jakarta,FALSE,1360016326
Tumpuk,Tumpuk,,-7.4983,110.9011,Indonesia,ID,IDN,Jawa Tengah,Jawa Tengah,ID-JT,province,,1010.5,,,3,Asia/Jakarta,TRUE,1360270355
Tumpuk,Tumpuk,,-7.2986,110.6125,Indonesia,ID,IDN,Jawa Tengah,Jawa Tengah,ID-JT,province,,890.8,,,3,Asia/Jakarta,TRUE,1360176846
Tumpuk,Tumpuk,,-7.0298,111.0846,Indonesia,ID,IDN,Jawa Tengah,Jawa Tengah,ID-JT,province,,676.8,,,3,Asia/Jakarta,TRUE,1360688067
Tumpuk,Tumpuk,,-7.0927,111.1598,Indonesia,ID,IDN,Jawa Tengah,Jawa Tengah,ID-JT,province,,676.8,,,3,Asia/Jakarta,TRUE,1360787094
Tumpuk,Tumpuk,,-7.9914,111.0458,Indonesia,ID,IDN,Jawa Tengah,Jawa Tengah,ID-JT,province,,481.5,,,3,Asia/Jakarta,TRUE,1360891865
Tumpuk,Tumpuk,,-7.8822,111.1933,Indonesia,ID,IDN,Jawa Tengah,Jawa Tengah,ID-JT,province,,481.5,,,3,Asia/Jakarta,TRUE,1360955173
Siapajulu,Siapajulu,,1.9915,99.0938,Indonesia,ID,IDN,Sumatera Utara,Sumatera Utara,ID-SU,province,,83.1,,,4,Asia/Jakarta,FALSE,1360175858
Sumelo,Sumelo,,-7.1281,112.3283,Indonesia,ID,IDN,Jawa Timur,Jawa Timur,ID-JI,province,,670.4,,,3,Asia/Jakarta,FALSE,1360718248
Umbulan Tulunggelam,Umbulan Tulunggelam,Umbulantulunggelam,-4.2928,105.0935,Indonesia,ID,IDN,Lampung,Lampung,ID-LA,province,,180.0,,,4,Asia/Jakarta,FALSE,1360487933
Bambukuning,Bambukuning,Bamboekoening,-6.1150,106.9647,Indonesia,ID,IDN,Jakarta,Jakarta,ID-JK,special district,,13092.5,,,2,Asia/Jakarta,FALSE,1360758244
Semmis,Semmis,,-3.9112,134.6584,Indonesia,ID,IDN,Papua Barat,Papua Barat,ID-PB,province,,4.6,,,5,Asia/Jayapura,FALSE,1360193523
Pondouma,Pondouma,,-1.3701,116.7050,Indonesia,ID,IDN,Kalimantan Timur,Kalimantan Timur,ID-KI,province,,58.9,,,4,Asia/Makassar,FALSE,1360625234
Kebonengah,Kebonengah,,-6.9811,109.6439,Indonesia,ID,IDN,Jawa Tengah,Jawa Tengah,ID-JT,province,,896.1,,,3,Asia/Jakarta,FALSE,1360570239
Paras Wetan,Paras Wetan,,-7.5247,110.5408,Indonesia,ID,IDN,Jawa Tengah,Jawa Tengah,ID-JT,province,,890.8,,,3,Asia/Jakarta,FALSE,1360892314
Simarongit,Simarongit,,1.1111,99.4484,Indonesia,ID,IDN,Sumatera Utara,Sumatera Utara,ID-SU,province,,83.0,,,4,Asia/Jakarta,FALSE,1360579158
Bondata,Bondata,,-8.1739,124.7852,Indonesia,ID,IDN,Nusa Tenggara Timur,Nusa Tenggara Timur,ID-NT,province,,74.2,,,4,Asia/Makassar,FALSE,1360143064
Bondata,Bondata,,-8.3551,124.8779,Indonesia,ID,IDN,Nusa Tenggara Timur,Nusa Tenggara Timur,ID-NT,province,,74.2,,,4,Asia/Makassar,TRUE,1360701379
Bambukuning,Bambukuning,Bambukuning 1|Bambukuning Satu,-6.4839,106.6775,Indonesia,ID,IDN,Jawa Barat,Jawa Barat,ID-JB,province,,2169.9,,,2,Asia/Jakarta,FALSE,1360024675
Sowan,Sowan,,-7.1097,110.9697,Indonesia,ID,IDN,Jawa Tengah,Jawa Tengah,ID-JT,province,,676.8,,,3,Asia/Jakarta,FALSE,1360711865
Ngijingan,Ngijingan,,-7.5356,112.5971,Indonesia,ID,IDN,Jawa Timur,Jawa Timur,ID-JI,province,,1161.1,,,3,Asia/Jakarta,FALSE,1360887953
Kutabalai,Kutabalai,,3.0840,98.5340,Indonesia,ID,IDN,Sumatera Utara,Sumatera Utara,ID-SU,province,,200.0,,,4,Asia/Jakarta,FALSE,1360331212
Sowan,Sowan,Sawan,-8.2944,111.6962,Indonesia,ID,IDN,Jawa Timur,Jawa Timur,ID-JI,province,,559.8,,,3,Asia/Jakarta,FALSE,1360005417
Pulaukera,Pulaukera,Poelaukera,-10.1000,123.5500,Indonesia,ID,IDN,Nusa Tenggara Timur,Nusa Tenggara Timur,ID-NT,province,,74.4,,,4,Asia/Makassar,FALSE,1360055562
Sirna Tonggoh,Sirna Tonggoh,,-6.6081,107.1656,Indonesia,ID,IDN,Jawa Barat,Jawa Barat,ID-JB,province,,2169.9,,,2,Asia/Jakarta,FALSE,1360871435
Pasekanloji,Pasekanloji,Pasakon 1,-6.7414,107.0403,Indonesia,ID,IDN,Jawa Barat,Jawa Barat,ID-JB,province,,666.6,,,3,Asia/Jakarta,FALSE,1360786480
Kadumerak,Kadumerak,,-6.2922,106.1155,Indonesia,ID,IDN,Banten,Banten,ID-BT,province,,460.1,,,3,Asia/Jakarta,FALSE,1360187024
Tatunsaran,Tatunsaran,,3.1112,99.4147,Indonesia,ID,IDN,Sumatera Utara,Sumatera Utara,ID-SU,province,,174.8,,,4,Asia/Jakarta,FALSE,1360929644
Irambah Tanah,Irambah Tanah,,-4.8659,104.5868,Indonesia,ID,IDN,Lampung,Lampung,ID-LA,province,,275.3,,,3,Asia/Jakarta,FALSE,1360490573
Banjar Tambakasa,Banjar Tambakasa,,-8.3861,115.2919,Indonesia,ID,IDN,Bali,Bali,ID-BA,province,,1514.9,,,3,Asia/Makassar,FALSE,1360004086
Cirantan,Cirantan,,-6.6925,106.8794,Indonesia,ID,IDN,Jawa Barat,Jawa Barat,ID-JB,province,,2169.9,,,2,Asia/Jakarta,FALSE,1360410050
Pekonglebak,Pekonglebak,,-6.1772,106.4625,Indonesia,ID,IDN,Jawa Barat,Jawa Barat,ID-JB,province,,4371.4,,,2,Asia/Jakarta,FALSE,1360714547
Wolobapa,Wolobapa,,-8.7389,122.0352,Indonesia,ID,IDN,Nusa Tenggara Timur,Nusa Tenggara Timur,ID-NT,province,,202.1,,,3,Asia/Makassar,FALSE,1360142815
Pecabean Wetan,Pecabean Wetan,,-6.9496,109.1537,Indonesia,ID,IDN,Jawa Tengah,Jawa Tengah,ID-JT,province,,1406.9,,,3,Asia/Jakarta,FALSE,1360683117
Payabakal,Payabakal,,-3.2387,104.4012,Indonesia,ID,IDN,Sumatera Selatan,Sumatera Selatan,ID-SS,province,,110.7,,,4,Asia/Jakarta,FALSE,1360038175
Pantaibaru,Pantaibaru,,-8.5247,123.4533,Indonesia,ID,IDN,Nusa Tenggara Timur,Nusa Tenggara Timur,ID-NT,province,,120.1,,,4,Asia/Makassar,FALSE,1360024747
Sanggararum,Sanggararum,,-7.6234,112.3038,Indonesia,ID,IDN,Jawa Timur,Jawa Timur,ID-JI,province,,1174.4,,,3,Asia/Jakarta,FALSE,1360902491
Capeueng,Capeueng,Yapueng|Tjapueng|Japueng,5.3734,95.5369,Indonesia,ID,IDN,Aceh,Aceh,ID-AC,special region,,153.5,,,4,Asia/Jakarta,FALSE,1360637555
Penajam,Penajam,Panajam|Penadjam,-1.2492,116.7697,Indonesia,ID,IDN,Kalimantan Timur,Kalimantan Timur,ID-KI,province,minor,58.9,,,3,Asia/Makassar,FALSE,1360446425
Talang Kembangumur,Talang Kembangumur,,-2.7951,103.9637,Indonesia,ID,IDN,Sumatera Selatan,Sumatera Selatan,ID-SS,province,,39.4,,,4,Asia/Jakarta,FALSE,1360500459
Lette,Lette,,-5.1902,119.3903,Indonesia,ID,IDN,Sulawesi Selatan,Sulawesi Selatan,ID-SN,province,,10683.2,,,2,Asia/Makassar,FALSE,1360302238
Meyenda,Meyenda,,-1.7702,133.0174,Indonesia,ID,IDN,Papua Barat,Papua Barat,ID-PB,province,,3.3,,,5,Asia/Jayapura,FALSE,1360038573
Dauniliran,Dauniliran,,-5.8368,112.7053,Indonesia,ID,IDN,Jawa Timur,Jawa Timur,ID-JI,province,,1182.2,,,3,Asia/Jakarta,FALSE,1360039520
Talang Sembetung,Talang Sembetung,,-4.8094,103.9954,Indonesia,ID,IDN,Sumatera Selatan,Sumatera Selatan,ID-SS,province,,78.4,,,4,Asia/Jakarta,FALSE,1360016088
Mekarjaya,Mekarjaya,,0.6560,122.4914,Indonesia,ID,IDN,Gorontalo,Gorontalo,ID-GO,province,,88.9,,,4,Asia/Makassar,FALSE,1360341753
Mekarjaya,Mekarjaya,,0.5012,122.3475,Indonesia,ID,IDN,Gorontalo,Gorontalo,ID-GO,province,,88.9,,,4,Asia/Makassar,TRUE,1360464647
Hutahariaranauli,Hutahariaranauli,,1.7177,98.8219,Indonesia,ID,IDN,Sumatera Utara,Sumatera Utara,ID-SU,province,,1972.9,,,3,Asia/Jakarta,FALSE,1360239117
Lamukuni,Lamukuni,,-3.9325,122.1638,Indonesia,ID,IDN,Sulawesi Tenggara,Sulawesi Tenggara,ID-SG,province,,58.1,,,4,Asia/Makassar,FALSE,1360541420
Pemulang Permai Dua,Pemulang Permai Dua,Pemulang Permai 2,-6.3297,106.7042,Indonesia,ID,IDN,Jawa Barat,Jawa Barat,ID-JB,province,,9038.3,,,2,Asia/Jakarta,FALSE,1360213017
Banjar Belumbang Tengah,Banjar Belumbang Tengah,,-8.5488,115.0629,Indonesia,ID,IDN,Bali,Bali,ID-BA,province,minor,543.3,,,3,Asia/Makassar,FALSE,1360206280
Alue Kiran,Alue Kiran,,5.1720,97.4200,Indonesia,ID,IDN,Aceh,Aceh,ID-AC,special region,,234.2,,,3,Asia/Jakarta,FALSE,1360020021
Rengesan,Rengesan,,-7.4584,107.5004,Indonesia,ID,IDN,Jawa Barat,Jawa Barat,ID-JB,province,,909.3,,,3,Asia/Jakarta,FALSE,1360262585
Japah,Japah,,-6.7331,111.2080,Indonesia,ID,IDN,Jawa Tengah,Jawa Tengah,ID-JT,province,,818.0,,,3,Asia/Jakarta,FALSE,1360041176
Japah,Japah,Djapoh|Japoh|Djapah,-6.9423,111.2903,Indonesia,ID,IDN,Jawa Tengah,Jawa Tengah,ID-JT,province,minor,432.6,,,3,Asia/Jakarta,TRUE,1360420315
Kualahitam,Kualahitam,,3.6860,98.4055,Indonesia,ID,IDN,Sumatera Utara,Sumatera Utara,ID-SU,province,,166.6,,,4,Asia/Jakarta,FALSE,1360986472
Cepit,Cepit,,-7.7414,110.5119,Indonesia,ID,IDN,Jawa Tengah,Jawa Tengah,ID-JT,province,,1721.4,,,3,Asia/Jakarta,FALSE,1360565325
Cepit,Cepit,,-7.5028,110.1008,Indonesia,ID,IDN,Jawa Tengah,Jawa Tengah,ID-JT,province,,1113.4,,,3,Asia/Jakarta,TRUE,1360022952
Cepit,Cepit,,-7.1199,109.9097,Indonesia,ID,IDN,Jawa Tengah,Jawa Tengah,ID-JT,province,,1002.7,,,3,Asia/Jakarta,TRUE,1360333842
Cepit,Cepit,Tjepit,-7.2414,110.6736,Indonesia,ID,IDN,Jawa Tengah,Jawa Tengah,ID-JT,province,,890.8,,,3,Asia/Jakarta,TRUE,1360760488
Cepit,Cepit,,-7.5169,110.7142,Indonesia,ID,IDN,Jawa Tengah,Jawa Tengah,ID-JT,province,,890.8,,,3,Asia/Jakarta,TRUE,1360297728
Cepit,Cepit,,-7.2739,110.0619,Indonesia,ID,IDN,Jawa Tengah,Jawa Tengah,ID-JT,province,,851.9,,,3,Asia/Jakarta,TRUE,1360397619
Cipoek,Cipoek,Tjipowek,-7.0612,107.1682,Indonesia,ID,IDN,Jawa Barat,Jawa Barat,ID-JB,province,,666.6,,,3,Asia/Jakarta,FALSE,1360615390
Karangpaningal,Karangpaningal,,-7.4365,108.6664,Indonesia,ID,IDN,Jawa Barat,Jawa Barat,ID-JB,province,minor,590.8,,,3,Asia/Jakarta,FALSE,1360019934
Montonglesong,Montonglesong,,-8.7900,116.3706,Indonesia,ID,IDN,Nusa Tenggara Barat,Nusa Tenggara Barat,ID-NB,province,,782.4,,,3,Asia/Makassar,FALSE,1360389519
Penu,Penu,Penoe,-1.7008,125.1080,Indonesia,ID,IDN,Maluku Utara,Maluku Utara,ID-MU,province,,47.2,,,4,Asia/Jayapura,FALSE,1360474038
Beikoti,Beikoti,,-9.0800,125.0317,Indonesia,ID,IDN,Nusa Tenggara Timur,Nusa Tenggara Timur,ID-NT,province,,200.3,,,3,Asia/Makassar,FALSE,1360085130
Umbulan Tulungbuluh,Umbulan Tulungbuluh,,-4.6119,104.7969,Indonesia,ID,IDN,Lampung,Lampung,ID-LA,province,,275.3,,,3,Asia/Jakarta,FALSE,1360190362
Umbulan Tulungbuluh,Umbulan Tulungbuluh,Umbulantulungbuluh,-4.3334,104.5341,Indonesia,ID,IDN,Lampung,Lampung,ID-LA,province,,119.6,,,4,Asia/Jakarta,TRUE,1360012940
Nongkojajar,Nongkojajar,,-7.4406,110.6697,Indonesia,ID,IDN,Jawa Tengah,Jawa Tengah,ID-JT,province,,890.8,,,3,Asia/Jakarta,FALSE,1360413892
Menur,Menur,,-6.6114,108.2867,Indonesia,ID,IDN,Jawa Barat,Jawa Barat,ID-JB,province,,917.0,,,3,Asia/Jakarta,FALSE,1360293355
Bawangkijang,Bawangkijang,Umbulan Bawanglapu,-5.4386,105.6790,Indonesia,ID,IDN,Lampung,Lampung,ID-LA,province,,262.3,,,3,Asia/Jakarta,FALSE,1360004339
Bawangkijang,Bawangkijang,,-5.2505,105.5043,Indonesia,ID,IDN,Lampung,Lampung,ID-LA,province,,262.3,,,3,Asia/Jakarta,TRUE,1360839190
Jlupominggiran,Jlupominggiran,,-7.4289,110.1814,Indonesia,ID,IDN,Jawa Tengah,Jawa Tengah,ID-JT,province,,1113.4,,,3,Asia/Jakarta,FALSE,1360129108
Kane,Kane,,-9.8815,124.6544,Indonesia,ID,IDN,Nusa Tenggara Timur,Nusa Tenggara Timur,ID-NT,province,,125.8,,,4,Asia/Makassar,FALSE,1360756897
Totira,Totira,,-2.8467,119.8606,Indonesia,ID,IDN,Sulawesi Selatan,Sulawesi Selatan,ID-SN,province,,167.2,,,4,Asia/Makassar,FALSE,1360597861
Bagotsinuan,Bagotsinuan,,3.0040,98.8011,Indonesia,ID,IDN,Sumatera Utara,Sumatera Utara,ID-SU,province,,174.8,,,4,Asia/Jakarta,FALSE,1360246045
Jungjang,Jungjang,,-6.9649,113.6027,Indonesia,ID,IDN,Jawa Timur,Jawa Timur,ID-JI,province,,1149.1,,,3,Asia/Jakarta,FALSE,1360105593
Jungjang,Jungjang,,-6.9502,113.9907,Indonesia,ID,IDN,Jawa Timur,Jawa Timur,ID-JI,province,,522.1,,,3,Asia/Jakarta,TRUE,1360989740
Cot Manyang,Cot Manyang,Tjotmanjang,5.0940,97.4130,Indonesia,ID,IDN,Aceh,Aceh,ID-AC,special region,,234.2,,,3,Asia/Jakarta,FALSE,1360659060
Bukit Bata,Bukit Bata,,5.0520,97.5179,Indonesia,ID,IDN,Aceh,Aceh,ID-AC,special region,,63.2,,,4,Asia/Jakarta,FALSE,1360742089
Kedungkandang Dua,Kedungkandang Dua,Kedungkandang 2,-7.9875,112.6547,Indonesia,ID,IDN,Jawa Timur,Jawa Timur,ID-JI,province,,11975.9,,,2,Asia/Jakarta,FALSE,1360002914
Katupa,Katupa,Katoepa,-8.1602,118.1434,Indonesia,ID,IDN,Nusa Tenggara Barat,Nusa Tenggara Barat,ID-NB,province,,115.6,,,4,Asia/Makassar,FALSE,1360461955
Kween-selatan,Kween-selatan,,-3.3000,114.5500,Indonesia,ID,IDN,Kalimantan Selatan,Kalimantan Selatan,ID-KS,province,,138.3,,,4,Asia/Makassar,FALSE,1360198476
Rumahkuda,Rumahkuda,Roemahkoeda,-7.5998,127.4161,Indonesia,ID,IDN,Maluku,Maluku,ID-MA,province,,18.0,,,4,Asia/Jayapura,FALSE,1360233154
Sumuran Lor,Sumuran Lor,,-8.2286,113.6771,Indonesia,ID,IDN,Jawa Timur,Jawa Timur,ID-JI,province,,738.0,,,3,Asia/Jakarta,FALSE,1360375559
Perumahan Kejaksaan,Perumahan Kejaksaan,,-7.0456,110.4800,Indonesia,ID,IDN,Jawa Tengah,Jawa Tengah,ID-JT,province,,1221.7,,,3,Asia/Jakarta,FALSE,1360168696
Gondangtani,Gondangtani,,-7.3989,111.1147,Indonesia,ID,IDN,Jawa Tengah,Jawa Tengah,ID-JT,province,,911.2,,,3,Asia/Jakarta,FALSE,1360870506
Pasirgombong Kulon,Pasirgombong Kulon,,-7.4055,106.8834,Indonesia,ID,IDN,Jawa Barat,Jawa Barat,ID-JB,province,,666.6,,,3,Asia/Jakarta,FALSE,1360622484
Bojong Barat,Bojong Barat,,-6.4325,106.8042,Indonesia,ID,IDN,Jawa Barat,Jawa Barat,ID-JB,province,,13377.1,,,2,Asia/Jakarta,FALSE,1360433087
Bojong Barat,Bojong Barat,,-6.7108,107.5006,Indonesia,ID,IDN,Jawa Barat,Jawa Barat,ID-JB,province,,1185.0,,,3,Asia/Jakarta,TRUE,1360873774
Pondok Ginting,Pondok Ginting,,3.4077,98.8542,Indonesia,ID,IDN,Sumatera Utara,Sumatera Utara,ID-SU,province,,332.4,,,3,Asia/Jakarta,FALSE,1360006299
Tarattallu,Tarattallu,,-2.6000,120.3734,Indonesia,ID,IDN,Sulawesi Selatan,Sulawesi Selatan,ID-SN,province,,45.2,,,4,Asia/Makassar,FALSE,1360931310
Cibagolo,Cibagolo,,-6.4989,105.9840,Indonesia,ID,IDN,Banten,Banten,ID-BT,province,,460.1,,,3,Asia/Jakarta,FALSE,1360243019
Jangkrik,Jangkrik,,-8.1378,111.3733,Indonesia,ID,IDN,Jawa Timur,Jawa Timur,ID-JI,province,,418.1,,,3,Asia/Jakarta,FALSE,1360704493
Ngeri,Ngeri,,-8.5618,120.4839,Indonesia,ID,IDN,Nusa Tenggara Timur,Nusa Tenggara Timur,ID-NT,province,,270.4,,,3,Asia/Makassar,FALSE,1360315170
Ulee Kareng,Ulee Kareng,Meuseugituleekareng|Uleekaneng,5.5510,95.3558,Indonesia,ID,IDN,Aceh,Aceh,ID-AC,special region,,1713.4,,,3,Asia/Jakarta,FALSE,1360026831
Kajilata,Kajilata,,-0.8909,119.5819,Indonesia,ID,IDN,Sulawesi Tengah,Sulawesi Tengah,ID-ST,province,,66.7,,,4,Asia/Makassar,FALSE,1360952182
Kedunggedang,Kedunggedang,,-7.1442,110.8331,Indonesia,ID,IDN,Jawa Tengah,Jawa Tengah,ID-JT,province,,676.8,,,3,Asia/Jakarta,FALSE,1360983762
Kedunggedang,Kedunggedang,,-7.3358,111.4269,Indonesia,ID,IDN,Jawa Tengah,Jawa Tengah,ID-JT,province,,432.6,,,3,Asia/Jakarta,TRUE,1360024119
Kedunggoyong,Kedunggoyong,,-7.5131,108.7150,Indonesia,ID,IDN,Jawa Barat,Jawa Barat,ID-JB,province,,590.8,,,3,Asia/Jakarta,FALSE,1360091627
Semadar,Semadar,,-7.8747,111.3156,Indonesia,ID,IDN,Jawa Timur,Jawa Timur,ID-JI,province,,601.1,,,3,Asia/Jakarta,FALSE,1360701890
Ngeksiharjo,Ngeksiharjo,,-7.3114,110.7522,Indonesia,ID,IDN,Jawa Tengah,Jawa Tengah,ID-JT,province,,890.8,,,3,Asia/Jakarta,FALSE,1360019843
Bopoma,Bopoma,,-8.8232,121.0163,Indonesia,ID,IDN,Nusa Tenggara Timur,Nusa Tenggara Timur,ID-NT,province,,99.8,,,4,Asia/Makassar,FALSE,1360520976
Lamkabeue,Lamkabeue,Ladangkabeue,5.3864,95.5766,Indonesia,ID,IDN,Aceh,Aceh,ID-AC,special region,,153.5,,,4,Asia/Jakarta,FALSE,1360682971
Jangkarasem,Jangkarasem,Djangkarasem,-3.0167,108.0833,Indonesia,ID,IDN,Kepulauan Bangka Belitung,Kepulauan Bangka Belitung,ID-BB,province,,53.4,,,4,Asia/Jakarta,FALSE,1360908113
Tambaknegara,Tambaknegara,,-7.5261,109.1956,Indonesia,ID,IDN,Jawa Tengah,Jawa Tengah,ID-JT,province,,1174.8,,,3,Asia/Jakarta,FALSE,1360007237
Limusgantung Barat,Limusgantung Barat,,-6.4093,106.0614,Indonesia,ID,IDN,Banten,Banten,ID-BT,province,,460.1,,,3,Asia/Jakarta,FALSE,1360213650
Lepasan,Lepasan,,-6.5229,110.9777,Indonesia,ID,IDN,Jawa Tengah,Jawa Tengah,ID-JT,province,,818.0,,,3,Asia/Jakarta,FALSE,1360059336
Kurungpuyuh,Kurungpuyuh,,-6.8658,107.1831,Indonesia,ID,IDN,Jawa Barat,Jawa Barat,ID-JB,province,,666.6,,,3,Asia/Jakarta,FALSE,1360503069
Cijeboh,Cijeboh,,-7.5204,107.9436,Indonesia,ID,IDN,Jawa Barat,Jawa Barat,ID-JB,province,,678.9,,,3,Asia/Jakarta,FALSE,1360322976
Barang,Barang,,-8.2192,111.4703,Indonesia,ID,IDN,Jawa Timur,Jawa Timur,ID-JI,province,minor,559.8,,,3,Asia/Jakarta,FALSE,1360920572
Barang,Barang,,-8.0125,111.7373,Indonesia,ID,IDN,Jawa Timur,Jawa Timur,ID-JI,province,,559.8,,,3,Asia/Jakarta,TRUE,1360024224
Barang,Barang,,-8.1983,111.1214,Indonesia,ID,IDN,Jawa Timur,Jawa Timur,ID-JI,province,,392.8,,,3,Asia/Jakarta,TRUE,1360420870
Kebonbayor,Kebonbayor,,-8.2407,113.2150,Indonesia,ID,IDN,Jawa Timur,Jawa Timur,ID-JI,province,,577.0,,,3,Asia/Jakarta,FALSE,1360915549
Pagedangan Dua,Pagedangan Dua,Pagedangan 2,-8.1567,112.7128,Indonesia,ID,IDN,Jawa Timur,Jawa Timur,ID-JI,province,,761.0,,,3,Asia/Jakarta,FALSE,1360075207
Sa’asa,Sa'asa,,-7.0036,113.5701,Indonesia,ID,IDN,Jawa Timur,Jawa Timur,ID-JI,province,,1149.1,,,3,Asia/Jakarta,FALSE,1360968653
Sumberkari,Sumberkari,,-8.1950,113.2444,Indonesia,ID,IDN,Jawa Timur,Jawa Timur,ID-JI,province,,577.0,,,3,Asia/Jakarta,FALSE,1360443075
Jembayan,Jembayan,Djembajan,-0.5500,117.0000,Indonesia,ID,IDN,Kalimantan Timur,Kalimantan Timur,ID-KI,province,,35.4,,,4,Asia/Makassar,FALSE,1360187326
Kasembon,Kasembon,Kesembon,-7.7838,112.3162,Indonesia,ID,IDN,Jawa Timur,Jawa Timur,ID-JI,province,,761.0,,,3,Asia/Jakarta,FALSE,1360021288
Kasembon,Kasembon,,-8.0878,112.6704,Indonesia,ID,IDN,Jawa Timur,Jawa Timur,ID-JI,province,minor,761.0,,,3,Asia/Jakarta,TRUE,1360713603
Muaracibeureum,Muaracibeureum,Muaratjibeureum,-6.6500,107.1333,Indonesia,ID,IDN,Jawa Barat,Jawa Barat,ID-JB,province,,2169.9,,,2,Asia/Jakarta,FALSE,1360684792
Kubangwaru,Kubangwaru,,-7.3249,108.8004,Indonesia,ID,IDN,Jawa Tengah,Jawa Tengah,ID-JT,province,minor,708.0,,,3,Asia/Jakarta,FALSE,1360624400
Tegalmandor,Tegalmandor,,-6.7172,107.3975,Indonesia,ID,IDN,Jawa Barat,Jawa Barat,ID-JB,province,,1300.1,,,3,Asia/Jakarta,FALSE,1360594686
Cikaram,Cikaram,,-6.8686,106.2113,Indonesia,ID,IDN,Banten,Banten,ID-BT,province,,432.7,,,3,Asia/Jakarta,FALSE,1360956039
Taiti,Taiti,,-10.0477,124.0011,Indonesia,ID,IDN,Nusa Tenggara Timur,Nusa Tenggara Timur,ID-NT,province,,74.4,,,4,Asia/Makassar,FALSE,1360014874
Sunaherang,Sunaherang,Soenaherang,-7.1036,108.4778,Indonesia,ID,IDN,Jawa Barat,Jawa Barat,ID-JB,province,,889.0,,,3,Asia/Jakarta,FALSE,1360424892
Pangkalantarum,Pangkalantarum,,-3.3889,103.2990,Indonesia,ID,IDN,Sumatera Selatan,Sumatera Selatan,ID-SS,province,,49.3,,,4,Asia/Jakarta,FALSE,1360379414
Sembulawa,Sembulawa,,3.5353,125.4957,Indonesia,ID,IDN,Sulawesi Utara,Sulawesi Utara,ID-SA,province,,141.2,,,4,Asia/Makassar,FALSE,1360117019
Cibeureum Inpres,Cibeureum Inpres,,-6.5975,106.7344,Indonesia,ID,IDN,Jawa Barat,Jawa Barat,ID-JB,province,,2169.9,,,2,Asia/Jakarta,FALSE,1360449314
Kire,Kire,,-8.7568,121.7278,Indonesia,ID,IDN,Nusa Tenggara Timur,Nusa Tenggara Timur,ID-NT,province,,132.1,,,4,Asia/Makassar,FALSE,1360893419
Babakanlibah,Babakanlibah,,-6.4569,107.0800,Indonesia,ID,IDN,Jawa Barat,Jawa Barat,ID-JB,province,,2169.9,,,2,Asia/Jakarta,FALSE,1360531406
Bogoraji,Bogoraji,,-7.1212,110.9931,Indonesia,ID,IDN,Jawa Tengah,Jawa Tengah,ID-JT,province,,676.8,,,3,Asia/Jakarta,FALSE,1360506544
Gotan,Gotan,,-7.4405,112.2568,Indonesia,ID,IDN,Jawa Timur,Jawa Timur,ID-JI,province,,1174.4,,,3,Asia/Jakarta,FALSE,1360903425
Gotan,Gotan,,-8.2831,114.3013,Indonesia,ID,IDN,Jawa Timur,Jawa Timur,ID-JI,province,,452.5,,,3,Asia/Jakarta,TRUE,1360953785
Blok Lima Belas,Blok Lima Belas,Blok-15,2.4030,97.9940,Indonesia,ID,IDN,Aceh,Aceh,ID-AC,special region,,83.7,,,4,Asia/Jakarta,FALSE,1360621344
Siramah,Siramah,,3.1141,99.0806,Indonesia,ID,IDN,Sumatera Utara,Sumatera Utara,ID-SU,province,,174.8,,,4,Asia/Jakarta,FALSE,1360109229
Suak Puntong,Suak Puntong,,4.1020,96.2130,Indonesia,ID,IDN,Aceh,Aceh,ID-AC,special region,,51.7,,,4,Asia/Jakarta,FALSE,1360577294
Brangkas,Brangkas,,-7.6200,110.9906,Indonesia,ID,IDN,Jawa Tengah,Jawa Tengah,ID-JT,province,,1064.4,,,3,Asia/Jakarta,FALSE,1360053627
Bandar Agung,Bandar Agung,,-4.8100,103.9250,Indonesia,ID,IDN,Sumatera Selatan,Sumatera Selatan,ID-SS,province,,78.4,,,4,Asia/Jakarta,FALSE,1360912580
Umbulan Alamkari Satu,Umbulan Alamkari Satu,Umbulan Alam 1|Umbulanalamkari Satu,-4.8114,104.8295,Indonesia,ID,IDN,Lampung,Lampung,ID-LA,province,,275.3,,,3,Asia/Jakarta,FALSE,1360872515
Tombonganulo,Tombonganulo,,-0.8550,122.2153,Indonesia,ID,IDN,Sulawesi Tengah,Sulawesi Tengah,ID-ST,province,,41.9,,,4,Asia/Makassar,FALSE,1360586003
Ciharupat,Ciharupat,,-7.2386,107.7638,Indonesia,ID,IDN,Jawa Barat,Jawa Barat,ID-JB,province,,909.3,,,3,Asia/Jakarta,FALSE,1360485457
Ngijingan,Ngijingan,,-7.2817,110.1625,Indonesia,ID,IDN,Jawa Tengah,Jawa Tengah,ID-JT,province,,851.9,,,3,Asia/Jakarta,FALSE,1360986028
Dewakalaga,Dewakalaga,,-9.5956,119.5842,Indonesia,ID,IDN,Nusa Tenggara Timur,Nusa Tenggara Timur,ID-NT,province,,44.0,,,4,Asia/Makassar,FALSE,1360022876
Babakan Cikalama,Babakan Cikalama,,-6.9633,107.8242,Indonesia,ID,IDN,Jawa Barat,Jawa Barat,ID-JB,province,,1238.2,,,3,Asia/Jakarta,FALSE,1360977833
Yugi,Yugi,Jugi|Joegi,-7.6167,139.4500,Indonesia,ID,IDN,Papua,Papua,ID-PA,geographical unit,,9.2,,,5,Asia/Jayapura,FALSE,1360013653
Sumbergadung Timur,Sumbergadung Timur,,-8.1314,113.9168,Indonesia,ID,IDN,Jawa Timur,Jawa Timur,ID-JI,province,,738.0,,,3,Asia/Jakarta,FALSE,1360832148
Kabregan,Kabregan,,-7.8367,110.4653,Indonesia,ID,IDN,Yogyakarta,Yogyakarta,ID-YO,special region,,2161.9,,,2,Asia/Jakarta,FALSE,1360398907
Togoletena,Togoletena,,-9.6054,119.4132,Indonesia,ID,IDN,Nusa Tenggara Timur,Nusa Tenggara Timur,ID-NT,province,,192.9,,,4,Asia/Makassar,FALSE,1360562086
Hutaginjang Empat,Hutaginjang Empat,Hutaginjang 4,2.0510,98.4130,Indonesia,ID,IDN,Sumatera Utara,Sumatera Utara,ID-SU,province,,164.8,,,4,Asia/Jakarta,FALSE,1360735700
Liberia,Liberia,,0.7223,124.3869,Indonesia,ID,IDN,Sulawesi Utara,Sulawesi Utara,ID-SA,province,,80.2,,,4,Asia/Makassar,FALSE,1360712615
Karedok,Karedok,,-6.8208,108.1075,Indonesia,ID,IDN,Jawa Barat,Jawa Barat,ID-JB,province,,779.3,,,3,Asia/Jakarta,FALSE,1360011603
Kelapakurung,Kelapakurung,,-6.0765,106.0647,Indonesia,ID,IDN,Banten,Banten,ID-BT,province,,2087.2,,,2,Asia/Jakarta,FALSE,1360427327
Buah,Buah,,5.1674,97.3430,Indonesia,ID,IDN,Aceh,Aceh,ID-AC,special region,,234.2,,,3,Asia/Jakarta,FALSE,1360930466
Buah,Buah,,3.9590,97.3684,Indonesia,ID,IDN,Aceh,Aceh,ID-AC,special region,,17.9,,,4,Asia/Jakarta,TRUE,1360419530
Palaya,Palaya,,-5.3948,120.0343,Indonesia,ID,IDN,Sulawesi Selatan,Sulawesi Selatan,ID-SN,province,,388.3,,,3,Asia/Makassar,FALSE,1360853935
Salam Dua,Salam Dua,,-8.1742,110.8311,Indonesia,ID,IDN,Yogyakarta,Yogyakarta,ID-YO,special region,,474.2,,,3,Asia/Jakarta,FALSE,1360006307
Manggalung,Manggalung,,-4.6103,119.6156,Indonesia,ID,IDN,Sulawesi Selatan,Sulawesi Selatan,ID-SN,province,,438.7,,,3,Asia/Makassar,FALSE,1360037920
Luwuk Kidul,Luwuk Kidul,,-7.0512,112.4686,Indonesia,ID,IDN,Jawa Timur,Jawa Timur,ID-JI,province,,670.4,,,3,Asia/Jakarta,FALSE,1360000227
Gambyok,Gambyok,,-7.7350,111.9913,Indonesia,ID,IDN,Jawa Timur,Jawa Timur,ID-JI,province,,1030.6,,,3,Asia/Jakarta,FALSE,1360881525
Gambyok,Gambyok,,-7.7237,111.7626,Indonesia,ID,IDN,Jawa Timur,Jawa Timur,ID-JI,province,,826.0,,,3,Asia/Jakarta,TRUE,1360321300
Keras Wetan Dua,Keras Wetan Dua,,-7.5306,111.4267,Indonesia,ID,IDN,Jawa Timur,Jawa Timur,ID-JI,province,,732.6,,,3,Asia/Jakarta,FALSE,1360612461
Alubungkuh,Alubungkuh,,5.0026,97.2809,Indonesia,ID,IDN,Aceh,Aceh,ID-AC,special region,,234.2,,,3,Asia/Jakarta,FALSE,1360032250
Tukka,Tukka,Tuka|Toeka,2.1364,98.4585,Indonesia,ID,IDN,Sumatera Utara,Sumatera Utara,ID-SU,province,,89.1,,,4,Asia/Jakarta,FALSE,1360035827
Sungai Siak,Sungai Siak,,0.8170,100.7052,Indonesia,ID,IDN,Riau,Riau,ID-RI,province,,111.5,,,4,Asia/Jakarta,FALSE,1360337589
Makawa,Makawa,,-2.7455,120.1546,Indonesia,ID,IDN,Sulawesi Selatan,Sulawesi Selatan,ID-SN,province,,127.0,,,4,Asia/Makassar,FALSE,1360010867
Menengai,Menengai,,-7.1485,112.3140,Indonesia,ID,IDN,Jawa Timur,Jawa Timur,ID-JI,province,,670.4,,,3,Asia/Jakarta,FALSE,1360887030
Wolowunu,Wolowunu,,-8.7937,121.9315,Indonesia,ID,IDN,Nusa Tenggara Timur,Nusa Tenggara Timur,ID-NT,province,,132.1,,,4,Asia/Makassar,FALSE,1360320023
Wolowunu,Wolowunu,,-8.8934,121.1537,Indonesia,ID,IDN,Nusa Tenggara Timur,Nusa Tenggara Timur,ID-NT,province,,122.9,,,4,Asia/Makassar,TRUE,1360026902
Bolok,Bolok,,-10.2364,123.5281,Indonesia,ID,IDN,Nusa Tenggara Timur,Nusa Tenggara Timur,ID-NT,province,minor,161.9,,,3,Asia/Makassar,FALSE,1360095121
Tarangbuut,Tarangbuut,,-6.6142,106.1523,Indonesia,ID,IDN,Banten,Banten,ID-BT,province,,432.7,,,3,Asia/Jakarta,FALSE,1360873541
Feo,Feo,,-9.3781,124.7911,Indonesia,ID,IDN,Nusa Tenggara Timur,Nusa Tenggara Timur,ID-NT,province,,100.9,,,4,Asia/Makassar,FALSE,1360008201
Feo,Feo,,-8.8039,121.1035,Indonesia,ID,IDN,Nusa Tenggara Timur,Nusa Tenggara Timur,ID-NT,province,,99.8,,,4,Asia/Makassar,TRUE,1360929681
Klobong,Klobong,,-8.5229,122.7064,Indonesia,ID,IDN,Nusa Tenggara Timur,Nusa Tenggara Timur,ID-NT,province,,153.4,,,4,Asia/Makassar,FALSE,1360444151
Klapa,Klapa,,-1.7299,105.8232,Indonesia,ID,IDN,Kepulauan Bangka Belitung,Kepulauan Bangka Belitung,ID-BB,province,,122.2,,,4,Asia/Jakarta,FALSE,1360113050
Tegal,Tegal,,-8.7236,115.1728,Indonesia,ID,IDN,Bali,Bali,ID-BA,province,,2160.4,,,2,Asia/Makassar,FALSE,1360391213
Tegal,Tegal,Tegalsari,-8.7707,115.1764,Indonesia,ID,IDN,Bali,Bali,ID-BA,province,,2160.4,,,2,Asia/Makassar,TRUE,1360328620
Tegal,Tegal,,-8.2108,114.9391,Indonesia,ID,IDN,Bali,Bali,ID-BA,province,,531.2,,,3,Asia/Makassar,TRUE,1360035069
Tombangkalua,Tombangkalua,,-3.2101,119.7469,Indonesia,ID,IDN,Sulawesi Selatan,Sulawesi Selatan,ID-SN,province,,123.7,,,4,Asia/Makassar,FALSE,1360022347
Begadon Dua,Begadon Dua,,-7.1615,111.7045,Indonesia,ID,IDN,Jawa Timur,Jawa Timur,ID-JI,province,,536.4,,,3,Asia/Jakarta,FALSE,1360882389
Duwak,Duwak,,-7.1101,113.3720,Indonesia,ID,IDN,Jawa Timur,Jawa Timur,ID-JI,province,,1149.1,,,3,Asia/Jakarta,FALSE,1360001028
Duwak,Duwak,,-6.9776,113.7502,Indonesia,ID,IDN,Jawa Timur,Jawa Timur,ID-JI,province,,522.1,,,3,Asia/Jakarta,TRUE,1360311679
Karanggayam,Karanggayam,,-7.7647,110.3881,Indonesia,ID,IDN,Yogyakarta,Yogyakarta,ID-YO,special region,,2319.5,,,2,Asia/Jakarta,FALSE,1360019111
Karanggayam,Karanggayam,,-7.8975,110.3303,Indonesia,ID,IDN,Yogyakarta,Yogyakarta,ID-YO,special region,,2161.9,,,2,Asia/Jakarta,TRUE,1360879346
Karanggayam,Karanggayam,,-7.8822,110.4003,Indonesia,ID,IDN,Yogyakarta,Yogyakarta,ID-YO,special region,,2161.9,,,2,Asia/Jakarta,TRUE,1360302589
Lebakceuri,Lebakceuri,,-7.4266,107.3726,Indonesia,ID,IDN,Jawa Barat,Jawa Barat,ID-JB,province,,666.6,,,3,Asia/Jakarta,FALSE,1360965690
Lebakceuri,Lebakceuri,,-7.1223,108.3470,Indonesia,ID,IDN,Jawa Barat,Jawa Barat,ID-JB,province,,590.8,,,3,Asia/Jakarta,TRUE,1360031334
Ciherang Tanjakan,Ciherang Tanjakan,,-6.6981,106.8394,Indonesia,ID,IDN,Jawa Barat,Jawa Barat,ID-JB,province,,2169.9,,,2,Asia/Jakarta,FALSE,1360910142
Pletendimu,Pletendimu,,-9.5885,119.0430,Indonesia,ID,IDN,Nusa Tenggara Timur,Nusa Tenggara Timur,ID-NT,province,,260.9,,,3,Asia/Makassar,FALSE,1360236308
Ongge,Ongge,,-8.7333,116.2000,Indonesia,ID,IDN,Nusa Tenggara Barat,Nusa Tenggara Barat,ID-NB,province,,782.4,,,3,Asia/Makassar,FALSE,1360152165
Bureng,Bureng,,-8.1195,112.6168,Indonesia,ID,IDN,Jawa Timur,Jawa Timur,ID-JI,province,minor,761.0,,,3,Asia/Jakarta,FALSE,1360661216
Bureng,Bureng,,-8.0811,111.1650,Indonesia,ID,IDN,Jawa Timur,Jawa Timur,ID-JI,province,,392.8,,,3,Asia/Jakarta,TRUE,1360638785
Alurtani Satu,Alurtani Satu,Alur Tani I|Alortani,4.1370,97.9520,Indonesia,ID,IDN,Aceh,Aceh,ID-AC,special region,,106.4,,,4,Asia/Jakarta,FALSE,1360162786
Kerangkeng,Kerangkeng,,-8.6494,116.1139,Indonesia,ID,IDN,Nusa Tenggara Barat,Nusa Tenggara Barat,ID-NB,province,,799.9,,,3,Asia/Makassar,FALSE,1360208936
Balangcaddi,Balangcaddi,,-4.9424,119.4187,Indonesia,ID,IDN,Sulawesi Selatan,Sulawesi Selatan,ID-SN,province,,229.5,,,3,Asia/Makassar,FALSE,1360021610
Paninggaran,Paninggaran,,-7.1178,107.6936,Indonesia,ID,IDN,Jawa Barat,Jawa Barat,ID-JB,province,,1899.0,,,3,Asia/Jakarta,FALSE,1360349149
Paninggaran,Paninggaran,,-7.0210,108.4024,Indonesia,ID,IDN,Jawa Barat,Jawa Barat,ID-JB,province,minor,889.0,,,3,Asia/Jakarta,TRUE,1360691116
Kersaratu,Kersaratu,Kersaratoe,-7.4702,108.6742,Indonesia,ID,IDN,Jawa Barat,Jawa Barat,ID-JB,province,,590.8,,,3,Asia/Jakarta,FALSE,1360058808
Bojongbarang,Bojongbarang,,-6.4766,106.2035,Indonesia,ID,IDN,Banten,Banten,ID-BT,province,,432.7,,,3,Asia/Jakarta,FALSE,1360435470
Tongke,Tongke,,-0.9150,123.3830,Indonesia,ID,IDN,Sulawesi Tengah,Sulawesi Tengah,ID-ST,province,,41.9,,,4,Asia/Makassar,FALSE,1360505925
Atepoki,Atepoki,Otepoki,1.1683,125.0139,Indonesia,ID,IDN,Sulawesi Utara,Sulawesi Utara,ID-SA,province,,216.6,,,3,Asia/Makassar,FALSE,1360307288
Ngumbul,Ngumbul,,-8.0835,111.5351,Indonesia,ID,IDN,Jawa Timur,Jawa Timur,ID-JI,province,,559.8,,,3,Asia/Jakarta,FALSE,1360093756
Ngumbul,Ngumbul,,-8.1603,111.3075,Indonesia,ID,IDN,Jawa Timur,Jawa Timur,ID-JI,province,,392.8,,,3,Asia/Jakarta,TRUE,1360706022
Sapakeke,Sapakeke,,-5.3592,119.6958,Indonesia,ID,IDN,Sulawesi Selatan,Sulawesi Selatan,ID-SN,province,,472.0,,,3,Asia/Makassar,FALSE,1360848743
Kasren,Kasren,,-7.5786,111.3486,Indonesia,ID,IDN,Jawa Timur,Jawa Timur,ID-JI,province,,865.1,,,3,Asia/Jakarta,FALSE,1360403825
Kasren,Kasren,,-7.5234,111.5631,Indonesia,ID,IDN,Jawa Timur,Jawa Timur,ID-JI,province,,586.3,,,3,Asia/Jakarta,TRUE,1360054074
Kasren,Kasren,,-8.2229,111.4678,Indonesia,ID,IDN,Jawa Timur,Jawa Timur,ID-JI,province,,559.8,,,3,Asia/Jakarta,TRUE,1360518077
Kewengan,Kewengan,,-7.4689,110.5383,Indonesia,ID,IDN,Jawa Tengah,Jawa Tengah,ID-JT,province,,890.8,,,3,Asia/Jakarta,FALSE,1360502380
Jempong Timur,Jempong Timur,,-8.6137,116.1006,Indonesia,ID,IDN,Nusa Tenggara Barat,Nusa Tenggara Barat,ID-NB,province,,8177.7,,,2,Asia/Makassar,FALSE,1360373485
Alu Empuk,Alu Empuk,,4.9803,97.3464,Indonesia,ID,IDN,Aceh,Aceh,ID-AC,special region,,234.2,,,3,Asia/Jakarta,FALSE,1360036006
Nikambek,Nikambek,,-1.9270,105.5563,Indonesia,ID,IDN,Kepulauan Bangka Belitung,Kepulauan Bangka Belitung,ID-BB,province,,82.3,,,4,Asia/Jakarta,FALSE,1360737739
Cimanggir,Cimanggir,,-7.4444,108.9744,Indonesia,ID,IDN,Jawa Tengah,Jawa Tengah,ID-JT,province,,1174.8,,,3,Asia/Jakarta,FALSE,1360267888
Bangun Silo,Bangun Silo,,2.8165,99.5133,Indonesia,ID,IDN,Aceh,Aceh,ID-AC,special region,,199.4,,,4,Asia/Jakarta,FALSE,1360030994