city,city_ascii,city_alt,lat,lng,country,iso2,iso3,admin_name,admin_name_ascii,admin_code,admin_type,capital,density,population,population_proper,ranking,timezone,same_name,id
Douar Essaf,Douar Essaf,Saf|Douar Saf,34.9586,-5.6789,Morocco,MA,MAR,Tanger-Tétouan-Al Hoceïma,Tanger-Tetouan-Al Hoceima,MA-01,,,79.1,,,4,Africa/Casablanca,FALSE,1504017432
Douar Essaf,Douar Essaf,Es Saf|Saf,35.4362,-5.7391,Morocco,MA,MAR,Tanger-Tétouan-Al Hoceïma,Tanger-Tetouan-Al Hoceima,MA-01,,,44.9,,,4,Africa/Casablanca,TRUE,1504054610
Douar Essaf,Douar Essaf,,34.4643,-4.8837,Morocco,MA,MAR,Fès-Meknès,Fes-Meknes,MA-03,,,92.2,,,4,Africa/Casablanca,FALSE,1504474530
Tizgui-n-Oudmame,Tizgui-n-Oudmame,,31.3288,-6.9122,Morocco,MA,MAR,Drâa-Tafilalet,Draa-Tafilalet,MA-08,,,8.9,,,5,Africa/Casablanca,FALSE,1504368679
Douar Rouyal,Douar Rouyal,,35.2515,-6.0762,Morocco,MA,MAR,Tanger-Tétouan-Al Hoceïma,Tanger-Tetouan-Al Hoceima,MA-01,,,993.7,,,3,Africa/Casablanca,FALSE,1504266829
Ikarteouene,Ikarteouene,,35.4423,-5.1850,Morocco,MA,MAR,Tanger-Tétouan-Al Hoceïma,Tanger-Tetouan-Al Hoceima,MA-01,,,135.1,,,4,Africa/Casablanca,FALSE,1504319162
Ahriq,Ahriq,Dechra Ahrek,35.5430,-5.8513,Morocco,MA,MAR,Tanger-Tétouan-Al Hoceïma,Tanger-Tetouan-Al Hoceima,MA-01,,,37.6,,,4,Africa/Casablanca,FALSE,1504691335
Dar Habib,Dar Habib,,32.9115,-8.5664,Morocco,MA,MAR,Casablanca-Settat,Casablanca-Settat,MA-06,,,35.3,,,4,Africa/Casablanca,FALSE,1504268360
Sinns,Sinns,Sins,30.7013,-8.5434,Morocco,MA,MAR,Souss-Massa,Souss-Massa,MA-09,,,39.3,,,4,Africa/Casablanca,FALSE,1504732993
Iymintzgui,Iymintzgui,Imi n’ Tizgui,29.6442,-9.0815,Morocco,MA,MAR,Souss-Massa,Souss-Massa,MA-09,,,12.6,,,4,Africa/Casablanca,FALSE,1504292858
Tayert,Tayert,,31.0061,-9.3657,Morocco,MA,MAR,Marrakech-Safi,Marrakech-Safi,MA-07,,,31.4,,,4,Africa/Casablanca,FALSE,1504003791
Oulad Ben Haddou,Oulad Ben Haddou,,35.0681,-3.4180,Morocco,MA,MAR,Oriental,Oriental,MA-02,,,136.8,,,4,Africa/Casablanca,FALSE,1504308236
Douar Chorfat Laazib,Douar Chorfat Laazib,,34.3728,-4.6422,Morocco,MA,MAR,Fès-Meknès,Fes-Meknes,MA-03,,,122.9,,,4,Africa/Casablanca,FALSE,1504636478
Dior Bounouar,Dior Bounouar,,34.7664,-6.1531,Morocco,MA,MAR,Rabat-Salé-Kénitra,Rabat-Sale-Kenitra,MA-04,,,297.7,,,3,Africa/Casablanca,FALSE,1504258730
Bou Hded,Bou Hded,,32.0061,-7.9253,Morocco,MA,MAR,Marrakech-Safi,Marrakech-Safi,MA-07,,,25.0,,,4,Africa/Casablanca,FALSE,1504627282
Bni Mhalli,Bni Mhalli,,31.8976,-4.3790,Morocco,MA,MAR,Drâa-Tafilalet,Draa-Tafilalet,MA-08,,,19.4,,,4,Africa/Casablanca,FALSE,1504518679
Douar Qchiblat,Douar Qchiblat,,34.4914,-5.2248,Morocco,MA,MAR,Fès-Meknès,Fes-Meknes,MA-03,,,79.2,,,4,Africa/Casablanca,FALSE,1504341993
Douar Lekhdar,Douar Lekhdar,,32.5276,-8.4157,Morocco,MA,MAR,Casablanca-Settat,Casablanca-Settat,MA-06,,,97.5,,,4,Africa/Casablanca,FALSE,1504475590
Sidi Mohamed Ben Ali,Sidi Mohamed Ben Ali,,32.4192,-9.2417,Morocco,MA,MAR,Marrakech-Safi,Marrakech-Safi,MA-07,,,98.1,,,4,Africa/Casablanca,FALSE,1504591590
Oulad Fateh,Oulad Fateh,,33.7103,-7.1015,Morocco,MA,MAR,Casablanca-Settat,Casablanca-Settat,MA-06,,,124.5,,,4,Africa/Casablanca,FALSE,1504588429
Oulad La’waj,Oulad La'waj,,32.8864,-8.1615,Morocco,MA,MAR,Casablanca-Settat,Casablanca-Settat,MA-06,,,192.8,,,4,Africa/Casablanca,FALSE,1504892456
Hamouda,Hamouda,Hammou Daoud,31.2500,-4.2500,Morocco,MA,MAR,Drâa-Tafilalet,Draa-Tafilalet,MA-08,,,83.5,,,4,Africa/Casablanca,FALSE,1504906854
Id Bouzid,Id Bouzid,,29.3169,-9.8049,Morocco,MA,MAR,Guelmim-Oued Noun,Guelmim-Oued Noun,MA-10,,,35.7,,,4,Africa/Casablanca,FALSE,1504886517
Ighilmaln,Ighilmaln,Ighilman,30.9358,-8.6520,Morocco,MA,MAR,Marrakech-Safi,Marrakech-Safi,MA-07,,,42.4,,,4,Africa/Casablanca,FALSE,1504874189
Douar Lemsamda,Douar Lemsamda,,34.3469,-5.2889,Morocco,MA,MAR,Fès-Meknès,Fes-Meknes,MA-03,,,102.5,,,4,Africa/Casablanca,FALSE,1504452754
Douar Lemsamda,Douar Lemsamda,,34.0786,-5.4989,Morocco,MA,MAR,Fès-Meknès,Fes-Meknes,MA-03,,,87.9,,,4,Africa/Casablanca,TRUE,1504722859
El Rhraïbi,El Rhraibi,Al Ghraïbi,31.2698,-8.5854,Morocco,MA,MAR,Marrakech-Safi,Marrakech-Safi,MA-07,,,124.8,,,4,Africa/Casablanca,FALSE,1504445163
Douar Jarmouna,Douar Jarmouna,,35.0134,-4.7796,Morocco,MA,MAR,Tanger-Tétouan-Al Hoceïma,Tanger-Tetouan-Al Hoceima,MA-01,,,175.6,,,4,Africa/Casablanca,FALSE,1504246218
Id Baqbach,Id Baqbach,,31.1992,-9.6348,Morocco,MA,MAR,Marrakech-Safi,Marrakech-Safi,MA-07,,,93.4,,,4,Africa/Casablanca,FALSE,1504927846
Tikhoulat,Tikhoulat,,33.8028,-3.8450,Morocco,MA,MAR,Oriental,Oriental,MA-02,,,11.6,,,4,Africa/Casablanca,FALSE,1504003409
Aït Hawcha,Ait Hawcha,,31.4475,-7.6703,Morocco,MA,MAR,Marrakech-Safi,Marrakech-Safi,MA-07,,,150.9,,,4,Africa/Casablanca,FALSE,1504058626
Dar el Kelaj,Dar el Kelaj,,34.9317,-3.0504,Morocco,MA,MAR,Oriental,Oriental,MA-02,,,67.0,,,4,Africa/Casablanca,FALSE,1504991975
Qaçba Ouled Wanane,Qacba Ouled Wanane,,34.0514,-2.9890,Morocco,MA,MAR,Oriental,Oriental,MA-02,,,20.5,,,4,Africa/Casablanca,FALSE,1504003830
Douar Oulad Meryane,Douar Oulad Meryane,Oulad Meryem|Oulad Meriem|Oued Meriem,33.8265,-4.5288,Morocco,MA,MAR,Fès-Meknès,Fes-Meknes,MA-03,,,337.7,,,3,Africa/Casablanca,FALSE,1504000061
Douar Chaayriyach,Douar Chaayriyach,,35.7069,-5.5656,Morocco,MA,MAR,Tanger-Tétouan-Al Hoceïma,Tanger-Tetouan-Al Hoceima,MA-01,,,151.6,,,4,Africa/Casablanca,FALSE,1504338396
Dar Said,Dar Said,,34.8199,-2.4875,Morocco,MA,MAR,Oriental,Oriental,MA-02,,,83.7,,,4,Africa/Casablanca,FALSE,1504300433
Oulad Bou Mehdi,Oulad Bou Mehdi,,32.3734,-8.8098,Morocco,MA,MAR,Marrakech-Safi,Marrakech-Safi,MA-07,,,90.0,,,4,Africa/Casablanca,FALSE,1504747169
Agouzouln,Agouzouln,Igouzoulene,29.5845,-9.4632,Morocco,MA,MAR,Souss-Massa,Souss-Massa,MA-09,,,36.4,,,4,Africa/Casablanca,FALSE,1504891750
Douar Rmayla,Douar Rmayla,,34.3116,-5.1355,Morocco,MA,MAR,Fès-Meknès,Fes-Meknes,MA-03,,,59.0,,,4,Africa/Casablanca,FALSE,1504313274
Boutoumer,Boutoumer,Boutoumar,34.5380,-4.8396,Morocco,MA,MAR,Fès-Meknès,Fes-Meknes,MA-03,,,115.6,,,4,Africa/Casablanca,FALSE,1504058668
Kriba,Kriba,Kheriba,35.1856,-5.7567,Morocco,MA,MAR,Tanger-Tétouan-Al Hoceïma,Tanger-Tetouan-Al Hoceima,MA-01,,,48.9,,,4,Africa/Casablanca,FALSE,1504032504
Douar Ait Bourhil,Douar Ait Bourhil,,31.5478,-7.7739,Morocco,MA,MAR,Marrakech-Safi,Marrakech-Safi,MA-07,,,222.3,,,3,Africa/Casablanca,FALSE,1504536662
Douar Aznay,Douar Aznay,,35.0218,-5.0709,Morocco,MA,MAR,Tanger-Tétouan-Al Hoceïma,Tanger-Tetouan-Al Hoceima,MA-01,,,196.7,,,4,Africa/Casablanca,FALSE,1504278501
Douar Ait Yassine Lemaalmine,Douar Ait Yassine Lemaalmine,,32.3725,-8.3003,Morocco,MA,MAR,Marrakech-Safi,Marrakech-Safi,MA-07,,,58.8,,,4,Africa/Casablanca,FALSE,1504130437
Tassila n’bou Zid,Tassila n'bou Zid,,31.3198,-9.2933,Morocco,MA,MAR,Marrakech-Safi,Marrakech-Safi,MA-07,,,72.9,,,4,Africa/Casablanca,FALSE,1504414048
Douar Ain Skhouna,Douar Ain Skhouna,,33.4512,-7.0439,Morocco,MA,MAR,Casablanca-Settat,Casablanca-Settat,MA-06,,,62.3,,,4,Africa/Casablanca,FALSE,1504878362
Douar Lehmaunda,Douar Lehmaunda,,32.5837,-7.3760,Morocco,MA,MAR,Casablanca-Settat,Casablanca-Settat,MA-06,,,61.4,,,4,Africa/Casablanca,FALSE,1504330986
Douar Chbiya,Douar Chbiya,,35.5914,-5.5279,Morocco,MA,MAR,Tanger-Tétouan-Al Hoceïma,Tanger-Tetouan-Al Hoceima,MA-01,,,115.3,,,4,Africa/Casablanca,FALSE,1504329372
Douar Qecharat,Douar Qecharat,,34.1705,-4.6153,Morocco,MA,MAR,Fès-Meknès,Fes-Meknes,MA-03,,,87.5,,,4,Africa/Casablanca,FALSE,1504573925
Dougadir-n-Aït Mançour,Dougadir-n-Ait Mancour,Aït Mansour|Dougadir,30.1163,-7.6438,Morocco,MA,MAR,Souss-Massa,Souss-Massa,MA-09,,,5.9,,,5,Africa/Casablanca,FALSE,1504852026
Tissacharine,Tissacharine,,32.7378,-5.5410,Morocco,MA,MAR,Béni Mellal-Khénifra,Beni Mellal-Khenifra,MA-05,,,28.3,,,4,Africa/Casablanca,FALSE,1504002940
Oulad Maarouf,Oulad Maarouf,,33.0034,-7.2796,Morocco,MA,MAR,Casablanca-Settat,Casablanca-Settat,MA-06,,,94.4,,,4,Africa/Casablanca,FALSE,1504719674
Douar Leahura,Douar Leahura,El Lbane|Douar el Lbane,34.6837,-5.7247,Morocco,MA,MAR,Rabat-Salé-Kénitra,Rabat-Sale-Kenitra,MA-04,,,77.1,,,4,Africa/Casablanca,FALSE,1504471527
Oulad Sidi Messaoud,Oulad Sidi Messaoud,,32.8539,-7.7122,Morocco,MA,MAR,Casablanca-Settat,Casablanca-Settat,MA-06,,,76.3,,,4,Africa/Casablanca,FALSE,1504932590
Coopérative Sahel Kou Tahar,Cooperative Sahel Kou Tahar,,34.4957,-4.8259,Morocco,MA,MAR,Fès-Meknès,Fes-Meknes,MA-03,,,109.4,,,4,Africa/Casablanca,FALSE,1504147560
El Hajjajat,El Hajjajat,,33.2246,-7.3972,Morocco,MA,MAR,Casablanca-Settat,Casablanca-Settat,MA-06,,,83.8,,,4,Africa/Casablanca,FALSE,1504698084
El Borj Dumalou,El Borj Dumalou,,30.1380,-9.1865,Morocco,MA,MAR,Souss-Massa,Souss-Massa,MA-09,,,26.7,,,4,Africa/Casablanca,FALSE,1504570762
Al ’Aïn,Al 'Ain,El Aïn Ou Ounzine,30.3823,-7.7647,Morocco,MA,MAR,Souss-Massa,Souss-Massa,MA-09,,,11.5,,,4,Africa/Casablanca,FALSE,1504324558
Coopérative Louahda,Cooperative Louahda,,33.8024,-6.9170,Morocco,MA,MAR,Rabat-Salé-Kénitra,Rabat-Sale-Kenitra,MA-04,,,1376.0,,,3,Africa/Casablanca,FALSE,1504005003
Coopérative Louahda,Cooperative Louahda,,34.8674,-6.1703,Morocco,MA,MAR,Rabat-Salé-Kénitra,Rabat-Sale-Kenitra,MA-04,,,193.3,,,4,Africa/Casablanca,TRUE,1504240198
Draoua,Draoua,Douar Draoua,32.0731,-7.3714,Morocco,MA,MAR,Marrakech-Safi,Marrakech-Safi,MA-07,,,153.0,,,4,Africa/Casablanca,FALSE,1504936928
Douar Zirara,Douar Zirara,,34.1509,-5.7101,Morocco,MA,MAR,Fès-Meknès,Fes-Meknes,MA-03,,,42.7,,,4,Africa/Casablanca,FALSE,1504697245
Mumirak,Mumirak,,29.3800,-9.9600,Morocco,MA,MAR,Guelmim-Oued Noun,Guelmim-Oued Noun,MA-10,,,20.5,,,4,Africa/Casablanca,FALSE,1504462904
Oulad Mimouna,Oulad Mimouna,,32.6913,-7.6949,Morocco,MA,MAR,Casablanca-Settat,Casablanca-Settat,MA-06,,,74.8,,,4,Africa/Casablanca,FALSE,1504795418
Oulad El Haouzi,Oulad El Haouzi,,31.9746,-9.1162,Morocco,MA,MAR,Marrakech-Safi,Marrakech-Safi,MA-07,,,100.5,,,4,Africa/Casablanca,FALSE,1504672526
Amane Imersal,Amane Imersal,,30.7469,-9.2609,Morocco,MA,MAR,Souss-Massa,Souss-Massa,MA-09,,,34.6,,,4,Africa/Casablanca,FALSE,1504678023
Iferras,Iferras,,31.1412,-8.6042,Morocco,MA,MAR,Marrakech-Safi,Marrakech-Safi,MA-07,,,72.8,,,4,Africa/Casablanca,FALSE,1504015741
Douar Ait Allal,Douar Ait Allal,,31.6341,-9.4415,Morocco,MA,MAR,Marrakech-Safi,Marrakech-Safi,MA-07,,,71.4,,,4,Africa/Casablanca,FALSE,1504193999
Douar Ait Allal,Douar Ait Allal,,31.4945,-9.5476,Morocco,MA,MAR,Marrakech-Safi,Marrakech-Safi,MA-07,,,48.3,,,4,Africa/Casablanca,TRUE,1504305604
Wa-ou-Nsamt,Wa-ou-Nsamt,,31.0972,-7.1407,Morocco,MA,MAR,Drâa-Tafilalet,Draa-Tafilalet,MA-08,,,21.4,,,4,Africa/Casablanca,FALSE,1504177450
Aychour,Aychour,,35.1414,-3.0130,Morocco,MA,MAR,Oriental,Oriental,MA-02,,,2505.0,,,2,Africa/Casablanca,FALSE,1504236898
Aïn ’Aïcha Hmad,Ain 'Aicha Hmad,Kasba Aïcha Hammad,33.2406,-5.3827,Morocco,MA,MAR,Fès-Meknès,Fes-Meknes,MA-03,,,14.2,,,4,Africa/Casablanca,FALSE,1504188684
Tawrirt-n-Tazadine,Tawrirt-n-Tazadine,,30.3206,-8.6201,Morocco,MA,MAR,Souss-Massa,Souss-Massa,MA-09,,,27.1,,,4,Africa/Casablanca,FALSE,1504773736
Igrane,Igrane,,31.4329,-7.2768,Morocco,MA,MAR,Marrakech-Safi,Marrakech-Safi,MA-07,,,56.1,,,4,Africa/Casablanca,FALSE,1504753609
Igrane,Igrane,,31.0679,-9.2556,Morocco,MA,MAR,Marrakech-Safi,Marrakech-Safi,MA-07,,,44.4,,,4,Africa/Casablanca,TRUE,1504921777
Douar Ouled Malek,Douar Ouled Malek,,34.2025,-4.6273,Morocco,MA,MAR,Fès-Meknès,Fes-Meknes,MA-03,,,87.5,,,4,Africa/Casablanca,FALSE,1504474486
Wanzoukiy,Wanzoukiy,Ouanzouki,30.2383,-8.4696,Morocco,MA,MAR,Souss-Massa,Souss-Massa,MA-09,,,17.9,,,4,Africa/Casablanca,FALSE,1504065513
Igrane,Igrane,,29.6104,-9.2368,Morocco,MA,MAR,Souss-Massa,Souss-Massa,MA-09,,,26.5,,,4,Africa/Casablanca,FALSE,1504838447
Coopérative El Hammouchiya,Cooperative El Hammouchiya,,32.7055,-8.3824,Morocco,MA,MAR,Casablanca-Settat,Casablanca-Settat,MA-06,,,111.5,,,4,Africa/Casablanca,FALSE,1504879597
Douar Ait El Baqqal,Douar Ait El Baqqal,,31.6941,-9.2422,Morocco,MA,MAR,Marrakech-Safi,Marrakech-Safi,MA-07,,,119.1,,,4,Africa/Casablanca,FALSE,1504525717
Jnanat Leghchabene,Jnanat Leghchabene,,33.4539,-7.0644,Morocco,MA,MAR,Casablanca-Settat,Casablanca-Settat,MA-06,,,62.3,,,4,Africa/Casablanca,FALSE,1504532827
Dar Fellaq,Dar Fellaq,Dar Fellak|Dar Afellah,35.5169,-5.8114,Morocco,MA,MAR,Tanger-Tétouan-Al Hoceïma,Tanger-Tetouan-Al Hoceima,MA-01,,,37.6,,,4,Africa/Casablanca,FALSE,1504380378
Douar Khayra,Douar Khayra,,32.2777,-7.9119,Morocco,MA,MAR,Marrakech-Safi,Marrakech-Safi,MA-07,,,23.8,,,4,Africa/Casablanca,FALSE,1504955457
Douar Ighemmoussene,Douar Ighemmoussene,,35.3344,-5.0876,Morocco,MA,MAR,Tanger-Tétouan-Al Hoceïma,Tanger-Tetouan-Al Hoceima,MA-01,,,125.2,,,4,Africa/Casablanca,FALSE,1504779327
Douar Ikhnaqen,Douar Ikhnaqen,,35.2251,-4.8087,Morocco,MA,MAR,Tanger-Tétouan-Al Hoceïma,Tanger-Tetouan-Al Hoceima,MA-01,,,102.4,,,4,Africa/Casablanca,FALSE,1504338427
Douar Bouchih,Douar Bouchih,,31.0036,-9.2415,Morocco,MA,MAR,Marrakech-Safi,Marrakech-Safi,MA-07,,,24.5,,,4,Africa/Casablanca,FALSE,1504236495
Douar Tachtiouine,Douar Tachtiouine,Tachtiouine,33.9025,-3.9487,Morocco,MA,MAR,Fès-Meknès,Fes-Meknes,MA-03,,,15.4,,,4,Africa/Casablanca,FALSE,1504646459
Douar El Haj Ahmed,Douar El Haj Ahmed,,32.3367,-8.3520,Morocco,MA,MAR,Marrakech-Safi,Marrakech-Safi,MA-07,,,58.8,,,4,Africa/Casablanca,FALSE,1504956891
Douar El Haj Ahmed,Douar El Haj Ahmed,,32.1955,-8.4549,Morocco,MA,MAR,Marrakech-Safi,Marrakech-Safi,MA-07,,,53.7,,,4,Africa/Casablanca,TRUE,1504874894
Oulad Essayf,Oulad Essayf,Douar Oulad Saïf|Oulad Saïf|Ouled Saïf,32.4693,-8.7555,Morocco,MA,MAR,Marrakech-Safi,Marrakech-Safi,MA-07,,,90.0,,,4,Africa/Casablanca,FALSE,1504010897
Dar Imdouane,Dar Imdouane,,35.1701,-3.1136,Morocco,MA,MAR,Oriental,Oriental,MA-02,,,138.4,,,4,Africa/Casablanca,FALSE,1504590279
Sidi Bou Lafdayale,Sidi Bou Lafdayale,,31.6839,-7.8548,Morocco,MA,MAR,Marrakech-Safi,Marrakech-Safi,MA-07,,,272.9,,,3,Africa/Casablanca,FALSE,1504997955
Iregragene,Iregragene,,30.0459,-9.0606,Morocco,MA,MAR,Souss-Massa,Souss-Massa,MA-09,,,23.0,,,4,Africa/Casablanca,FALSE,1504550701
Dar Ould Aicha,Dar Ould Aicha,,32.3518,-8.2866,Morocco,MA,MAR,Marrakech-Safi,Marrakech-Safi,MA-07,,,54.2,,,4,Africa/Casablanca,FALSE,1504285472
Douar Ouled Saïd,Douar Ouled Said,,32.5968,-8.3469,Morocco,MA,MAR,Casablanca-Settat,Casablanca-Settat,MA-06,,,277.4,,,3,Africa/Casablanca,FALSE,1504053297
Agard N-Hbab,Agard N-Hbab,,31.2476,-5.7358,Morocco,MA,MAR,Drâa-Tafilalet,Draa-Tafilalet,MA-08,,,14.9,,,4,Africa/Casablanca,FALSE,1504832783
Douar Ali Lakbir,Douar Ali Lakbir,,33.4698,-6.7955,Morocco,MA,MAR,Rabat-Salé-Kénitra,Rabat-Sale-Kenitra,MA-04,,,23.9,,,4,Africa/Casablanca,FALSE,1504819846
Douar Rherbaoua,Douar Rherbaoua,Gharbaoua,34.3694,-5.4875,Morocco,MA,MAR,Fès-Meknès,Fes-Meknes,MA-03,,,122.0,,,4,Africa/Casablanca,FALSE,1504489767
Tabouichit,Tabouichit,,32.8681,-5.5887,Morocco,MA,MAR,Béni Mellal-Khénifra,Beni Mellal-Khenifra,MA-05,,,30.4,,,4,Africa/Casablanca,FALSE,1504889046
Douar Souirat,Douar Souirat,Souirat,32.2927,-9.1471,Morocco,MA,MAR,Marrakech-Safi,Marrakech-Safi,MA-07,,,115.4,,,4,Africa/Casablanca,FALSE,1504197130
Idikel,Idikel,,31.5869,-6.6601,Morocco,MA,MAR,Béni Mellal-Khénifra,Beni Mellal-Khenifra,MA-05,,,29.2,,,4,Africa/Casablanca,FALSE,1504499932
Oulad Bnja,Oulad Bnja,,34.4558,-6.3803,Morocco,MA,MAR,Rabat-Salé-Kénitra,Rabat-Sale-Kenitra,MA-04,,,160.5,,,4,Africa/Casablanca,FALSE,1504961608
Idikel,Idikel,Idikl,29.7243,-8.8510,Morocco,MA,MAR,Souss-Massa,Souss-Massa,MA-09,,,16.2,,,4,Africa/Casablanca,FALSE,1504335024
Majjou,Majjou,Mezzou|Mejjou,30.9457,-8.0851,Morocco,MA,MAR,Marrakech-Safi,Marrakech-Safi,MA-07,,,25.5,,,4,Africa/Casablanca,FALSE,1504296267
El Aroussiine,El Aroussiine,Douar el Aroussiyne,34.4665,-6.0170,Morocco,MA,MAR,Rabat-Salé-Kénitra,Rabat-Sale-Kenitra,MA-04,,,131.5,,,4,Africa/Casablanca,FALSE,1504914120
Moulay el Maki,Moulay el Maki,,34.3169,-5.9198,Morocco,MA,MAR,Rabat-Salé-Kénitra,Rabat-Sale-Kenitra,MA-04,,,223.6,,,3,Africa/Casablanca,FALSE,1504003086
Douar Drioua,Douar Drioua,,31.6763,-9.3257,Morocco,MA,MAR,Marrakech-Safi,Marrakech-Safi,MA-07,,,84.1,,,4,Africa/Casablanca,FALSE,1504583591
Douar Drioua,Douar Drioua,,32.4182,-8.4301,Morocco,MA,MAR,Casablanca-Settat,Casablanca-Settat,MA-06,,,55.3,,,4,Africa/Casablanca,FALSE,1504814463
Majjou,Majjou,,30.6760,-8.2645,Morocco,MA,MAR,Souss-Massa,Souss-Massa,MA-09,,,60.2,,,4,Africa/Casablanca,FALSE,1504192134
Douar Drioua,Douar Drioua,,34.1631,-4.3980,Morocco,MA,MAR,Fès-Meknès,Fes-Meknes,MA-03,,,78.4,,,4,Africa/Casablanca,FALSE,1504857506
Ifadene Oudourdour,Ifadene Oudourdour,,30.6922,-9.4149,Morocco,MA,MAR,Souss-Massa,Souss-Massa,MA-09,,,34.6,,,4,Africa/Casablanca,FALSE,1504111216
Azourane,Azourane,,30.3107,-8.6168,Morocco,MA,MAR,Souss-Massa,Souss-Massa,MA-09,,,27.1,,,4,Africa/Casablanca,FALSE,1504720514
Ait Lasouar,Ait Lasouar,,31.5529,-9.5242,Morocco,MA,MAR,Marrakech-Safi,Marrakech-Safi,MA-07,,,77.6,,,4,Africa/Casablanca,FALSE,1504730853
Douar Khlilla,Douar Khlilla,,35.1628,-4.8334,Morocco,MA,MAR,Tanger-Tétouan-Al Hoceïma,Tanger-Tetouan-Al Hoceima,MA-01,,,95.8,,,4,Africa/Casablanca,FALSE,1504918220
Tilioua,Tilioua,,29.3379,-9.4652,Morocco,MA,MAR,Guelmim-Oued Noun,Guelmim-Oued Noun,MA-10,,,45.9,,,4,Africa/Casablanca,FALSE,1504314943
Mqarouech,Mqarouech,,32.3607,-7.8525,Morocco,MA,MAR,Marrakech-Safi,Marrakech-Safi,MA-07,,,28.0,,,4,Africa/Casablanca,FALSE,1504179209
’Aïn Jem’a,'Ain Jem'a,,33.2214,-5.6404,Morocco,MA,MAR,Béni Mellal-Khénifra,Beni Mellal-Khenifra,MA-05,,,16.6,,,4,Africa/Casablanca,FALSE,1504002550
Ali Ouzinib,Ali Ouzinib,Ali Uzinib,35.1051,-3.2100,Morocco,MA,MAR,Oriental,Oriental,MA-02,,,30.4,,,4,Africa/Casablanca,FALSE,1504047798
Douar Rib,Douar Rib,,31.6264,-8.0901,Morocco,MA,MAR,Marrakech-Safi,Marrakech-Safi,MA-07,,,340.0,,,3,Africa/Casablanca,FALSE,1504067458
Ahl Allouch,Ahl Allouch,,33.4036,-3.5941,Morocco,MA,MAR,Fès-Meknès,Fes-Meknes,MA-03,,,3.6,,,5,Africa/Casablanca,FALSE,1504073946
Moualine el Malah,Moualine el Malah,Oulad Salah|Douar Moualine el Malah|Douar Oulad Salah,32.1924,-7.3422,Morocco,MA,MAR,Marrakech-Safi,Marrakech-Safi,MA-07,,,95.0,,,4,Africa/Casablanca,FALSE,1504226110
Id Hari,Id Hari,,31.2056,-9.6189,Morocco,MA,MAR,Marrakech-Safi,Marrakech-Safi,MA-07,,,93.4,,,4,Africa/Casablanca,FALSE,1504481592
Douar Lbiyyara,Douar Lbiyyara,,31.9080,-8.8797,Morocco,MA,MAR,Marrakech-Safi,Marrakech-Safi,MA-07,,,59.0,,,4,Africa/Casablanca,FALSE,1504058882
Aït Ben Naçer,Ait Ben Nacer,,31.9570,-6.9716,Morocco,MA,MAR,Béni Mellal-Khénifra,Beni Mellal-Khenifra,MA-05,,,1021.2,,,3,Africa/Casablanca,FALSE,1504567359
Coopérative El Khayr,Cooperative El Khayr,,32.5345,-6.2935,Morocco,MA,MAR,Béni Mellal-Khénifra,Beni Mellal-Khenifra,MA-05,,,65.8,,,4,Africa/Casablanca,FALSE,1504001440
Douar Laqnasra,Douar Laqnasra,,34.2230,-4.7008,Morocco,MA,MAR,Fès-Meknès,Fes-Meknes,MA-03,,,87.5,,,4,Africa/Casablanca,FALSE,1504545559
Douar Oulad Kabbour Ben Nasri,Douar Oulad Kabbour Ben Nasri,,32.1830,-8.5380,Morocco,MA,MAR,Marrakech-Safi,Marrakech-Safi,MA-07,,,53.7,,,4,Africa/Casablanca,FALSE,1504139739
Id Zarbzane,Id Zarbzane,Id Zarbezan|Id Sorbezan,29.3226,-9.9704,Morocco,MA,MAR,Guelmim-Oued Noun,Guelmim-Oued Noun,MA-10,,,20.5,,,4,Africa/Casablanca,FALSE,1504801240
El Bououal,El Bououal,Boual,35.4073,-5.7151,Morocco,MA,MAR,Tanger-Tétouan-Al Hoceïma,Tanger-Tetouan-Al Hoceima,MA-01,,,40.9,,,4,Africa/Casablanca,FALSE,1504473239
Belhajiyine,Belhajiyine,,35.0509,-3.8630,Morocco,MA,MAR,Tanger-Tétouan-Al Hoceïma,Tanger-Tetouan-Al Hoceima,MA-01,,,97.4,,,4,Africa/Casablanca,FALSE,1504034565
Douar Ben Youssef,Douar Ben Youssef,Douar Beni Bou Youssef|Beni Bou Youssef,34.2908,-4.4877,Morocco,MA,MAR,Fès-Meknès,Fes-Meknes,MA-03,,,162.3,,,4,Africa/Casablanca,FALSE,1504514786
Dar Allal Ben Lahsen,Dar Allal Ben Lahsen,,33.6578,-6.4285,Morocco,MA,MAR,Rabat-Salé-Kénitra,Rabat-Sale-Kenitra,MA-04,,,25.3,,,4,Africa/Casablanca,FALSE,1504142300
Douar Ayt Haddiya,Douar Ayt Haddiya,,31.5699,-8.2019,Morocco,MA,MAR,Marrakech-Safi,Marrakech-Safi,MA-07,,,242.6,,,3,Africa/Casablanca,FALSE,1504697408
Chaaba,Chaaba,,31.5986,-7.7151,Morocco,MA,MAR,Marrakech-Safi,Marrakech-Safi,MA-07,,,208.8,,,3,Africa/Casablanca,FALSE,1504149349
Tiyghlal,Tiyghlal,,29.6451,-9.4695,Morocco,MA,MAR,Souss-Massa,Souss-Massa,MA-09,,,36.4,,,4,Africa/Casablanca,FALSE,1504627794
Agadir El Hajj Hammou,Agadir El Hajj Hammou,Agadir n’ Achej Hammou,30.6376,-8.5356,Morocco,MA,MAR,Souss-Massa,Souss-Massa,MA-09,,,108.2,,,4,Africa/Casablanca,FALSE,1504854048
Dar Cheikh Bouazza,Dar Cheikh Bouazza,Dar Cheïkh Bou Azza,33.2484,-7.2453,Morocco,MA,MAR,Casablanca-Settat,Casablanca-Settat,MA-06,,,74.5,,,4,Africa/Casablanca,FALSE,1504525812
Douar Iguerramene,Douar Iguerramene,,33.7760,-5.6377,Morocco,MA,MAR,Fès-Meknès,Fes-Meknes,MA-03,,,97.5,,,4,Africa/Casablanca,FALSE,1504761184
Tayfi,Tayfi,,35.6743,-5.7086,Morocco,MA,MAR,Tanger-Tétouan-Al Hoceïma,Tanger-Tetouan-Al Hoceima,MA-01,,,76.2,,,4,Africa/Casablanca,FALSE,1504089554
Douar Hidara,Douar Hidara,,35.0706,-2.3779,Morocco,MA,MAR,Oriental,Oriental,MA-02,,,119.1,,,4,Africa/Casablanca,FALSE,1504498214
Oulad Qaïd,Oulad Qaid,,32.8949,-7.6501,Morocco,MA,MAR,Casablanca-Settat,Casablanca-Settat,MA-06,,,59.9,,,4,Africa/Casablanca,FALSE,1504005756
Douar Leghfiri,Douar Leghfiri,,31.7229,-9.1758,Morocco,MA,MAR,Marrakech-Safi,Marrakech-Safi,MA-07,,,62.1,,,4,Africa/Casablanca,FALSE,1504623139
Douar Menouala,Douar Menouala,Minanala|Menouala|Menia|Douar Menia,34.5874,-5.4022,Morocco,MA,MAR,Tanger-Tétouan-Al Hoceïma,Tanger-Tetouan-Al Hoceima,MA-01,,,173.2,,,4,Africa/Casablanca,FALSE,1504063255
Id Bella,Id Bella,,29.3753,-9.3857,Morocco,MA,MAR,Guelmim-Oued Noun,Guelmim-Oued Noun,MA-10,,,31.2,,,4,Africa/Casablanca,FALSE,1504752931
Id Bella,Id Bella,,29.3032,-9.6591,Morocco,MA,MAR,Guelmim-Oued Noun,Guelmim-Oued Noun,MA-10,,,26.6,,,4,Africa/Casablanca,TRUE,1504474262
Id Bella,Id Bella,Id U Bel-la|Id Ou Belrla,29.3436,-10.0673,Morocco,MA,MAR,Guelmim-Oued Noun,Guelmim-Oued Noun,MA-10,,,16.0,,,4,Africa/Casablanca,TRUE,1504070557
Ichaouine,Ichaouine,,31.3523,-9.7733,Morocco,MA,MAR,Marrakech-Safi,Marrakech-Safi,MA-07,,,66.3,,,4,Africa/Casablanca,FALSE,1504384535
Ichaouine,Ichaouine,,31.1393,-9.7272,Morocco,MA,MAR,Marrakech-Safi,Marrakech-Safi,MA-07,,,65.4,,,4,Africa/Casablanca,TRUE,1504975985
Dar El Ouali,Dar El Ouali,,33.9861,-4.6488,Morocco,MA,MAR,Fès-Meknès,Fes-Meknes,MA-03,,,57.4,,,4,Africa/Casablanca,FALSE,1504463265
Tawrirt-n-Aït Hammou,Tawrirt-n-Ait Hammou,Taourirt,30.1579,-8.5730,Morocco,MA,MAR,Souss-Massa,Souss-Massa,MA-09,,,20.4,,,4,Africa/Casablanca,FALSE,1504907805
Tafangha-n-Oubarka,Tafangha-n-Oubarka,,30.1564,-8.4660,Morocco,MA,MAR,Souss-Massa,Souss-Massa,MA-09,,,31.5,,,4,Africa/Casablanca,FALSE,1504446093
Ouazla,Ouazla,,35.6819,-5.6325,Morocco,MA,MAR,Tanger-Tétouan-Al Hoceïma,Tanger-Tetouan-Al Hoceima,MA-01,,,94.9,,,4,Africa/Casablanca,FALSE,1504000087
Bou Tehirt,Bou Tehirt,,31.1908,-9.7719,Morocco,MA,MAR,Marrakech-Safi,Marrakech-Safi,MA-07,,,99.7,,,4,Africa/Casablanca,FALSE,1504013879
Tbouchent,Tbouchent,Tbououchent,32.6857,-3.3309,Morocco,MA,MAR,Oriental,Oriental,MA-02,,,4.3,,,5,Africa/Casablanca,FALSE,1504994326
Douar Tilioua,Douar Tilioua,,31.3003,-9.5885,Morocco,MA,MAR,Marrakech-Safi,Marrakech-Safi,MA-07,,,43.9,,,4,Africa/Casablanca,FALSE,1504324553
Imechtekka,Imechtekka,,31.2626,-9.6332,Morocco,MA,MAR,Marrakech-Safi,Marrakech-Safi,MA-07,,,38.5,,,4,Africa/Casablanca,FALSE,1504281966
Takarrat,Takarrat,,31.1966,-7.1327,Morocco,MA,MAR,Drâa-Tafilalet,Draa-Tafilalet,MA-08,,,20.3,,,4,Africa/Casablanca,FALSE,1504576086
Douar Oulad Cheddad,Douar Oulad Cheddad,Ouled Chadad|Oulad Cheddad,34.3632,-5.9039,Morocco,MA,MAR,Rabat-Salé-Kénitra,Rabat-Sale-Kenitra,MA-04,,,301.9,,,3,Africa/Casablanca,FALSE,1504655646
Fedala,Fedala,,33.0376,-6.6383,Morocco,MA,MAR,Béni Mellal-Khénifra,Beni Mellal-Khenifra,MA-05,,,48.7,,,4,Africa/Casablanca,FALSE,1504001713
El Had Taoubat,El Had Taoubat,El Had|El Had Taoubate|Had-Touabèt|El Had Touabet,31.9022,-9.3160,Morocco,MA,MAR,Marrakech-Safi,Marrakech-Safi,MA-07,,,71.0,,,4,Africa/Casablanca,FALSE,1504844211
Douar Bouazza,Douar Bouazza,,34.8179,-6.1301,Morocco,MA,MAR,Rabat-Salé-Kénitra,Rabat-Sale-Kenitra,MA-04,,,137.1,,,4,Africa/Casablanca,FALSE,1504258244
Douar Bouazza,Douar Bouazza,,31.5231,-7.7735,Morocco,MA,MAR,Marrakech-Safi,Marrakech-Safi,MA-07,,,316.0,,,3,Africa/Casablanca,FALSE,1504900292
Douar Bouazza,Douar Bouazza,,32.0159,-8.7868,Morocco,MA,MAR,Marrakech-Safi,Marrakech-Safi,MA-07,,,59.5,,,4,Africa/Casablanca,TRUE,1504407026
Asroug,Asroug,,30.9366,-7.5440,Morocco,MA,MAR,Drâa-Tafilalet,Draa-Tafilalet,MA-08,,,9.7,,,5,Africa/Casablanca,FALSE,1504585381
Oulad Mansour,Oulad Mansour,Ouled Mansour|Oulad Mannsour|Douar El Caïd Sidi Tabbae|El Caïd Sidi Tebaa|Douar el Caïd Sidi Tebaa|Caïd Sidi Tebaa,32.4449,-8.8483,Morocco,MA,MAR,Marrakech-Safi,Marrakech-Safi,MA-07,,,82.4,,,4,Africa/Casablanca,FALSE,1504700451
Oulad Mansour,Oulad Mansour,,31.6979,-9.1953,Morocco,MA,MAR,Marrakech-Safi,Marrakech-Safi,MA-07,,,62.1,,,4,Africa/Casablanca,TRUE,1504390756
Oulad Mansour,Oulad Mansour,,31.8987,-8.8033,Morocco,MA,MAR,Marrakech-Safi,Marrakech-Safi,MA-07,,,59.0,,,4,Africa/Casablanca,TRUE,1504643675
Oulad Mansour,Oulad Mansour,Ouled Mannsour,32.4955,-8.0996,Morocco,MA,MAR,Marrakech-Safi,Marrakech-Safi,MA-07,,,36.6,,,4,Africa/Casablanca,TRUE,1504569123
Oulad Mansour,Oulad Mansour,,32.1246,-7.4486,Morocco,MA,MAR,Marrakech-Safi,Marrakech-Safi,MA-07,,,29.3,,,4,Africa/Casablanca,TRUE,1504358616
Oulad Mansour,Oulad Mansour,Oulad Mannsour|Ouled Manssour Sahra Sidi Meftah,31.7974,-7.9198,Morocco,MA,MAR,Marrakech-Safi,Marrakech-Safi,MA-07,,,27.7,,,4,Africa/Casablanca,TRUE,1504580208
Agadir-n-Oumzil,Agadir-n-Oumzil,Agadir,30.7822,-8.4811,Morocco,MA,MAR,Souss-Massa,Souss-Massa,MA-09,,,46.0,,,4,Africa/Casablanca,FALSE,1504640172
Aït Sallam,Ait Sallam,Aït Sellam,31.9761,-6.8275,Morocco,MA,MAR,Béni Mellal-Khénifra,Beni Mellal-Khenifra,MA-05,,,81.0,,,4,Africa/Casablanca,FALSE,1504380660
Oulad Mansour,Oulad Mansour,Ouled Mansour|Beni Oukil,35.0799,-2.2589,Morocco,MA,MAR,Oriental,Oriental,MA-02,,,132.3,,,4,Africa/Casablanca,FALSE,1504131238
Oulad Mansour,Oulad Mansour,,35.0360,-3.0760,Morocco,MA,MAR,Oriental,Oriental,MA-02,,,67.1,,,4,Africa/Casablanca,TRUE,1504065569
Oulad Mansour,Oulad Mansour,,35.0398,-2.8815,Morocco,MA,MAR,Oriental,Oriental,MA-02,,,56.9,,,4,Africa/Casablanca,TRUE,1504437220
Oulad Mansour,Oulad Mansour,,32.8220,-3.8616,Morocco,MA,MAR,Oriental,Oriental,MA-02,,,4.9,,,5,Africa/Casablanca,TRUE,1504002302
Takate,Takate,Khmis Takat|Khemis Takate,31.6507,-9.4691,Morocco,MA,MAR,Marrakech-Safi,Marrakech-Safi,MA-07,,,71.4,,,4,Africa/Casablanca,FALSE,1504112892
El Majoub,El Majoub,El Mahjoub,29.8000,-9.5100,Morocco,MA,MAR,Souss-Massa,Souss-Massa,MA-09,,,19.6,,,4,Africa/Casablanca,FALSE,1504190836
El-Lebsabsa,El-Lebsabsa,,32.7759,-7.5219,Morocco,MA,MAR,Casablanca-Settat,Casablanca-Settat,MA-06,,,101.6,,,4,Africa/Casablanca,FALSE,1504984856
Douar Azeflala,Douar Azeflala,Asaflala|Aseflada,31.2968,-8.0094,Morocco,MA,MAR,Marrakech-Safi,Marrakech-Safi,MA-07,,,91.0,,,4,Africa/Casablanca,FALSE,1504210786
Douar Kasbat Ben Ammour,Douar Kasbat Ben Ammour,Douar Kasba|Kasbat|Kasba,32.3407,-8.7115,Morocco,MA,MAR,Marrakech-Safi,Marrakech-Safi,MA-07,,,82.5,,,4,Africa/Casablanca,FALSE,1504279168
Dar Merah Deriba,Dar Merah Deriba,Douar Merah Deriba|Duar Merah Deriba,35.8198,-5.3752,Morocco,MA,MAR,Tanger-Tétouan-Al Hoceïma,Tanger-Tetouan-Al Hoceima,MA-01,,,2720.0,,,2,Africa/Casablanca,FALSE,1504982390
Aït beni ou Kou,Ait beni ou Kou,,32.9317,-5.8942,Morocco,MA,MAR,Béni Mellal-Khénifra,Beni Mellal-Khenifra,MA-05,,,21.1,,,4,Africa/Casablanca,FALSE,1504547326
Douar Lfirma Lhamra,Douar Lfirma Lhamra,,34.9151,-2.4927,Morocco,MA,MAR,Oriental,Oriental,MA-02,,,83.7,,,4,Africa/Casablanca,FALSE,1504305182
Douar Lhalhal,Douar Lhalhal,,34.7522,-5.2132,Morocco,MA,MAR,Tanger-Tétouan-Al Hoceïma,Tanger-Tetouan-Al Hoceima,MA-01,,,165.1,,,4,Africa/Casablanca,FALSE,1504227180
Dar Ali ou Raihou,Dar Ali ou Raihou,,33.5124,-5.5120,Morocco,MA,MAR,Fès-Meknès,Fes-Meknes,MA-03,,,31.6,,,4,Africa/Casablanca,FALSE,1504939992
Kabala,Kabala,Kalala,34.7645,-6.1165,Morocco,MA,MAR,Rabat-Salé-Kénitra,Rabat-Sale-Kenitra,MA-04,,,118.4,,,4,Africa/Casablanca,FALSE,1504334262
Imekkassane,Imekkassane,,30.9242,-9.5908,Morocco,MA,MAR,Marrakech-Safi,Marrakech-Safi,MA-07,,,24.5,,,4,Africa/Casablanca,FALSE,1504805950
Douar Dardara,Douar Dardara,Dardara,34.3332,-4.2296,Morocco,MA,MAR,Fès-Meknès,Fes-Meknes,MA-03,,,130.5,,,4,Africa/Casablanca,FALSE,1504627324
Douar Oulad Ahsine,Douar Oulad Ahsine,,34.3299,-5.8085,Morocco,MA,MAR,Rabat-Salé-Kénitra,Rabat-Sale-Kenitra,MA-04,,,291.0,,,3,Africa/Casablanca,FALSE,1504000686
Douar Amir Ou Moussa,Douar Amir Ou Moussa,Maboura,34.8243,-2.4533,Morocco,MA,MAR,Oriental,Oriental,MA-02,,,60.8,,,4,Africa/Casablanca,FALSE,1504253282
Twissat,Twissat,,33.3224,-8.2943,Morocco,MA,MAR,Casablanca-Settat,Casablanca-Settat,MA-06,,,223.3,,,3,Africa/Casablanca,FALSE,1504001077
Douar Lahmassis,Douar Lahmassis,,34.2932,-6.4558,Morocco,MA,MAR,Rabat-Salé-Kénitra,Rabat-Sale-Kenitra,MA-04,,,214.4,,,3,Africa/Casablanca,FALSE,1504000790
Hnancha,Hnancha,Henancha|Khenaïssa,35.3812,-5.8361,Morocco,MA,MAR,Tanger-Tétouan-Al Hoceïma,Tanger-Tetouan-Al Hoceima,MA-01,,,42.1,,,4,Africa/Casablanca,FALSE,1504102451
Douar Erreqabiyine,Douar Erreqabiyine,,34.3677,-4.6001,Morocco,MA,MAR,Fès-Meknès,Fes-Meknes,MA-03,,,122.9,,,4,Africa/Casablanca,FALSE,1504194201
Ayt Atmane,Ayt Atmane,,32.7380,-5.3537,Morocco,MA,MAR,Béni Mellal-Khénifra,Beni Mellal-Khenifra,MA-05,,,30.6,,,4,Africa/Casablanca,FALSE,1504002704
Lemjarba,Lemjarba,,31.4907,-9.3973,Morocco,MA,MAR,Marrakech-Safi,Marrakech-Safi,MA-07,,,78.4,,,4,Africa/Casablanca,FALSE,1504171706
Oulad Aicha,Oulad Aicha,,34.8724,-2.3212,Morocco,MA,MAR,Oriental,Oriental,MA-02,,,107.4,,,4,Africa/Casablanca,FALSE,1504743451
Oulad Aicha,Oulad Aicha,,34.7026,-5.9747,Morocco,MA,MAR,Rabat-Salé-Kénitra,Rabat-Sale-Kenitra,MA-04,,,92.4,,,4,Africa/Casablanca,FALSE,1504962064
Dar Laayaycha Lhachmi,Dar Laayaycha Lhachmi,,34.5967,-6.4180,Morocco,MA,MAR,Rabat-Salé-Kénitra,Rabat-Sale-Kenitra,MA-04,,,219.7,,,3,Africa/Casablanca,FALSE,1504860214
Timine Louka,Timine Louka,,30.2079,-8.0147,Morocco,MA,MAR,Souss-Massa,Souss-Massa,MA-09,,,11.3,,,4,Africa/Casablanca,FALSE,1504265227
Oulad Dhamna,Oulad Dhamna,,32.7365,-7.7361,Morocco,MA,MAR,Casablanca-Settat,Casablanca-Settat,MA-06,,,53.2,,,4,Africa/Casablanca,FALSE,1504928794
Adar n-Tsiret,Adar n-Tsiret,,32.6685,-5.1461,Morocco,MA,MAR,Drâa-Tafilalet,Draa-Tafilalet,MA-08,,,10.4,,,4,Africa/Casablanca,FALSE,1504002548
Douar El Ksar,Douar El Ksar,,32.7826,-8.7731,Morocco,MA,MAR,Casablanca-Settat,Casablanca-Settat,MA-06,,,122.1,,,4,Africa/Casablanca,FALSE,1504265641
Anamr’ou Magour,Anamr'ou Magour,,29.8112,-9.0679,Morocco,MA,MAR,Souss-Massa,Souss-Massa,MA-09,,,21.0,,,4,Africa/Casablanca,FALSE,1504701267
Ait Boubker,Ait Boubker,,33.5022,-5.3541,Morocco,MA,MAR,Fès-Meknès,Fes-Meknes,MA-03,,,24.3,,,4,Africa/Casablanca,FALSE,1504477879
Aït Boubker,Ait Boubker,,33.1015,-5.2717,Morocco,MA,MAR,Fès-Meknès,Fes-Meknes,MA-03,,,14.5,,,4,Africa/Casablanca,TRUE,1504002442
Aït Hammou Saïd,Ait Hammou Said,,32.3586,-6.2909,Morocco,MA,MAR,Béni Mellal-Khénifra,Beni Mellal-Khenifra,MA-05,,,105.6,,,4,Africa/Casablanca,FALSE,1504476777
Fassant,Fassant,Fassent,30.7441,-7.1880,Morocco,MA,MAR,Drâa-Tafilalet,Draa-Tafilalet,MA-08,,,10.5,,,4,Africa/Casablanca,FALSE,1504215814
Aït Boubker,Ait Boubker,,30.4427,-8.7991,Morocco,MA,MAR,Souss-Massa,Souss-Massa,MA-09,,,136.9,,,4,Africa/Casablanca,FALSE,1504504331
Aït Boubker,Ait Boubker,Aït Bou Beker|Ait Sidi Bou Beker,31.2171,-6.1215,Morocco,MA,MAR,Drâa-Tafilalet,Draa-Tafilalet,MA-08,,,532.0,,,3,Africa/Casablanca,FALSE,1504581715
Tiguemmi Ouggourd,Tiguemmi Ouggourd,,30.9042,-9.2257,Morocco,MA,MAR,Marrakech-Safi,Marrakech-Safi,MA-07,,,24.5,,,4,Africa/Casablanca,FALSE,1504825496
A’ urnoûk,A' urnouk,,34.9886,-3.9759,Morocco,MA,MAR,Tanger-Tétouan-Al Hoceïma,Tanger-Tetouan-Al Hoceima,MA-01,,,69.8,,,4,Africa/Casablanca,FALSE,1504546517
Tlet Sidi Bouguedra,Tlet Sidi Bouguedra,Et Tleta|Souk et Tleta de Sidi Embarek|Tleta Bou Guedra|Tleta Sidi Mbarek Bou Guedra|Tleta de Sidi Bouguedra|Tleta Sidi Mbark Bouguedra|Tleta Sidi Mbarek|Tléta|Souq et Tleta de Sidi Bouguedra|Et Tleta de Sidi Embarek,32.2551,-8.9807,Morocco,MA,MAR,Marrakech-Safi,Marrakech-Safi,MA-07,,,360.4,,,3,Africa/Casablanca,FALSE,1504673659
Anammr Wassif,Anammr Wassif,,29.5754,-9.2125,Morocco,MA,MAR,Souss-Massa,Souss-Massa,MA-09,,,21.6,,,4,Africa/Casablanca,FALSE,1504844433
El Bouadis,El Bouadis,Bouadice,33.6797,-4.6594,Morocco,MA,MAR,Fès-Meknès,Fes-Meknes,MA-03,,,33.3,,,4,Africa/Casablanca,FALSE,1504659840
Aïn Jenna,Ain Jenna,,34.5350,-4.8670,Morocco,MA,MAR,Fès-Meknès,Fes-Meknes,MA-03,,,115.6,,,4,Africa/Casablanca,FALSE,1504067311
Iboudrane,Iboudrane,Iboudrarene,29.7994,-9.3557,Morocco,MA,MAR,Souss-Massa,Souss-Massa,MA-09,,,24.1,,,4,Africa/Casablanca,FALSE,1504721897
Ed Dhourane,Ed Dhourane,,31.1056,-9.0257,Morocco,MA,MAR,Marrakech-Safi,Marrakech-Safi,MA-07,,,56.6,,,4,Africa/Casablanca,FALSE,1504145785
Essour,Essour,,34.6533,-5.4784,Morocco,MA,MAR,Tanger-Tétouan-Al Hoceïma,Tanger-Tetouan-Al Hoceima,MA-01,,,151.3,,,4,Africa/Casablanca,FALSE,1504978053
Hayyouna,Hayyouna,,35.5758,-5.2939,Morocco,MA,MAR,Tanger-Tétouan-Al Hoceïma,Tanger-Tetouan-Al Hoceima,MA-01,,,1225.2,,,3,Africa/Casablanca,FALSE,1504561658
Akeret,Akeret,,31.4702,-9.2115,Morocco,MA,MAR,Marrakech-Safi,Marrakech-Safi,MA-07,,,49.0,,,4,Africa/Casablanca,FALSE,1504347507
Iy Bou ’Laln,Iy Bou 'Laln,Igouzoulene|Igouzoulen|Igouzoulne,29.6076,-9.3105,Morocco,MA,MAR,Souss-Massa,Souss-Massa,MA-09,,,29.3,,,4,Africa/Casablanca,FALSE,1504565024
El Ksaïba,El Ksaiba,Kseiba|El Ksiba|El Ksaïbe|El OÇaïba,31.3673,-8.6265,Morocco,MA,MAR,Marrakech-Safi,Marrakech-Safi,MA-07,,,29.2,,,4,Africa/Casablanca,FALSE,1504414105
Douar Laarayssa,Douar Laarayssa,,34.1186,-5.0657,Morocco,MA,MAR,Fès-Meknès,Fes-Meknes,MA-03,,,93.5,,,4,Africa/Casablanca,FALSE,1504615651
Douar Caïd el Hachemi,Douar Caid el Hachemi,,31.8220,-7.3935,Morocco,MA,MAR,Marrakech-Safi,Marrakech-Safi,MA-07,,,174.6,,,4,Africa/Casablanca,FALSE,1504048004
Afa-n-Tinzlay,Afa-n-Tinzlay,,29.8581,-8.9957,Morocco,MA,MAR,Souss-Massa,Souss-Massa,MA-09,,,9.9,,,5,Africa/Casablanca,FALSE,1504413880
Ad Dachra,Ad Dachra,,33.2515,-8.2880,Morocco,MA,MAR,Casablanca-Settat,Casablanca-Settat,MA-06,,,220.3,,,3,Africa/Casablanca,FALSE,1504001059
Takessa,Takessa,,30.6551,-9.4500,Morocco,MA,MAR,Souss-Massa,Souss-Massa,MA-09,,,24.2,,,4,Africa/Casablanca,FALSE,1504180121
Douar Oulad Bouhmayd,Douar Oulad Bouhmayd,Douar Oulad bou Hamid,32.7543,-8.5794,Morocco,MA,MAR,Casablanca-Settat,Casablanca-Settat,MA-06,,,139.1,,,4,Africa/Casablanca,FALSE,1504116674
Mon. Fre d’Azrif,Mon. Fre d'Azrif,,31.5396,-7.2625,Morocco,MA,MAR,Marrakech-Safi,Marrakech-Safi,MA-07,,,117.0,,,4,Africa/Casablanca,FALSE,1504753751
Bou Zal,Bou Zal,,31.1864,-9.3524,Morocco,MA,MAR,Marrakech-Safi,Marrakech-Safi,MA-07,,,31.7,,,4,Africa/Casablanca,FALSE,1504003724
Aït Mhiyya,Ait Mhiyya,,31.9645,-6.9940,Morocco,MA,MAR,Béni Mellal-Khénifra,Beni Mellal-Khenifra,MA-05,,,718.1,,,3,Africa/Casablanca,FALSE,1504375548
Tiziane,Tiziane,Tazienne,31.1423,-7.9859,Morocco,MA,MAR,Marrakech-Safi,Marrakech-Safi,MA-07,,,57.0,,,4,Africa/Casablanca,FALSE,1504507993
Ed-Douira,Ed-Douira,,32.8505,-7.6578,Morocco,MA,MAR,Casablanca-Settat,Casablanca-Settat,MA-06,,,68.4,,,4,Africa/Casablanca,FALSE,1504830948
Laarab,Laarab,,31.8979,-9.0948,Morocco,MA,MAR,Marrakech-Safi,Marrakech-Safi,MA-07,,,68.9,,,4,Africa/Casablanca,FALSE,1504783219
Tine Khazaz,Tine Khazaz,,30.2336,-9.3932,Morocco,MA,MAR,Souss-Massa,Souss-Massa,MA-09,,,259.5,,,3,Africa/Casablanca,FALSE,1504837003
Kasba Imenaïne,Kasba Imenaine,,33.1100,-4.6300,Morocco,MA,MAR,Fès-Meknès,Fes-Meknes,MA-03,,,4.9,,,5,Africa/Casablanca,FALSE,1504216326
Douar Ait Said Ou Abderrahmane,Douar Ait Said Ou Abderrahmane,,33.6168,-4.9513,Morocco,MA,MAR,Fès-Meknès,Fes-Meknes,MA-03,,,32.1,,,4,Africa/Casablanca,FALSE,1504420102
Et Tnine,Et Tnine,,34.4326,-3.8424,Morocco,MA,MAR,Oriental,Oriental,MA-02,,,20.5,,,4,Africa/Casablanca,FALSE,1504003051
Douar Chelba,Douar Chelba,,33.7454,-6.6522,Morocco,MA,MAR,Rabat-Salé-Kénitra,Rabat-Sale-Kenitra,MA-04,,,30.4,,,4,Africa/Casablanca,FALSE,1504226329
Et Tnine,Et Tnine,,30.2707,-8.7625,Morocco,MA,MAR,Souss-Massa,Souss-Massa,MA-09,,,48.9,,,4,Africa/Casablanca,FALSE,1504492933
Tilmezdight,Tilmezdight,Tilmzdigh|Tilmezdirht|Tilmendirh|Tilmendigh,30.4124,-8.4412,Morocco,MA,MAR,Souss-Massa,Souss-Massa,MA-09,,,22.8,,,4,Africa/Casablanca,FALSE,1504754427
Timristine,Timristine,,30.7949,-9.5994,Morocco,MA,MAR,Souss-Massa,Souss-Massa,MA-09,,,22.3,,,4,Africa/Casablanca,FALSE,1504311931
Oulad El Othmani,Oulad El Othmani,,35.1243,-3.7920,Morocco,MA,MAR,Oriental,Oriental,MA-02,,,99.7,,,4,Africa/Casablanca,FALSE,1504353131
Askmoud,Askmoud,Askemoud,32.0685,-6.0324,Morocco,MA,MAR,Béni Mellal-Khénifra,Beni Mellal-Khenifra,MA-05,,,16.9,,,4,Africa/Casablanca,FALSE,1504421513
Dekra el Azib,Dekra el Azib,,33.9506,-5.3516,Morocco,MA,MAR,Fès-Meknès,Fes-Meknes,MA-03,,,216.7,,,3,Africa/Casablanca,FALSE,1504300541
Dar S’id Ou Mouh,Dar S'id Ou Mouh,,32.5883,-5.2956,Morocco,MA,MAR,Drâa-Tafilalet,Draa-Tafilalet,MA-08,,,24.3,,,4,Africa/Casablanca,FALSE,1504002760
Douar Ait Ikkou,Douar Ait Ikkou,,33.8155,-5.6632,Morocco,MA,MAR,Fès-Meknès,Fes-Meknes,MA-03,,,59.5,,,4,Africa/Casablanca,FALSE,1504394995
Douar Ait Ikkou,Douar Ait Ikkou,,33.5018,-5.6217,Morocco,MA,MAR,Fès-Meknès,Fes-Meknes,MA-03,,,18.9,,,4,Africa/Casablanca,TRUE,1504768570
Douar Khmalcha,Douar Khmalcha,,33.0232,-7.1291,Morocco,MA,MAR,Casablanca-Settat,Casablanca-Settat,MA-06,,,76.2,,,4,Africa/Casablanca,FALSE,1504295704
Aïn Aït Zatou,Ain Ait Zatou,Aït Zatour,30.2967,-6.8275,Morocco,MA,MAR,Souss-Massa,Souss-Massa,MA-09,,,1.8,,,5,Africa/Casablanca,FALSE,1504608378
Dar Ali Massaoud,Dar Ali Massaoud,,35.2266,-3.6631,Morocco,MA,MAR,Oriental,Oriental,MA-02,,,88.5,,,4,Africa/Casablanca,FALSE,1504774453
Regraguiya,Regraguiya,,33.0420,-8.6254,Morocco,MA,MAR,Casablanca-Settat,Casablanca-Settat,MA-06,,,193.6,,,4,Africa/Casablanca,FALSE,1504001500
Ait Ali ou Othmane,Ait Ali ou Othmane,,33.8904,-5.2710,Morocco,MA,MAR,Fès-Meknès,Fes-Meknes,MA-03,,,161.9,,,4,Africa/Casablanca,FALSE,1504677587
Douar Laklalssa,Douar Laklalssa,,32.0675,-9.2886,Morocco,MA,MAR,Marrakech-Safi,Marrakech-Safi,MA-07,,,98.8,,,4,Africa/Casablanca,FALSE,1504694663
Houmat Lebyar,Houmat Lebyar,,35.6612,-5.6688,Morocco,MA,MAR,Tanger-Tétouan-Al Hoceïma,Tanger-Tetouan-Al Hoceima,MA-01,,,75.6,,,4,Africa/Casablanca,FALSE,1504939646
Ayn L’assid,Ayn L'assid,,30.6442,-8.4775,Morocco,MA,MAR,Souss-Massa,Souss-Massa,MA-09,,,1559.6,,,3,Africa/Casablanca,FALSE,1504668670
Sidi el Haj ou Ali,Sidi el Haj ou Ali,,29.7250,-8.5577,Morocco,MA,MAR,Souss-Massa,Souss-Massa,MA-09,,,3.2,,,5,Africa/Casablanca,FALSE,1504012244
Douar Laagoubat,Douar Laagoubat,,34.1857,-5.3912,Morocco,MA,MAR,Fès-Meknès,Fes-Meknes,MA-03,,,44.6,,,4,Africa/Casablanca,FALSE,1504693982
Soussate,Soussate,,34.4879,-6.4813,Morocco,MA,MAR,Rabat-Salé-Kénitra,Rabat-Sale-Kenitra,MA-04,,,211.8,,,3,Africa/Casablanca,FALSE,1504324670
Gtati,Gtati,Getati|Douar Gtati,34.2435,-3.8418,Morocco,MA,MAR,Oriental,Oriental,MA-02,,,23.4,,,4,Africa/Casablanca,FALSE,1504402764
Douar Hlalma,Douar Hlalma,Douar Lalalma|Lalalma,34.2880,-4.2541,Morocco,MA,MAR,Fès-Meknès,Fes-Meknes,MA-03,,,120.4,,,4,Africa/Casablanca,FALSE,1504416938
Tikkert n’Ououchene,Tikkert n'Ououchene,,30.8297,-5.4241,Morocco,MA,MAR,Drâa-Tafilalet,Draa-Tafilalet,MA-08,,,12.0,,,4,Africa/Casablanca,FALSE,1504095071
Community Oulad Daoud,Community Oulad Daoud,Commune Oulad Daoud,34.4056,-4.6935,Morocco,MA,MAR,Fès-Meknès,Fes-Meknes,MA-03,,,118.5,,,4,Africa/Casablanca,FALSE,1504910982
Rhamna,Rhamna,Er Rehamna|Ghamna,35.0821,-6.1528,Morocco,MA,MAR,Tanger-Tétouan-Al Hoceïma,Tanger-Tetouan-Al Hoceima,MA-01,,,145.5,,,4,Africa/Casablanca,FALSE,1504534895
Boudrarat,Boudrarat,Douar ech Chlihat|Chlihat,32.3033,-9.1159,Morocco,MA,MAR,Marrakech-Safi,Marrakech-Safi,MA-07,,,115.4,,,4,Africa/Casablanca,FALSE,1504914497
Douar Nzala,Douar Nzala,,33.5990,-7.3041,Morocco,MA,MAR,Casablanca-Settat,Casablanca-Settat,MA-06,,,761.9,,,3,Africa/Casablanca,FALSE,1504685675
Ibarryne,Ibarryne,,30.6697,-9.8644,Morocco,MA,MAR,Souss-Massa,Souss-Massa,MA-09,,,61.8,,,4,Africa/Casablanca,FALSE,1504679903
Imsikni,Imsikni,,30.0143,-8.4330,Morocco,MA,MAR,Souss-Massa,Souss-Massa,MA-09,,,10.2,,,4,Africa/Casablanca,FALSE,1504592689
Douar Nzala,Douar Nzala,,31.4991,-9.5366,Morocco,MA,MAR,Marrakech-Safi,Marrakech-Safi,MA-07,,,48.3,,,4,Africa/Casablanca,FALSE,1504743111
Douar Nzala,Douar Nzala,,32.5108,-7.8972,Morocco,MA,MAR,Marrakech-Safi,Marrakech-Safi,MA-07,,,35.8,,,4,Africa/Casablanca,TRUE,1504309657
Douar Nzala,Douar Nzala,,31.7468,-7.7425,Morocco,MA,MAR,Marrakech-Safi,Marrakech-Safi,MA-07,,,34.5,,,4,Africa/Casablanca,TRUE,1504195680
Douar Nzala,Douar Nzala,,31.9650,-8.3404,Morocco,MA,MAR,Marrakech-Safi,Marrakech-Safi,MA-07,,,29.6,,,4,Africa/Casablanca,TRUE,1504985276
El Oufrat,El Oufrat,,31.0898,-9.1551,Morocco,MA,MAR,Marrakech-Safi,Marrakech-Safi,MA-07,,,30.8,,,4,Africa/Casablanca,FALSE,1504635011
Oulad El Chali,Oulad El Chali,,32.3986,-7.8750,Morocco,MA,MAR,Marrakech-Safi,Marrakech-Safi,MA-07,,,32.0,,,4,Africa/Casablanca,FALSE,1504097376
Zâouïet el Kediyâ,Zaouiet el Kediya,Zaouia Tat el Kodir,29.9300,-5.5000,Morocco,MA,MAR,Drâa-Tafilalet,Draa-Tafilalet,MA-08,,,3.7,,,5,Africa/Casablanca,FALSE,1504860359
Douar Boured,Douar Boured,,35.2747,-5.0149,Morocco,MA,MAR,Tanger-Tétouan-Al Hoceïma,Tanger-Tetouan-Al Hoceima,MA-01,,,133.4,,,4,Africa/Casablanca,FALSE,1504021153
Oulad Bouchta Ouarour,Oulad Bouchta Ouarour,Oulad Bouchta,35.0934,-5.9432,Morocco,MA,MAR,Tanger-Tétouan-Al Hoceïma,Tanger-Tetouan-Al Hoceima,MA-01,,,186.8,,,4,Africa/Casablanca,FALSE,1504662113
Imezlaï,Imezlai,,33.7385,-3.9263,Morocco,MA,MAR,Oriental,Oriental,MA-02,,,11.6,,,4,Africa/Casablanca,FALSE,1504070729
Douar Iznayene,Douar Iznayene,,35.1446,-3.8202,Morocco,MA,MAR,Tanger-Tétouan-Al Hoceïma,Tanger-Tetouan-Al Hoceima,MA-01,,,1002.2,,,3,Africa/Casablanca,FALSE,1504976581
Laghfouria,Laghfouria,,34.0639,-2.0541,Morocco,MA,MAR,Oriental,Oriental,MA-02,,,4.1,,,5,Africa/Casablanca,FALSE,1504003275
Id Ou Kharrat,Id Ou Kharrat,,31.0144,-9.7428,Morocco,MA,MAR,Marrakech-Safi,Marrakech-Safi,MA-07,,,69.4,,,4,Africa/Casablanca,FALSE,1504252119
Douar Ben Taghi Guchouana,Douar Ben Taghi Guchouana,,33.0531,-7.2289,Morocco,MA,MAR,Casablanca-Settat,Casablanca-Settat,MA-06,,,800.6,,,3,Africa/Casablanca,FALSE,1504060723
Toubouziyd,Toubouziyd,,29.9561,-8.7638,Morocco,MA,MAR,Souss-Massa,Souss-Massa,MA-09,,,13.7,,,4,Africa/Casablanca,FALSE,1504279259
El Koraïma,El Koraima,El Coraima,29.3806,-10.1279,Morocco,MA,MAR,Guelmim-Oued Noun,Guelmim-Oued Noun,MA-10,,,16.0,,,4,Africa/Casablanca,FALSE,1504114745
Dar Mohamed Ben Doukkali,Dar Mohamed Ben Doukkali,,32.0387,-9.2543,Morocco,MA,MAR,Marrakech-Safi,Marrakech-Safi,MA-07,,,100.5,,,4,Africa/Casablanca,FALSE,1504907306
Çahçah,Cahcah,Sasaha,32.0971,-6.9195,Morocco,MA,MAR,Béni Mellal-Khénifra,Beni Mellal-Khenifra,MA-05,,,52.2,,,4,Africa/Casablanca,FALSE,1504756379
Douar Tazemmort,Douar Tazemmort,,35.0241,-4.2233,Morocco,MA,MAR,Tanger-Tétouan-Al Hoceïma,Tanger-Tetouan-Al Hoceima,MA-01,,,53.1,,,4,Africa/Casablanca,FALSE,1504390304
Oulad Bou Azza El Mati,Oulad Bou Azza El Mati,,32.9031,-7.5114,Morocco,MA,MAR,Casablanca-Settat,Casablanca-Settat,MA-06,,,66.5,,,4,Africa/Casablanca,FALSE,1504244800
Douar Lehmamat,Douar Lehmamat,,32.7012,-8.4229,Morocco,MA,MAR,Casablanca-Settat,Casablanca-Settat,MA-06,,,229.7,,,3,Africa/Casablanca,FALSE,1504340296
Oulad Ali Ben Daoud,Oulad Ali Ben Daoud,,31.7282,-7.3151,Morocco,MA,MAR,Marrakech-Safi,Marrakech-Safi,MA-07,,,147.3,,,4,Africa/Casablanca,FALSE,1504000196
Jeouima,Jeouima,,34.5440,-4.3475,Morocco,MA,MAR,Fès-Meknès,Fes-Meknes,MA-03,,,83.5,,,4,Africa/Casablanca,FALSE,1504003665
Douar Lehmamat,Douar Lehmamat,Hamamat|Hamamt,35.3690,-5.8620,Morocco,MA,MAR,Tanger-Tétouan-Al Hoceïma,Tanger-Tetouan-Al Hoceima,MA-01,,,42.1,,,4,Africa/Casablanca,FALSE,1504847290
Timi N’Outine,Timi N'Outine,Timin-n-Outine,31.6511,-7.2637,Morocco,MA,MAR,Béni Mellal-Khénifra,Beni Mellal-Khenifra,MA-05,,,78.6,,,4,Africa/Casablanca,FALSE,1504182179
Hal Driba,Hal Driba,,31.7693,-7.1552,Morocco,MA,MAR,Marrakech-Safi,Marrakech-Safi,MA-07,,,349.5,,,3,Africa/Casablanca,FALSE,1504803581
Douar Leqlie,Douar Leqlie,Douar Loqlie,34.4006,-4.6352,Morocco,MA,MAR,Fès-Meknès,Fes-Meknes,MA-03,,,122.9,,,4,Africa/Casablanca,FALSE,1504831644
Aït Khnoucha,Ait Khnoucha,,32.7773,-6.4674,Morocco,MA,MAR,Béni Mellal-Khénifra,Beni Mellal-Khenifra,MA-05,,,49.5,,,4,Africa/Casablanca,FALSE,1504001624
Aderg,Aderg,,30.4317,-8.8165,Morocco,MA,MAR,Souss-Massa,Souss-Massa,MA-09,,,136.9,,,4,Africa/Casablanca,FALSE,1504486359
Mrimina,Mrimina,Mghimina,29.7931,-7.1610,Morocco,MA,MAR,Souss-Massa,Souss-Massa,MA-09,,,3.4,,,5,Africa/Casablanca,FALSE,1504619511
El Khrisset,El Khrisset,Douar Lasi,31.9377,-9.0343,Morocco,MA,MAR,Marrakech-Safi,Marrakech-Safi,MA-07,,,100.5,,,4,Africa/Casablanca,FALSE,1504583463
Timarsit,Timarsit,,30.4617,-7.7666,Morocco,MA,MAR,Souss-Massa,Souss-Massa,MA-09,,,25.6,,,4,Africa/Casablanca,FALSE,1504423471
Souq Al Tnine Toudma,Souq Al Tnine Toudma,,29.8350,-9.0420,Morocco,MA,MAR,Souss-Massa,Souss-Massa,MA-09,,,21.0,,,4,Africa/Casablanca,FALSE,1504407509
Douar Lekjaybat,Douar Lekjaybat,,34.4440,-4.9973,Morocco,MA,MAR,Fès-Meknès,Fes-Meknes,MA-03,,,133.8,,,4,Africa/Casablanca,FALSE,1504759040
Douar Id Ben Said,Douar Id Ben Said,,29.6098,-9.9946,Morocco,MA,MAR,Souss-Massa,Souss-Massa,MA-09,,,37.3,,,4,Africa/Casablanca,FALSE,1504785517
Tamarghannist,Tamarghannist,,31.2896,-7.2836,Morocco,MA,MAR,Drâa-Tafilalet,Draa-Tafilalet,MA-08,,,20.3,,,4,Africa/Casablanca,FALSE,1504377054
Souq Lakhmis,Souq Lakhmis,,33.1898,-6.9601,Morocco,MA,MAR,Casablanca-Settat,Casablanca-Settat,MA-06,,,39.1,,,4,Africa/Casablanca,FALSE,1504001302
Dar Mohamed Ben Ettaleb,Dar Mohamed Ben Ettaleb,,34.5126,-2.4426,Morocco,MA,MAR,Oriental,Oriental,MA-02,,,18.1,,,4,Africa/Casablanca,FALSE,1504000243
Bou Haja,Bou Haja,,34.5588,-5.5690,Morocco,MA,MAR,Rabat-Salé-Kénitra,Rabat-Sale-Kenitra,MA-04,,,103.5,,,4,Africa/Casablanca,FALSE,1504419191
Douar Ait Ben Ali,Douar Ait Ben Ali,,33.3085,-6.7837,Morocco,MA,MAR,Rabat-Salé-Kénitra,Rabat-Sale-Kenitra,MA-04,,,23.9,,,4,Africa/Casablanca,FALSE,1504556221
Douar Ait Ben Ali,Douar Ait Ben Ali,,33.5499,-6.0672,Morocco,MA,MAR,Rabat-Salé-Kénitra,Rabat-Sale-Kenitra,MA-04,,,15.0,,,4,Africa/Casablanca,TRUE,1504141496
Tazamane,Tazamane,,29.9259,-9.3394,Morocco,MA,MAR,Souss-Massa,Souss-Massa,MA-09,,,49.3,,,4,Africa/Casablanca,FALSE,1504761433
Takchrirt,Takchrirt,,30.7758,-7.6743,Morocco,MA,MAR,Souss-Massa,Souss-Massa,MA-09,,,23.4,,,4,Africa/Casablanca,FALSE,1504239712
Iouzaane,Iouzaane,,30.4100,-8.6000,Morocco,MA,MAR,Souss-Massa,Souss-Massa,MA-09,,,27.1,,,4,Africa/Casablanca,FALSE,1504732239
Douar Soltane,Douar Soltane,Soltane|Dar Sultane,31.5692,-8.0681,Morocco,MA,MAR,Marrakech-Safi,Marrakech-Safi,MA-07,,,846.5,,,3,Africa/Casablanca,FALSE,1504911108
Oulad Zghida,Oulad Zghida,,33.0025,-6.8357,Morocco,MA,MAR,Béni Mellal-Khénifra,Beni Mellal-Khenifra,MA-05,,,66.0,,,4,Africa/Casablanca,FALSE,1504001412
Douar Lekhtayba,Douar Lekhtayba,,34.3064,-4.3698,Morocco,MA,MAR,Fès-Meknès,Fes-Meknes,MA-03,,,112.7,,,4,Africa/Casablanca,FALSE,1504769441
Tamsoult-n-Ougard,Tamsoult-n-Ougard,,30.8524,-8.1549,Morocco,MA,MAR,Souss-Massa,Souss-Massa,MA-09,,,31.9,,,4,Africa/Casablanca,FALSE,1504559022
Douar Trifa,Douar Trifa,Tarîfa|Trifa,35.2524,-3.6664,Morocco,MA,MAR,Oriental,Oriental,MA-02,,,80.3,,,4,Africa/Casablanca,FALSE,1504562800
Douar Trifa,Douar Trifa,Trifa,34.4479,-4.8481,Morocco,MA,MAR,Fès-Meknès,Fes-Meknes,MA-03,,,125.8,,,4,Africa/Casablanca,FALSE,1504599825
Aït ’Amar Yachchou,Ait 'Amar Yachchou,,31.2289,-5.7770,Morocco,MA,MAR,Drâa-Tafilalet,Draa-Tafilalet,MA-08,,,14.9,,,4,Africa/Casablanca,FALSE,1504492590
Douar Oulad Si Massaoud,Douar Oulad Si Massaoud,Douar es Souar|Es Souar,32.5588,-8.8500,Morocco,MA,MAR,Casablanca-Settat,Casablanca-Settat,MA-06,,,97.4,,,4,Africa/Casablanca,FALSE,1504290989
Douar Chefraouech,Douar Chefraouech,Chefraouech|Chefchaouech|Chefraouch,35.2861,-5.7980,Morocco,MA,MAR,Tanger-Tétouan-Al Hoceïma,Tanger-Tetouan-Al Hoceima,MA-01,,,57.0,,,4,Africa/Casablanca,FALSE,1504440197
Aït Waslam,Ait Waslam,,31.9753,-6.8391,Morocco,MA,MAR,Béni Mellal-Khénifra,Beni Mellal-Khenifra,MA-05,,,81.0,,,4,Africa/Casablanca,FALSE,1504555274
Dhar Foual,Dhar Foual,Dar Foual|Dchar Foual,35.7840,-5.6011,Morocco,MA,MAR,Tanger-Tétouan-Al Hoceïma,Tanger-Tetouan-Al Hoceima,MA-01,,,137.8,,,4,Africa/Casablanca,FALSE,1504801988
Hafret Ben Taïb,Hafret Ben Taib,Hafrat Ben Taïbi,34.0132,-5.4099,Morocco,MA,MAR,Fès-Meknès,Fes-Meknes,MA-03,,,130.7,,,4,Africa/Casablanca,FALSE,1504602916
Douar Rouasuna,Douar Rouasuna,Douar Rehaoua|Rehaoua|Rouaouna,32.4204,-8.9600,Morocco,MA,MAR,Marrakech-Safi,Marrakech-Safi,MA-07,,,73.5,,,4,Africa/Casablanca,FALSE,1504680002
Oulad Bargag,Oulad Bargag,,31.8767,-7.2282,Morocco,MA,MAR,Marrakech-Safi,Marrakech-Safi,MA-07,,,177.0,,,4,Africa/Casablanca,FALSE,1504954975
Oulad Besguig,Oulad Besguig,,32.1510,-8.6660,Morocco,MA,MAR,Marrakech-Safi,Marrakech-Safi,MA-07,,,56.4,,,4,Africa/Casablanca,FALSE,1504500196
Tazeribine,Tazeribine,Tazribine,31.1407,-9.6304,Morocco,MA,MAR,Marrakech-Safi,Marrakech-Safi,MA-07,,,26.5,,,4,Africa/Casablanca,FALSE,1504159919
Douar Ben Harene,Douar Ben Harene,,34.8692,-2.1496,Morocco,MA,MAR,Oriental,Oriental,MA-02,,,101.6,,,4,Africa/Casablanca,FALSE,1504768869
Slamat,Slamat,,32.9222,-7.7997,Morocco,MA,MAR,Casablanca-Settat,Casablanca-Settat,MA-06,,,37.3,,,4,Africa/Casablanca,FALSE,1504500458
Slamat,Slamat,Douar Slahma|Slahma,32.4887,-9.1615,Morocco,MA,MAR,Marrakech-Safi,Marrakech-Safi,MA-07,,,98.1,,,4,Africa/Casablanca,FALSE,1504946158
As Sour,As Sour,,31.6389,-7.1641,Morocco,MA,MAR,Béni Mellal-Khénifra,Beni Mellal-Khenifra,MA-05,,,92.7,,,4,Africa/Casablanca,FALSE,1504209514
Douar Ouad Hmida Ben Antar,Douar Ouad Hmida Ben Antar,,31.9429,-8.6945,Morocco,MA,MAR,Marrakech-Safi,Marrakech-Safi,MA-07,,,59.5,,,4,Africa/Casablanca,FALSE,1504749545
Aït M’ammar Oujdid,Ait M'ammar Oujdid,Aït Mameur Oujedid,31.5225,-5.0085,Morocco,MA,MAR,Drâa-Tafilalet,Draa-Tafilalet,MA-08,,,497.9,,,3,Africa/Casablanca,FALSE,1504172525
Jema Bou Iala,Jema Bou Iala,Jamaâ Bouïla,33.9152,-4.0728,Morocco,MA,MAR,Fès-Meknès,Fes-Meknes,MA-03,,,15.8,,,4,Africa/Casablanca,FALSE,1504065931
Aqqa-n-Talat,Aqqa-n-Talat,,30.8109,-7.9235,Morocco,MA,MAR,Souss-Massa,Souss-Massa,MA-09,,,28.9,,,4,Africa/Casablanca,FALSE,1504144847
Imargane,Imargane,,34.6815,-3.3028,Morocco,MA,MAR,Oriental,Oriental,MA-02,,,13.6,,,4,Africa/Casablanca,FALSE,1504003865
Douar Oulad Ennejjar,Douar Oulad Ennejjar,,33.7422,-4.5600,Morocco,MA,MAR,Fès-Meknès,Fes-Meknes,MA-03,,,51.9,,,4,Africa/Casablanca,FALSE,1504688550
Braïkat,Braikat,,32.9526,-7.9164,Morocco,MA,MAR,Casablanca-Settat,Casablanca-Settat,MA-06,,,47.1,,,4,Africa/Casablanca,FALSE,1504659115
Irara,Irara,Ksar Irara,31.2256,-4.2766,Morocco,MA,MAR,Drâa-Tafilalet,Draa-Tafilalet,MA-08,,,51.9,,,4,Africa/Casablanca,FALSE,1504348836
Irara,Irara,,32.2346,-3.8815,Morocco,MA,MAR,Drâa-Tafilalet,Draa-Tafilalet,MA-08,,,5.1,,,5,Africa/Casablanca,TRUE,1504991323
Taanou,Taanou,,30.6959,-9.7837,Morocco,MA,MAR,Souss-Massa,Souss-Massa,MA-09,,,61.8,,,4,Africa/Casablanca,FALSE,1504160774
Id Ben Iria,Id Ben Iria,,29.2388,-9.9880,Morocco,MA,MAR,Guelmim-Oued Noun,Guelmim-Oued Noun,MA-10,,,20.5,,,4,Africa/Casablanca,FALSE,1504030050
Azib Imourhlane,Azib Imourhlane,,30.9566,-8.5139,Morocco,MA,MAR,Marrakech-Safi,Marrakech-Safi,MA-07,,,24.5,,,4,Africa/Casablanca,FALSE,1504021751
Dar Ibrahim Ben Ouadi,Dar Ibrahim Ben Ouadi,,31.5990,-8.4024,Morocco,MA,MAR,Marrakech-Safi,Marrakech-Safi,MA-07,,,36.4,,,4,Africa/Casablanca,FALSE,1504238672
Ihijjaouiyyene,Ihijjaouiyyene,,35.1279,-3.3290,Morocco,MA,MAR,Oriental,Oriental,MA-02,,,61.9,,,4,Africa/Casablanca,FALSE,1504946562
Dar Lajor,Dar Lajor,,31.7126,-7.0061,Morocco,MA,MAR,Béni Mellal-Khénifra,Beni Mellal-Khenifra,MA-05,,,269.8,,,3,Africa/Casablanca,FALSE,1504460390
Dar Tanaz,Dar Tanaz,,34.6000,-3.6800,Morocco,MA,MAR,Oriental,Oriental,MA-02,,,13.8,,,4,Africa/Casablanca,FALSE,1504661981
Sourak,Sourak,,34.8300,-4.7100,Morocco,MA,MAR,Tanger-Tétouan-Al Hoceïma,Tanger-Tetouan-Al Hoceima,MA-01,,,144.2,,,4,Africa/Casablanca,FALSE,1504950877
Ghroul,Ghroul,,34.5070,-5.1040,Morocco,MA,MAR,Fès-Meknès,Fes-Meknes,MA-03,,,79.1,,,4,Africa/Casablanca,FALSE,1504269283
Ayt Ihya Ou ’Issa,Ayt Ihya Ou 'Issa,,32.5127,-3.7855,Morocco,MA,MAR,Oriental,Oriental,MA-02,,,4.3,,,5,Africa/Casablanca,FALSE,1504002673
Azabdar,Azabdar,,30.2978,-7.8921,Morocco,MA,MAR,Souss-Massa,Souss-Massa,MA-09,,,11.5,,,4,Africa/Casablanca,FALSE,1504860809
Hafet Zidan,Hafet Zidan,,35.8366,-5.5352,Morocco,MA,MAR,Tanger-Tétouan-Al Hoceïma,Tanger-Tetouan-Al Hoceima,MA-01,,,106.0,,,4,Africa/Casablanca,FALSE,1504507369
Tinourhar,Tinourhar,,31.1960,-7.9097,Morocco,MA,MAR,Marrakech-Safi,Marrakech-Safi,MA-07,,,89.5,,,4,Africa/Casablanca,FALSE,1504269487
Zaouiet,Zaouiet,,32.9486,-6.5718,Morocco,MA,MAR,Béni Mellal-Khénifra,Beni Mellal-Khenifra,MA-05,,,135.0,,,4,Africa/Casablanca,FALSE,1504001676
Douar Zemmouar,Douar Zemmouar,Douar ez Zemmour,34.2350,-4.7721,Morocco,MA,MAR,Fès-Meknès,Fes-Meknes,MA-03,,,63.2,,,4,Africa/Casablanca,FALSE,1504453490
Douar Lehouamed Lgharbiya,Douar Lehouamed Lgharbiya,,33.6933,-6.9914,Morocco,MA,MAR,Rabat-Salé-Kénitra,Rabat-Sale-Kenitra,MA-04,,,41.3,,,4,Africa/Casablanca,FALSE,1504439027
Douar Maaboura,Douar Maaboura,,34.9163,-2.4321,Morocco,MA,MAR,Oriental,Oriental,MA-02,,,83.7,,,4,Africa/Casablanca,FALSE,1504345828
Assenndrar,Assenndrar,,30.0798,-9.1541,Morocco,MA,MAR,Souss-Massa,Souss-Massa,MA-09,,,1191.1,,,3,Africa/Casablanca,FALSE,1504810089
Grawa,Grawa,Graoua|Ksar Graoua,31.2539,-4.2430,Morocco,MA,MAR,Drâa-Tafilalet,Draa-Tafilalet,MA-08,,,83.5,,,4,Africa/Casablanca,FALSE,1504411702
Azib Oulad Jaaba,Azib Oulad Jaaba,,32.6007,-8.6757,Morocco,MA,MAR,Casablanca-Settat,Casablanca-Settat,MA-06,,,259.7,,,3,Africa/Casablanca,FALSE,1504304511
Tichkjji,Tichkjji,,29.9075,-8.5321,Morocco,MA,MAR,Souss-Massa,Souss-Massa,MA-09,,,6.9,,,5,Africa/Casablanca,FALSE,1504946486
Tinifft,Tinifft,Tinifift|Tinfift|Tinififte,31.2411,-5.1453,Morocco,MA,MAR,Drâa-Tafilalet,Draa-Tafilalet,MA-08,,,19.0,,,4,Africa/Casablanca,FALSE,1504687511
Oulad Hna,Oulad Hna,,31.9832,-9.0342,Morocco,MA,MAR,Marrakech-Safi,Marrakech-Safi,MA-07,,,69.5,,,4,Africa/Casablanca,FALSE,1504434999
Douar Oulad Ali Ben Said,Douar Oulad Ali Ben Said,,34.3128,-4.7227,Morocco,MA,MAR,Fès-Meknès,Fes-Meknes,MA-03,,,91.8,,,4,Africa/Casablanca,FALSE,1504171833
Douar Zaouit,Douar Zaouit,,31.0816,-9.7628,Morocco,MA,MAR,Marrakech-Safi,Marrakech-Safi,MA-07,,,45.3,,,4,Africa/Casablanca,FALSE,1504222048
Tourirt Iqariydn,Tourirt Iqariydn,,29.6965,-9.2027,Morocco,MA,MAR,Souss-Massa,Souss-Massa,MA-09,,,49.3,,,4,Africa/Casablanca,FALSE,1504043056
Imi-n-Touzine,Imi-n-Touzine,,30.0322,-8.9544,Morocco,MA,MAR,Souss-Massa,Souss-Massa,MA-09,,,9.0,,,5,Africa/Casablanca,FALSE,1504855322
Dwar Bou ’Omar,Dwar Bou 'Omar,,30.0256,-8.7874,Morocco,MA,MAR,Souss-Massa,Souss-Massa,MA-09,,,19.8,,,4,Africa/Casablanca,FALSE,1504474892
Douar Lasfidene,Douar Lasfidene,,31.0294,-9.6252,Morocco,MA,MAR,Marrakech-Safi,Marrakech-Safi,MA-07,,,126.4,,,4,Africa/Casablanca,FALSE,1504260549
El Rhlel,El Rhlel,Al Ghlel,34.5517,-2.6376,Morocco,MA,MAR,Oriental,Oriental,MA-02,,,13.2,,,4,Africa/Casablanca,FALSE,1504379239
Aït Iguit,Ait Iguit,Aït Iguite,30.7422,-8.2010,Morocco,MA,MAR,Souss-Massa,Souss-Massa,MA-09,,,60.2,,,4,Africa/Casablanca,FALSE,1504918601
Ancien Cafe,Ancien Cafe,,32.1728,-9.2607,Morocco,MA,MAR,Marrakech-Safi,Marrakech-Safi,MA-07,,,81.9,,,4,Africa/Casablanca,FALSE,1504708243
Douar Ait Sidi Laarbi,Douar Ait Sidi Laarbi,,31.6726,-7.7237,Morocco,MA,MAR,Marrakech-Safi,Marrakech-Safi,MA-07,,,195.0,,,4,Africa/Casablanca,FALSE,1504016263
Talfit,Talfit,Talfidt|Talfite,29.8585,-9.3759,Morocco,MA,MAR,Souss-Massa,Souss-Massa,MA-09,,,49.3,,,4,Africa/Casablanca,FALSE,1504139039
Ait El Bachani,Ait El Bachani,,31.5783,-9.5472,Morocco,MA,MAR,Marrakech-Safi,Marrakech-Safi,MA-07,,,77.6,,,4,Africa/Casablanca,FALSE,1504209420
Ichahbane,Ichahbane,,31.2306,-9.6247,Morocco,MA,MAR,Marrakech-Safi,Marrakech-Safi,MA-07,,,93.4,,,4,Africa/Casablanca,FALSE,1504364358
Tighramt Ou Hsine,Tighramt Ou Hsine,,32.8998,-4.9744,Morocco,MA,MAR,Drâa-Tafilalet,Draa-Tafilalet,MA-08,,,14.9,,,4,Africa/Casablanca,FALSE,1504002852
Dar Chebika,Dar Chebika,Chbika,28.1800,-11.1600,Morocco,MA,MAR,Guelmim-Oued Noun,Guelmim-Oued Noun,MA-10,,,0.3,,,5,Africa/Casablanca,FALSE,1504492246
Douar Oulad Mhamed,Douar Oulad Mhamed,,33.0066,-7.1803,Morocco,MA,MAR,Casablanca-Settat,Casablanca-Settat,MA-06,,,94.4,,,4,Africa/Casablanca,FALSE,1504330295
Douar Oulad Mhamed,Douar Oulad Mhamed,,33.4220,-7.2067,Morocco,MA,MAR,Casablanca-Settat,Casablanca-Settat,MA-06,,,92.9,,,4,Africa/Casablanca,TRUE,1504392812
Douar Oulad Mhamed,Douar Oulad Mhamed,Douar Ouled Mohammed|Oulad Mohammed,34.2223,-4.4815,Morocco,MA,MAR,Fès-Meknès,Fes-Meknes,MA-03,,,162.3,,,4,Africa/Casablanca,FALSE,1504312046
Id Belasid,Id Belasid,,31.1357,-9.6117,Morocco,MA,MAR,Marrakech-Safi,Marrakech-Safi,MA-07,,,26.5,,,4,Africa/Casablanca,FALSE,1504179033
Dar Aït Robbane,Dar Ait Robbane,,31.3672,-9.2169,Morocco,MA,MAR,Marrakech-Safi,Marrakech-Safi,MA-07,,,67.8,,,4,Africa/Casablanca,FALSE,1504061882
Tasnount,Tasnount,,30.0199,-9.1431,Morocco,MA,MAR,Souss-Massa,Souss-Massa,MA-09,,,47.4,,,4,Africa/Casablanca,FALSE,1504609532
Dar Louali Ahmed,Dar Louali Ahmed,,33.8504,-4.8298,Morocco,MA,MAR,Fès-Meknès,Fes-Meknes,MA-03,,,38.3,,,4,Africa/Casablanca,FALSE,1504634765
Id Mahfoud,Id Mahfoud,Aït Mahfoud|Aïda Mahgoud Etdir,31.1925,-8.9394,Morocco,MA,MAR,Marrakech-Safi,Marrakech-Safi,MA-07,,,44.4,,,4,Africa/Casablanca,FALSE,1504760446
Douar Bab Asrafi,Douar Bab Asrafi,,35.0217,-4.5586,Morocco,MA,MAR,Tanger-Tétouan-Al Hoceïma,Tanger-Tetouan-Al Hoceima,MA-01,,,77.1,,,4,Africa/Casablanca,FALSE,1504593001
Douar Nouanoua,Douar Nouanoua,,35.5268,-5.5297,Morocco,MA,MAR,Tanger-Tétouan-Al Hoceïma,Tanger-Tetouan-Al Hoceima,MA-01,,,84.8,,,4,Africa/Casablanca,FALSE,1504727375
Douar Iaajouane,Douar Iaajouane,,31.3414,-9.6166,Morocco,MA,MAR,Marrakech-Safi,Marrakech-Safi,MA-07,,,43.7,,,4,Africa/Casablanca,FALSE,1504138835
Douar Bin Chettab,Douar Bin Chettab,,35.6912,-5.3529,Morocco,MA,MAR,Tanger-Tétouan-Al Hoceïma,Tanger-Tetouan-Al Hoceima,MA-01,,,1140.3,,,3,Africa/Casablanca,FALSE,1504287781
Douar Taïda Imetlane,Douar Taida Imetlane,,33.7654,-3.8814,Morocco,MA,MAR,Oriental,Oriental,MA-02,,,11.6,,,4,Africa/Casablanca,FALSE,1504003442
Ifagn,Ifagn,,31.4353,-7.6268,Morocco,MA,MAR,Marrakech-Safi,Marrakech-Safi,MA-07,,,144.2,,,4,Africa/Casablanca,FALSE,1504135696
Ayt Sidi Ben Yich,Ayt Sidi Ben Yich,,31.7796,-7.0600,Morocco,MA,MAR,Marrakech-Safi,Marrakech-Safi,MA-07,,,250.8,,,3,Africa/Casablanca,FALSE,1504574447
Douar Oulad Abacha,Douar Oulad Abacha,,31.6411,-7.5541,Morocco,MA,MAR,Marrakech-Safi,Marrakech-Safi,MA-07,,,79.9,,,4,Africa/Casablanca,FALSE,1504930004
Douar Bouchta Mritima,Douar Bouchta Mritima,,31.8770,-8.4104,Morocco,MA,MAR,Marrakech-Safi,Marrakech-Safi,MA-07,,,38.9,,,4,Africa/Casablanca,FALSE,1504745235
Resama,Resama,Rasma,34.4320,-5.3577,Morocco,MA,MAR,Fès-Meknès,Fes-Meknes,MA-03,,,106.1,,,4,Africa/Casablanca,FALSE,1504252978
Ikemmachene,Ikemmachene,,30.7335,-8.8840,Morocco,MA,MAR,Souss-Massa,Souss-Massa,MA-09,,,71.8,,,4,Africa/Casablanca,FALSE,1504249582
Dar El Haj Abid,Dar El Haj Abid,,32.4931,-8.7671,Morocco,MA,MAR,Marrakech-Safi,Marrakech-Safi,MA-07,,,90.0,,,4,Africa/Casablanca,FALSE,1504439932
Dar El Haj Abid,Dar El Haj Abid,,32.2680,-7.7380,Morocco,MA,MAR,Marrakech-Safi,Marrakech-Safi,MA-07,,,23.9,,,4,Africa/Casablanca,TRUE,1504514684
Rbaat El Arbi,Rbaat El Arbi,,32.0400,-9.0010,Morocco,MA,MAR,Marrakech-Safi,Marrakech-Safi,MA-07,,,133.5,,,4,Africa/Casablanca,FALSE,1504446627
Rbaat El Arbi,Rbaat El Arbi,,32.0213,-9.2131,Morocco,MA,MAR,Marrakech-Safi,Marrakech-Safi,MA-07,,,100.5,,,4,Africa/Casablanca,TRUE,1504178353
Douar Lehsasna,Douar Lehsasna,,32.1386,-8.9732,Morocco,MA,MAR,Marrakech-Safi,Marrakech-Safi,MA-07,,,79.0,,,4,Africa/Casablanca,FALSE,1504774290
Rmamna,Rmamna,,32.3405,-8.4601,Morocco,MA,MAR,Marrakech-Safi,Marrakech-Safi,MA-07,,,69.1,,,4,Africa/Casablanca,FALSE,1504341827
Coopérative Chriblat,Cooperative Chriblat,,34.5327,-6.3264,Morocco,MA,MAR,Rabat-Salé-Kénitra,Rabat-Sale-Kenitra,MA-04,,,204.8,,,3,Africa/Casablanca,FALSE,1504148505
Isli,Isli,,30.7927,-8.0881,Morocco,MA,MAR,Souss-Massa,Souss-Massa,MA-09,,,29.8,,,4,Africa/Casablanca,FALSE,1504568150
Isli,Isli,,31.2300,-7.1600,Morocco,MA,MAR,Drâa-Tafilalet,Draa-Tafilalet,MA-08,,,20.3,,,4,Africa/Casablanca,FALSE,1504170894
Iggui-n-Zaouit,Iggui-n-Zaouit,,30.0093,-9.2656,Morocco,MA,MAR,Souss-Massa,Souss-Massa,MA-09,,,39.6,,,4,Africa/Casablanca,FALSE,1504594139
Agard-n-Oussardoun,Agard-n-Oussardoun,,32.1122,-6.2517,Morocco,MA,MAR,Béni Mellal-Khénifra,Beni Mellal-Khenifra,MA-05,,,31.0,,,4,Africa/Casablanca,FALSE,1504099867
Douar Laabadna,Douar Laabadna,,32.0723,-9.2116,Morocco,MA,MAR,Marrakech-Safi,Marrakech-Safi,MA-07,,,95.3,,,4,Africa/Casablanca,FALSE,1504945506
Id Ou Chrayh,Id Ou Chrayh,,29.3468,-9.9559,Morocco,MA,MAR,Guelmim-Oued Noun,Guelmim-Oued Noun,MA-10,,,20.5,,,4,Africa/Casablanca,FALSE,1504646138
Dar at Tajer,Dar at Tajer,Dar et Tajjer|Dar et Tajer,33.8565,-6.2089,Morocco,MA,MAR,Rabat-Salé-Kénitra,Rabat-Sale-Kenitra,MA-04,,,63.7,,,4,Africa/Casablanca,FALSE,1504571773
Dar Sabei,Dar Sabei,,33.7357,-7.1216,Morocco,MA,MAR,Casablanca-Settat,Casablanca-Settat,MA-06,,,125.9,,,4,Africa/Casablanca,FALSE,1504546141
Ferme Lazraq,Ferme Lazraq,,34.0005,-4.7155,Morocco,MA,MAR,Fès-Meknès,Fes-Meknes,MA-03,,,75.1,,,4,Africa/Casablanca,FALSE,1504022138
Amassiyn,Amassiyn,,31.4754,-7.5671,Morocco,MA,MAR,Marrakech-Safi,Marrakech-Safi,MA-07,,,126.1,,,4,Africa/Casablanca,FALSE,1504798435
Hefra,Hefra,,32.9302,-5.5959,Morocco,MA,MAR,Béni Mellal-Khénifra,Beni Mellal-Khenifra,MA-05,,,50.7,,,4,Africa/Casablanca,FALSE,1504066591
Aït Hammou ou Hsayn,Ait Hammou ou Hsayn,,32.1105,-6.1891,Morocco,MA,MAR,Béni Mellal-Khénifra,Beni Mellal-Khenifra,MA-05,,,31.0,,,4,Africa/Casablanca,FALSE,1504139891
Sidi Zahnoun,Sidi Zahnoun,,34.5356,-3.9693,Morocco,MA,MAR,Fès-Meknès,Fes-Meknes,MA-03,,,60.2,,,4,Africa/Casablanca,FALSE,1504003000
Douar Lekhlalqa,Douar Lekhlalqa,,31.7524,-9.2841,Morocco,MA,MAR,Marrakech-Safi,Marrakech-Safi,MA-07,,,50.3,,,4,Africa/Casablanca,FALSE,1504011809
Douar Lekhlalqa,Douar Lekhlalqa,,34.3643,-4.6685,Morocco,MA,MAR,Fès-Meknès,Fes-Meknes,MA-03,,,122.7,,,4,Africa/Casablanca,FALSE,1504354518
Sidi ’Ali ou Moussa,Sidi 'Ali ou Moussa,,31.4402,-7.3194,Morocco,MA,MAR,Marrakech-Safi,Marrakech-Safi,MA-07,,,56.1,,,4,Africa/Casablanca,FALSE,1504826461
Tissiyane,Tissiyane,,31.4438,-7.0141,Morocco,MA,MAR,Béni Mellal-Khénifra,Beni Mellal-Khenifra,MA-05,,,44.6,,,4,Africa/Casablanca,FALSE,1504440381
Iguerwal,Iguerwal,,31.1407,-8.7461,Morocco,MA,MAR,Marrakech-Safi,Marrakech-Safi,MA-07,,,32.6,,,4,Africa/Casablanca,FALSE,1504549952
Igouzoum,Igouzoum,,30.9171,-9.5865,Morocco,MA,MAR,Marrakech-Safi,Marrakech-Safi,MA-07,,,24.5,,,4,Africa/Casablanca,FALSE,1504514100
Aït Melk,Ait Melk,Aït Melkt,30.7079,-6.2553,Morocco,MA,MAR,Drâa-Tafilalet,Draa-Tafilalet,MA-08,,,16.1,,,4,Africa/Casablanca,FALSE,1504681832
Ben Dawd,Ben Dawd,,29.1869,-9.7632,Morocco,MA,MAR,Guelmim-Oued Noun,Guelmim-Oued Noun,MA-10,,,18.9,,,4,Africa/Casablanca,FALSE,1504416970
Douar Isbaaine,Douar Isbaaine,Isbaeïne|Douar Isbahine|Isbahine,33.9502,-4.7333,Morocco,MA,MAR,Fès-Meknès,Fes-Meknes,MA-03,,,37.3,,,4,Africa/Casablanca,FALSE,1504853844
Id Boudrarene,Id Boudrarene,,31.2751,-9.6575,Morocco,MA,MAR,Marrakech-Safi,Marrakech-Safi,MA-07,,,38.5,,,4,Africa/Casablanca,FALSE,1504200126
Ed-Dahhak,Ed-Dahhak,,29.5483,-10.0012,Morocco,MA,MAR,Guelmim-Oued Noun,Guelmim-Oued Noun,MA-10,,,32.1,,,4,Africa/Casablanca,FALSE,1504035407
Dar Abbou,Dar Abbou,,31.7507,-9.2319,Morocco,MA,MAR,Marrakech-Safi,Marrakech-Safi,MA-07,,,54.6,,,4,Africa/Casablanca,FALSE,1504458563
Oulad Hamza,Oulad Hamza,,34.6823,-4.3565,Morocco,MA,MAR,Fès-Meknès,Fes-Meknes,MA-03,,,97.8,,,4,Africa/Casablanca,FALSE,1504003796
Id el Belah,Id el Belah,,29.2100,-9.9800,Morocco,MA,MAR,Guelmim-Oued Noun,Guelmim-Oued Noun,MA-10,,,20.5,,,4,Africa/Casablanca,FALSE,1504250653
Lahwanat,Lahwanat,,31.8352,-7.3843,Morocco,MA,MAR,Marrakech-Safi,Marrakech-Safi,MA-07,,,174.6,,,4,Africa/Casablanca,FALSE,1504418520
Taounboukht,Taounboukht,,31.0570,-9.4452,Morocco,MA,MAR,Marrakech-Safi,Marrakech-Safi,MA-07,,,31.4,,,4,Africa/Casablanca,FALSE,1504003705
Douar Oulad Dahnane,Douar Oulad Dahnane,,34.3970,-4.7660,Morocco,MA,MAR,Fès-Meknès,Fes-Meknes,MA-03,,,116.3,,,4,Africa/Casablanca,FALSE,1504046725
Houmat Taghzout Edra,Houmat Taghzout Edra,,35.5127,-5.1958,Morocco,MA,MAR,Tanger-Tétouan-Al Hoceïma,Tanger-Tetouan-Al Hoceima,MA-01,,,81.5,,,4,Africa/Casablanca,FALSE,1504569770
Douar Sidi Abderrazzaq,Douar Sidi Abderrazzaq,,34.0301,-4.7780,Morocco,MA,MAR,Fès-Meknès,Fes-Meknes,MA-03,,,75.1,,,4,Africa/Casablanca,FALSE,1504784178
Chorfa Angad,Chorfa Angad,Chorfa Anguied,34.5247,-3.5598,Morocco,MA,MAR,Oriental,Oriental,MA-02,,,13.8,,,4,Africa/Casablanca,FALSE,1504194900
Kasba des Aït Moussa,Kasba des Ait Moussa,,33.0434,-5.3606,Morocco,MA,MAR,Béni Mellal-Khénifra,Beni Mellal-Khenifra,MA-05,,,26.5,,,4,Africa/Casablanca,FALSE,1504759388
Amguis,Amguis,,31.0477,-5.8490,Morocco,MA,MAR,Drâa-Tafilalet,Draa-Tafilalet,MA-08,,,17.7,,,4,Africa/Casablanca,FALSE,1504854327
Douar Sacha,Douar Sacha,,35.0221,-3.6810,Morocco,MA,MAR,Oriental,Oriental,MA-02,,,43.0,,,4,Africa/Casablanca,FALSE,1504193267
Douar Laassaassa,Douar Laassaassa,,31.7680,-9.1947,Morocco,MA,MAR,Marrakech-Safi,Marrakech-Safi,MA-07,,,49.1,,,4,Africa/Casablanca,FALSE,1504596731
Coopérative Marzouqa,Cooperative Marzouqa,,34.0255,-4.7529,Morocco,MA,MAR,Fès-Meknès,Fes-Meknes,MA-03,,,75.1,,,4,Africa/Casablanca,FALSE,1504171127
Tamalout,Tamalout,Tamaloute|Tamalut,35.0176,-4.6394,Morocco,MA,MAR,Tanger-Tétouan-Al Hoceïma,Tanger-Tetouan-Al Hoceima,MA-01,,,95.2,,,4,Africa/Casablanca,FALSE,1504468196
Tamalout,Tamalout,,35.3695,-5.2908,Morocco,MA,MAR,Tanger-Tétouan-Al Hoceïma,Tanger-Tetouan-Al Hoceima,MA-01,,,62.7,,,4,Africa/Casablanca,TRUE,1504340901
Tamalout,Tamalout,,30.0727,-9.2081,Morocco,MA,MAR,Souss-Massa,Souss-Massa,MA-09,,,39.6,,,4,Africa/Casablanca,FALSE,1504669548
Tamalout,Tamalout,,29.6260,-9.4004,Morocco,MA,MAR,Souss-Massa,Souss-Massa,MA-09,,,36.4,,,4,Africa/Casablanca,TRUE,1504088603
Tamalout,Tamalout,Tamaloute,29.6070,-9.5433,Morocco,MA,MAR,Souss-Massa,Souss-Massa,MA-09,,,21.1,,,4,Africa/Casablanca,TRUE,1504635017
Tamalout,Tamalout,,29.7600,-8.9300,Morocco,MA,MAR,Souss-Massa,Souss-Massa,MA-09,,,16.2,,,4,Africa/Casablanca,TRUE,1504000004
Tamalout,Tamalout,,29.5476,-8.8750,Morocco,MA,MAR,Souss-Massa,Souss-Massa,MA-09,,,5.0,,,5,Africa/Casablanca,TRUE,1504792012
Tamalout,Tamalout,,31.3855,-6.1303,Morocco,MA,MAR,Drâa-Tafilalet,Draa-Tafilalet,MA-08,,,25.6,,,4,Africa/Casablanca,FALSE,1504154981
Tamalout,Tamalout,,32.2631,-4.4237,Morocco,MA,MAR,Drâa-Tafilalet,Draa-Tafilalet,MA-08,,,18.1,,,4,Africa/Casablanca,TRUE,1504719287
Tamalout,Tamalout,,32.3024,-5.3088,Morocco,MA,MAR,Drâa-Tafilalet,Draa-Tafilalet,MA-08,,,17.4,,,4,Africa/Casablanca,TRUE,1504954719
Tamalout,Tamalout,,30.5994,-7.4044,Morocco,MA,MAR,Drâa-Tafilalet,Draa-Tafilalet,MA-08,,,10.3,,,4,Africa/Casablanca,TRUE,1504562683
Tamalout,Tamalout,Ksar Tamalout,31.9821,-4.9671,Morocco,MA,MAR,Drâa-Tafilalet,Draa-Tafilalet,MA-08,,,9.3,,,5,Africa/Casablanca,TRUE,1504075613
Timinoun,Timinoun,,30.6771,-8.7906,Morocco,MA,MAR,Souss-Massa,Souss-Massa,MA-09,,,34.1,,,4,Africa/Casablanca,FALSE,1504204712
Douar Ben Ali,Douar Ben Ali,Douar Beni Ali|Beni Ali,34.2840,-4.2346,Morocco,MA,MAR,Fès-Meknès,Fes-Meknes,MA-03,,,120.4,,,4,Africa/Casablanca,FALSE,1504692803
Douar Ben Ali,Douar Ben Ali,,33.9025,-4.8750,Morocco,MA,MAR,Fès-Meknès,Fes-Meknes,MA-03,,,37.3,,,4,Africa/Casablanca,TRUE,1504318832
Douar El Bochtiyine,Douar El Bochtiyine,,33.4951,-7.1209,Morocco,MA,MAR,Casablanca-Settat,Casablanca-Settat,MA-06,,,65.1,,,4,Africa/Casablanca,FALSE,1504254867
Igli n’Tioualous,Igli n'Tioualous,Igli n’Tiouelous,29.4908,-8.6072,Morocco,MA,MAR,Souss-Massa,Souss-Massa,MA-09,,,3.2,,,5,Africa/Casablanca,FALSE,1504691537
Tiriguiwt,Tiriguiwt,Tiriguiout,31.1895,-6.2129,Morocco,MA,MAR,Drâa-Tafilalet,Draa-Tafilalet,MA-08,,,39.2,,,4,Africa/Casablanca,FALSE,1504514820
Douar Bennissat,Douar Bennissat,,34.2240,-4.8012,Morocco,MA,MAR,Fès-Meknès,Fes-Meknes,MA-03,,,63.2,,,4,Africa/Casablanca,FALSE,1504505889
Douar Masay,Douar Masay,,33.8073,-4.8337,Morocco,MA,MAR,Fès-Meknès,Fes-Meknes,MA-03,,,7154.4,,,2,Africa/Casablanca,FALSE,1504382935
Errammala,Errammala,,32.3597,-8.1162,Morocco,MA,MAR,Marrakech-Safi,Marrakech-Safi,MA-07,,,36.1,,,4,Africa/Casablanca,FALSE,1504058548
Douwalous,Douwalous,,29.8301,-8.9489,Morocco,MA,MAR,Souss-Massa,Souss-Massa,MA-09,,,8.8,,,5,Africa/Casablanca,FALSE,1504295921
Id ’Iys,Id 'Iys,Isaïsse,29.6723,-9.4472,Morocco,MA,MAR,Souss-Massa,Souss-Massa,MA-09,,,36.4,,,4,Africa/Casablanca,FALSE,1504634681
Tougdimt,Tougdimt,,32.7680,-4.3234,Morocco,MA,MAR,Fès-Meknès,Fes-Meknes,MA-03,,,12.4,,,4,Africa/Casablanca,FALSE,1504696476
Bougoura,Bougoura,,32.1025,-6.5345,Morocco,MA,MAR,Béni Mellal-Khénifra,Beni Mellal-Khenifra,MA-05,,,47.8,,,4,Africa/Casablanca,FALSE,1504938045
Moulay Ya’qoub,Moulay Ya'qoub,Moulay Yakoub,32.6058,-5.5868,Morocco,MA,MAR,Béni Mellal-Khénifra,Beni Mellal-Khenifra,MA-05,,,39.2,,,4,Africa/Casablanca,FALSE,1504002344
Oum el Alek,Oum el Alek,Mláleg|Oum el Aleg,29.3632,-8.1995,Morocco,MA,MAR,Souss-Massa,Souss-Massa,MA-09,,,13.8,,,4,Africa/Casablanca,FALSE,1504600831
Douar Linnjo,Douar Linnjo,,33.9439,-4.0320,Morocco,MA,MAR,Fès-Meknès,Fes-Meknes,MA-03,,,15.4,,,4,Africa/Casablanca,FALSE,1504541736
Douar Yat Taleb Ali,Douar Yat Taleb Ali,Aït Taleb Ali,35.0302,-2.6904,Morocco,MA,MAR,Oriental,Oriental,MA-02,,,74.8,,,4,Africa/Casablanca,FALSE,1504249972
Aghbalou-n-Kerkour,Aghbalou-n-Kerkour,Kasba de Tarchuit|Kasba de Tarhchuit,32.5576,-5.7557,Morocco,MA,MAR,Béni Mellal-Khénifra,Beni Mellal-Khenifra,MA-05,,,33.8,,,4,Africa/Casablanca,FALSE,1504771519
Douar Ait Moha Ou Aqqa,Douar Ait Moha Ou Aqqa,,33.5946,-4.8238,Morocco,MA,MAR,Fès-Meknès,Fes-Meknes,MA-03,,,17.9,,,4,Africa/Casablanca,FALSE,1504445332
Douar Rajae,Douar Rajae,,31.6724,-7.8274,Morocco,MA,MAR,Marrakech-Safi,Marrakech-Safi,MA-07,,,308.7,,,3,Africa/Casablanca,FALSE,1504000815
Amadghous,Amadghous,,32.6687,-5.7234,Morocco,MA,MAR,Béni Mellal-Khénifra,Beni Mellal-Khenifra,MA-05,,,24.7,,,4,Africa/Casablanca,FALSE,1504002833
Ifessassem,Ifessassem,,30.0426,-9.1694,Morocco,MA,MAR,Souss-Massa,Souss-Massa,MA-09,,,39.6,,,4,Africa/Casablanca,FALSE,1504847693
Arkount,Arkount,Rkount,30.8308,-8.3681,Morocco,MA,MAR,Souss-Massa,Souss-Massa,MA-09,,,46.0,,,4,Africa/Casablanca,FALSE,1504716465
Oulad Amar,Oulad Amar,,34.9630,-6.0452,Morocco,MA,MAR,Rabat-Salé-Kénitra,Rabat-Sale-Kenitra,MA-04,,,206.9,,,3,Africa/Casablanca,FALSE,1504877214
Oulad Amar,Oulad Amar,,34.5956,-6.1512,Morocco,MA,MAR,Rabat-Salé-Kénitra,Rabat-Sale-Kenitra,MA-04,,,119.9,,,4,Africa/Casablanca,TRUE,1504436135
Aït Awant,Ait Awant,,31.6504,-6.9120,Morocco,MA,MAR,Béni Mellal-Khénifra,Beni Mellal-Khenifra,MA-05,,,49.0,,,4,Africa/Casablanca,FALSE,1504710156
Tiouizi,Tiouizi,,32.7595,-5.5838,Morocco,MA,MAR,Béni Mellal-Khénifra,Beni Mellal-Khenifra,MA-05,,,21.1,,,4,Africa/Casablanca,FALSE,1504929554
Errmel,Errmel,,35.3213,-5.7193,Morocco,MA,MAR,Tanger-Tétouan-Al Hoceïma,Tanger-Tetouan-Al Hoceima,MA-01,,,46.3,,,4,Africa/Casablanca,FALSE,1504212126
Indiyout,Indiyout,Indiouet|Indiout,30.8123,-7.3222,Morocco,MA,MAR,Drâa-Tafilalet,Draa-Tafilalet,MA-08,,,10.5,,,4,Africa/Casablanca,FALSE,1504538114
Douar Soltana,Douar Soltana,,35.0501,-2.6919,Morocco,MA,MAR,Oriental,Oriental,MA-02,,,74.8,,,4,Africa/Casablanca,FALSE,1504246176
Farrane Ajr,Farrane Ajr,,33.7578,-7.0222,Morocco,MA,MAR,Rabat-Salé-Kénitra,Rabat-Sale-Kenitra,MA-04,,,224.8,,,3,Africa/Casablanca,FALSE,1504502721
Ain Allou,Ain Allou,,35.7974,-5.5173,Morocco,MA,MAR,Tanger-Tétouan-Al Hoceïma,Tanger-Tetouan-Al Hoceima,MA-01,,,106.0,,,4,Africa/Casablanca,FALSE,1504099725
Souala,Souala,Douar Cheïkh M barek,31.8983,-9.2671,Morocco,MA,MAR,Marrakech-Safi,Marrakech-Safi,MA-07,,,71.0,,,4,Africa/Casablanca,FALSE,1504820423
Iggui n’Diouine,Iggui n'Diouine,,31.1132,-9.0691,Morocco,MA,MAR,Marrakech-Safi,Marrakech-Safi,MA-07,,,39.5,,,4,Africa/Casablanca,FALSE,1504046181
Taouraït,Taourait,,31.0936,-9.1298,Morocco,MA,MAR,Marrakech-Safi,Marrakech-Safi,MA-07,,,29.8,,,4,Africa/Casablanca,FALSE,1504322058
Douar Dar Oulad Esset,Douar Dar Oulad Esset,,32.0540,-9.0947,Morocco,MA,MAR,Marrakech-Safi,Marrakech-Safi,MA-07,,,133.7,,,4,Africa/Casablanca,FALSE,1504160190
Douar Iramdanene,Douar Iramdanene,,34.9362,-2.4941,Morocco,MA,MAR,Oriental,Oriental,MA-02,,,83.7,,,4,Africa/Casablanca,FALSE,1504275774
Aït Bahmane,Ait Bahmane,,29.6976,-9.3889,Morocco,MA,MAR,Souss-Massa,Souss-Massa,MA-09,,,70.8,,,4,Africa/Casablanca,FALSE,1504291369
Douar Allal Ben Mekki,Douar Allal Ben Mekki,,32.1082,-9.0130,Morocco,MA,MAR,Marrakech-Safi,Marrakech-Safi,MA-07,,,133.7,,,4,Africa/Casablanca,FALSE,1504530835
Tarharrabout,Tarharrabout,,30.0231,-9.1730,Morocco,MA,MAR,Souss-Massa,Souss-Massa,MA-09,,,39.6,,,4,Africa/Casablanca,FALSE,1504939557
Douar Oulad Chadya,Douar Oulad Chadya,,31.7248,-9.4293,Morocco,MA,MAR,Marrakech-Safi,Marrakech-Safi,MA-07,,,71.4,,,4,Africa/Casablanca,FALSE,1504148078
Lahmirat,Lahmirat,Hamierate,32.2030,-8.8491,Morocco,MA,MAR,Marrakech-Safi,Marrakech-Safi,MA-07,,,78.9,,,4,Africa/Casablanca,FALSE,1504461448
Tamarout,Tamarout,,31.3764,-7.5101,Morocco,MA,MAR,Marrakech-Safi,Marrakech-Safi,MA-07,,,70.0,,,4,Africa/Casablanca,FALSE,1504783584
Ifrader,Ifrader,Ifradene Izder|Ifer Izder,30.4536,-9.3391,Morocco,MA,MAR,Souss-Massa,Souss-Massa,MA-09,,,51.2,,,4,Africa/Casablanca,FALSE,1504743819
Tamarout,Tamarout,Tamarioute,31.8216,-6.7960,Morocco,MA,MAR,Béni Mellal-Khénifra,Beni Mellal-Khenifra,MA-05,,,111.4,,,4,Africa/Casablanca,FALSE,1504629766
Tamarout,Tamarout,Tamaroute|Tamarhat,30.6824,-9.4841,Morocco,MA,MAR,Souss-Massa,Souss-Massa,MA-09,,,30.5,,,4,Africa/Casablanca,FALSE,1504539456
Tamarout,Tamarout,,30.5377,-9.6324,Morocco,MA,MAR,Souss-Massa,Souss-Massa,MA-09,,,17.3,,,4,Africa/Casablanca,TRUE,1504835243
Allarht,Allarht,,30.1311,-9.0467,Morocco,MA,MAR,Souss-Massa,Souss-Massa,MA-09,,,26.7,,,4,Africa/Casablanca,FALSE,1504400034
Dar Mohamed Karkich,Dar Mohamed Karkich,,35.6507,-5.3326,Morocco,MA,MAR,Tanger-Tétouan-Al Hoceïma,Tanger-Tetouan-Al Hoceima,MA-01,,,133.2,,,4,Africa/Casablanca,FALSE,1504383053
Douar Amezrou,Douar Amezrou,,31.5023,-7.8200,Morocco,MA,MAR,Marrakech-Safi,Marrakech-Safi,MA-07,,,239.5,,,3,Africa/Casablanca,FALSE,1504667678
Douar Ait Abderrahmane,Douar Ait Abderrahmane,,31.6394,-9.3813,Morocco,MA,MAR,Marrakech-Safi,Marrakech-Safi,MA-07,,,84.1,,,4,Africa/Casablanca,FALSE,1504685226
Douar Ait Abderrahmane,Douar Ait Abderrahmane,,31.4360,-9.5244,Morocco,MA,MAR,Marrakech-Safi,Marrakech-Safi,MA-07,,,58.8,,,4,Africa/Casablanca,TRUE,1504792558
Aït Mked,Ait Mked,Aït Mkeud,31.2786,-8.5807,Morocco,MA,MAR,Marrakech-Safi,Marrakech-Safi,MA-07,,,124.8,,,4,Africa/Casablanca,FALSE,1504094507
Douar Ait Mhamed,Douar Ait Mhamed,,34.0175,-4.7139,Morocco,MA,MAR,Fès-Meknès,Fes-Meknes,MA-03,,,75.1,,,4,Africa/Casablanca,FALSE,1504411606
Douar Ait Mhamed,Douar Ait Mhamed,Aït Hammad|Douar Aït Hammad,34.0218,-4.3511,Morocco,MA,MAR,Fès-Meknès,Fes-Meknes,MA-03,,,34.5,,,4,Africa/Casablanca,TRUE,1504491586
Douar Ait Mhamed,Douar Ait Mhamed,,31.6846,-7.6198,Morocco,MA,MAR,Marrakech-Safi,Marrakech-Safi,MA-07,,,122.4,,,4,Africa/Casablanca,FALSE,1504886859
Douar Ait Mhamed,Douar Ait Mhamed,,31.5212,-9.4810,Morocco,MA,MAR,Marrakech-Safi,Marrakech-Safi,MA-07,,,62.3,,,4,Africa/Casablanca,TRUE,1504023781
Douar Ait Mhamed,Douar Ait Mhamed,,31.9244,-8.3402,Morocco,MA,MAR,Marrakech-Safi,Marrakech-Safi,MA-07,,,29.6,,,4,Africa/Casablanca,TRUE,1504840470
Annexe Communale,Annexe Communale,,34.7689,-6.1529,Morocco,MA,MAR,Rabat-Salé-Kénitra,Rabat-Sale-Kenitra,MA-04,,,297.7,,,3,Africa/Casablanca,FALSE,1504949703
Dar Ahmed Acharqi,Dar Ahmed Acharqi,,35.2239,-4.9839,Morocco,MA,MAR,Tanger-Tétouan-Al Hoceïma,Tanger-Tetouan-Al Hoceima,MA-01,,,131.9,,,4,Africa/Casablanca,FALSE,1504856338
Izyamane,Izyamane,,31.8240,-6.9763,Morocco,MA,MAR,Béni Mellal-Khénifra,Beni Mellal-Khenifra,MA-05,,,104.6,,,4,Africa/Casablanca,FALSE,1504846259
El Grounel Graa,El Grounel Graa,Groun el Grâa|El Groun el Graa,30.3621,-9.1064,Morocco,MA,MAR,Souss-Massa,Souss-Massa,MA-09,,,242.3,,,3,Africa/Casablanca,FALSE,1504281708
Dar El Hachmi Ben Driss,Dar El Hachmi Ben Driss,,34.4045,-4.8775,Morocco,MA,MAR,Fès-Meknès,Fes-Meknes,MA-03,,,129.7,,,4,Africa/Casablanca,FALSE,1504795507
Ex. Tnine Takhenza,Ex. Tnine Takhenza,,31.6208,-8.8953,Morocco,MA,MAR,Marrakech-Safi,Marrakech-Safi,MA-07,,,26.4,,,4,Africa/Casablanca,FALSE,1504150649
Aït Mehand,Ait Mehand,,32.7944,-5.9332,Morocco,MA,MAR,Béni Mellal-Khénifra,Beni Mellal-Khenifra,MA-05,,,24.7,,,4,Africa/Casablanca,FALSE,1504477800
Douar Chihiyine,Douar Chihiyine,,33.6340,-6.7292,Morocco,MA,MAR,Rabat-Salé-Kénitra,Rabat-Sale-Kenitra,MA-04,,,42.3,,,4,Africa/Casablanca,FALSE,1504763039
Aguerd n’Ourtane,Aguerd n'Ourtane,Aguerd n Ourtene,31.1912,-7.7690,Morocco,MA,MAR,Marrakech-Safi,Marrakech-Safi,MA-07,,,85.0,,,4,Africa/Casablanca,FALSE,1504436267
Moul Ettalae,Moul Ettalae,,33.2766,-7.2277,Morocco,MA,MAR,Casablanca-Settat,Casablanca-Settat,MA-06,,,2760.0,,,2,Africa/Casablanca,FALSE,1504827051
Baabcha,Baabcha,Douar Baâbcha|El Bahabicha|Dar el Baâbcha,34.6540,-6.0015,Morocco,MA,MAR,Rabat-Salé-Kénitra,Rabat-Sale-Kenitra,MA-04,,,116.5,,,4,Africa/Casablanca,FALSE,1504603650
Id El Gourch,Id El Gourch,,31.2134,-9.6167,Morocco,MA,MAR,Marrakech-Safi,Marrakech-Safi,MA-07,,,93.4,,,4,Africa/Casablanca,FALSE,1504332539
Douar Bni Rachd,Douar Bni Rachd,,34.0194,-5.5495,Morocco,MA,MAR,Fès-Meknès,Fes-Meknes,MA-03,,,92.6,,,4,Africa/Casablanca,FALSE,1504217606
Douar Khirbat Sehb Zaim,Douar Khirbat Sehb Zaim,,34.6617,-2.4151,Morocco,MA,MAR,Oriental,Oriental,MA-02,,,14.1,,,4,Africa/Casablanca,FALSE,1504540050
Imi-n- Tala,Imi-n- Tala,,31.1293,-8.2672,Morocco,MA,MAR,Marrakech-Safi,Marrakech-Safi,MA-07,,,45.3,,,4,Africa/Casablanca,FALSE,1504449479
Douar Ghlihat,Douar Ghlihat,,31.6834,-9.4657,Morocco,MA,MAR,Marrakech-Safi,Marrakech-Safi,MA-07,,,71.4,,,4,Africa/Casablanca,FALSE,1504901202
Aït Boubaj,Ait Boubaj,,31.4838,-9.3890,Morocco,MA,MAR,Marrakech-Safi,Marrakech-Safi,MA-07,,,78.4,,,4,Africa/Casablanca,FALSE,1504615168
Tabou,Tabou,Tabout|Tagout,31.1186,-9.3434,Morocco,MA,MAR,Marrakech-Safi,Marrakech-Safi,MA-07,,,53.4,,,4,Africa/Casablanca,FALSE,1504145222
Douar Rammaoua,Douar Rammaoua,,34.6322,-5.2277,Morocco,MA,MAR,Tanger-Tétouan-Al Hoceïma,Tanger-Tetouan-Al Hoceima,MA-01,,,327.7,,,3,Africa/Casablanca,FALSE,1504772213
Aït Khirouch,Ait Khirouch,,31.9346,-6.4329,Morocco,MA,MAR,Béni Mellal-Khénifra,Beni Mellal-Khenifra,MA-05,,,44.0,,,4,Africa/Casablanca,FALSE,1504250795
Douar Oulad El Arbiya,Douar Oulad El Arbiya,,32.3116,-8.3587,Morocco,MA,MAR,Marrakech-Safi,Marrakech-Safi,MA-07,,,58.8,,,4,Africa/Casablanca,FALSE,1504762548
Douar Oulad El Arbi,Douar Oulad El Arbi,,34.7303,-2.1369,Morocco,MA,MAR,Oriental,Oriental,MA-02,,,15.4,,,4,Africa/Casablanca,FALSE,1504843668
Douar Oulad El Arbi,Douar Oulad El Arbi,,34.7222,-2.4564,Morocco,MA,MAR,Oriental,Oriental,MA-02,,,14.1,,,4,Africa/Casablanca,TRUE,1504912569
Douar Oulad Bou Shaba Mazlay,Douar Oulad Bou Shaba Mazlay,,34.7364,-2.2673,Morocco,MA,MAR,Oriental,Oriental,MA-02,,,31.0,,,4,Africa/Casablanca,FALSE,1504532650
Oulad Bouya,Oulad Bouya,,32.5177,-6.7356,Morocco,MA,MAR,Béni Mellal-Khénifra,Beni Mellal-Khenifra,MA-05,,,33.8,,,4,Africa/Casablanca,FALSE,1504000959
Douar Oulad El Arbi,Douar Oulad El Arbi,,34.5959,-5.7569,Morocco,MA,MAR,Rabat-Salé-Kénitra,Rabat-Sale-Kenitra,MA-04,,,51.9,,,4,Africa/Casablanca,FALSE,1504890956
Al Hararcha,Al Hararcha,Lahrarcha|El Mrarcha|Douar el Hararcha,31.3994,-8.4947,Morocco,MA,MAR,Marrakech-Safi,Marrakech-Safi,MA-07,,,29.2,,,4,Africa/Casablanca,FALSE,1504643448
El Arichat,El Arichat,,32.3547,-9.0487,Morocco,MA,MAR,Marrakech-Safi,Marrakech-Safi,MA-07,,,102.0,,,4,Africa/Casablanca,FALSE,1504558319
Tamassite,Tamassite,Tamassit,31.2393,-7.9751,Morocco,MA,MAR,Marrakech-Safi,Marrakech-Safi,MA-07,,,89.5,,,4,Africa/Casablanca,FALSE,1504796535
Douar Oulad Far,Douar Oulad Far,,31.6664,-9.1146,Morocco,MA,MAR,Marrakech-Safi,Marrakech-Safi,MA-07,,,44.5,,,4,Africa/Casablanca,FALSE,1504971070
Nouassar,Nouassar,,31.9845,-8.8239,Morocco,MA,MAR,Marrakech-Safi,Marrakech-Safi,MA-07,,,59.5,,,4,Africa/Casablanca,FALSE,1504304590
Douar Ahmed Yah,Douar Ahmed Yah,Ahmadnah,32.2703,-8.2325,Morocco,MA,MAR,Marrakech-Safi,Marrakech-Safi,MA-07,,,31.6,,,4,Africa/Casablanca,FALSE,1504190224
Héritiers Omar Ben Mahjoub,Heritiers Omar Ben Mahjoub,,31.6823,-8.4316,Morocco,MA,MAR,Marrakech-Safi,Marrakech-Safi,MA-07,,,36.4,,,4,Africa/Casablanca,FALSE,1504321598
Douar Alrafa,Douar Alrafa,,35.0419,-5.1320,Morocco,MA,MAR,Tanger-Tétouan-Al Hoceïma,Tanger-Tetouan-Al Hoceima,MA-01,,,214.4,,,3,Africa/Casablanca,FALSE,1504335750
Aït Oumerezou,Ait Oumerezou,,31.2910,-6.5063,Morocco,MA,MAR,Drâa-Tafilalet,Draa-Tafilalet,MA-08,,,26.3,,,4,Africa/Casablanca,FALSE,1504319325
Sarij,Sarij,,33.4859,-4.3702,Morocco,MA,MAR,Fès-Meknès,Fes-Meknes,MA-03,,,14.9,,,4,Africa/Casablanca,FALSE,1504671163
Imi Wanziz,Imi Wanziz,Ouanziz|Zaouïa Imi Ouanziz,31.1120,-8.8599,Morocco,MA,MAR,Marrakech-Safi,Marrakech-Safi,MA-07,,,56.8,,,4,Africa/Casablanca,FALSE,1504363915
El Ktout,El Ktout,,34.7000,-5.3300,Morocco,MA,MAR,Tanger-Tétouan-Al Hoceïma,Tanger-Tetouan-Al Hoceima,MA-01,,,106.8,,,4,Africa/Casablanca,FALSE,1504651031
Douar Moussat,Douar Moussat,Douar Oulad Moussa|Oulad Moussa|Moussatt,34.3426,-5.2314,Morocco,MA,MAR,Fès-Meknès,Fes-Meknes,MA-03,,,195.0,,,4,Africa/Casablanca,FALSE,1504975089
Douar Jbel Lkissane,Douar Jbel Lkissane,,34.4557,-5.1500,Morocco,MA,MAR,Fès-Meknès,Fes-Meknes,MA-03,,,79.2,,,4,Africa/Casablanca,FALSE,1504966466
Ayt Ben L’arbi,Ayt Ben L'arbi,,31.4088,-7.9036,Morocco,MA,MAR,Marrakech-Safi,Marrakech-Safi,MA-07,,,130.1,,,4,Africa/Casablanca,FALSE,1504452212
Sidi Bou Dala,Sidi Bou Dala,,30.2309,-8.5144,Morocco,MA,MAR,Souss-Massa,Souss-Massa,MA-09,,,17.9,,,4,Africa/Casablanca,FALSE,1504146078
Douar Jaafar,Douar Jaafar,,32.5554,-8.8874,Morocco,MA,MAR,Casablanca-Settat,Casablanca-Settat,MA-06,,,97.4,,,4,Africa/Casablanca,FALSE,1504291826
Aït Lhassene,Ait Lhassene,Aït Lahsene|Aït Lhasene|Aït Lhasèn,31.2743,-6.0644,Morocco,MA,MAR,Drâa-Tafilalet,Draa-Tafilalet,MA-08,,,59.5,,,4,Africa/Casablanca,FALSE,1504584776
Dar Oulad Sidi Mbarek,Dar Oulad Sidi Mbarek,,32.1971,-7.7373,Morocco,MA,MAR,Marrakech-Safi,Marrakech-Safi,MA-07,,,23.8,,,4,Africa/Casablanca,FALSE,1504841677
Douar Nouar,Douar Nouar,,31.5277,-7.8595,Morocco,MA,MAR,Marrakech-Safi,Marrakech-Safi,MA-07,,,222.3,,,3,Africa/Casablanca,FALSE,1504272412
Douar Ftanis,Douar Ftanis,,32.1018,-8.6193,Morocco,MA,MAR,Marrakech-Safi,Marrakech-Safi,MA-07,,,49.0,,,4,Africa/Casablanca,FALSE,1504290293
Douar Ben Aguida,Douar Ben Aguida,,31.8188,-8.9703,Morocco,MA,MAR,Marrakech-Safi,Marrakech-Safi,MA-07,,,66.0,,,4,Africa/Casablanca,FALSE,1504414418
Youguit,Youguit,Iguïte,29.6045,-9.9882,Morocco,MA,MAR,Souss-Massa,Souss-Massa,MA-09,,,46.7,,,4,Africa/Casablanca,FALSE,1504821820
Ichfrine,Ichfrine,,30.0084,-9.4114,Morocco,MA,MAR,Souss-Massa,Souss-Massa,MA-09,,,55.5,,,4,Africa/Casablanca,FALSE,1504720811
Douar Lkouf,Douar Lkouf,,33.7690,-4.9980,Morocco,MA,MAR,Fès-Meknès,Fes-Meknes,MA-03,,,69.8,,,4,Africa/Casablanca,FALSE,1504315323
Asrhandoul,Asrhandoul,,31.2361,-9.2086,Morocco,MA,MAR,Marrakech-Safi,Marrakech-Safi,MA-07,,,74.2,,,4,Africa/Casablanca,FALSE,1504680936
Douar Chrarda Sovvkik El Hajjas,Douar Chrarda Sovvkik El Hajjas,,33.4889,-6.8287,Morocco,MA,MAR,Casablanca-Settat,Casablanca-Settat,MA-06,,,35.2,,,4,Africa/Casablanca,FALSE,1504680810
Douar Maglat,Douar Maglat,,31.0788,-9.6229,Morocco,MA,MAR,Marrakech-Safi,Marrakech-Safi,MA-07,,,31.9,,,4,Africa/Casablanca,FALSE,1504393904
Achaari,Achaari,Douar Achaari,33.9826,-4.0746,Morocco,MA,MAR,Fès-Meknès,Fes-Meknes,MA-03,,,15.4,,,4,Africa/Casablanca,FALSE,1504407235
Ait Lhaj All,Ait Lhaj All,El Haj Ali,33.8402,-5.2939,Morocco,MA,MAR,Fès-Meknès,Fes-Meknes,MA-03,,,158.8,,,4,Africa/Casablanca,FALSE,1504653933
Ikakern,Ikakern,,30.8321,-8.9750,Morocco,MA,MAR,Souss-Massa,Souss-Massa,MA-09,,,21.5,,,4,Africa/Casablanca,FALSE,1504955556
Irgraguene,Irgraguene,,31.5570,-7.3850,Morocco,MA,MAR,Marrakech-Safi,Marrakech-Safi,MA-07,,,70.9,,,4,Africa/Casablanca,FALSE,1504266250
Douar Lkebbaniya,Douar Lkebbaniya,,34.1107,-5.6368,Morocco,MA,MAR,Fès-Meknès,Fes-Meknes,MA-03,,,55.2,,,4,Africa/Casablanca,FALSE,1504753946
Douar Izougiyyadene,Douar Izougiyyadene,,35.0620,-3.8778,Morocco,MA,MAR,Tanger-Tétouan-Al Hoceïma,Tanger-Tetouan-Al Hoceima,MA-01,,,96.3,,,4,Africa/Casablanca,FALSE,1504155159
Timejmemte,Timejmemte,,30.8896,-9.1337,Morocco,MA,MAR,Marrakech-Safi,Marrakech-Safi,MA-07,,,24.7,,,4,Africa/Casablanca,FALSE,1504891759
Douar Ennachcharine,Douar Ennachcharine,,34.9142,-5.6182,Morocco,MA,MAR,Tanger-Tétouan-Al Hoceïma,Tanger-Tetouan-Al Hoceima,MA-01,,,77.3,,,4,Africa/Casablanca,FALSE,1504870685
Douar Chqirbane,Douar Chqirbane,,34.4716,-4.2843,Morocco,MA,MAR,Fès-Meknès,Fes-Meknes,MA-03,,,56.9,,,4,Africa/Casablanca,FALSE,1504615441
Douar Tizi Hassane,Douar Tizi Hassane,,34.8215,-2.2893,Morocco,MA,MAR,Oriental,Oriental,MA-02,,,25.1,,,4,Africa/Casablanca,FALSE,1504448729
Iwliwil,Iwliwil,Iouliouil|Iouliouile,30.3048,-7.8016,Morocco,MA,MAR,Souss-Massa,Souss-Massa,MA-09,,,11.5,,,4,Africa/Casablanca,FALSE,1504513135
Imzith,Imzith,,31.5047,-7.1045,Morocco,MA,MAR,Béni Mellal-Khénifra,Beni Mellal-Khenifra,MA-05,,,44.6,,,4,Africa/Casablanca,FALSE,1504952191
Ajrei,Ajrei,,31.1151,-9.4220,Morocco,MA,MAR,Marrakech-Safi,Marrakech-Safi,MA-07,,,42.1,,,4,Africa/Casablanca,FALSE,1504003449
Abassari,Abassari,,31.2134,-9.7408,Morocco,MA,MAR,Marrakech-Safi,Marrakech-Safi,MA-07,,,82.3,,,4,Africa/Casablanca,FALSE,1504760596
Telas,Telas,Tlest|Tless,31.1951,-8.7406,Morocco,MA,MAR,Marrakech-Safi,Marrakech-Safi,MA-07,,,103.2,,,4,Africa/Casablanca,FALSE,1504901383
Oulad Samda,Oulad Samda,,34.7000,-2.5600,Morocco,MA,MAR,Oriental,Oriental,MA-02,,,12.1,,,4,Africa/Casablanca,FALSE,1504157157
Oulad Mhamed,Oulad Mhamed,Ouled M’hamed|Douar Oulad Mhamed,34.6099,-6.3066,Morocco,MA,MAR,Rabat-Salé-Kénitra,Rabat-Sale-Kenitra,MA-04,,,219.7,,,3,Africa/Casablanca,FALSE,1504884702
Oulad Mhamed,Oulad Mhamed,,31.9968,-9.0438,Morocco,MA,MAR,Marrakech-Safi,Marrakech-Safi,MA-07,,,133.7,,,4,Africa/Casablanca,FALSE,1504069242
Douar Maqrouf,Douar Maqrouf,,34.6932,-2.3183,Morocco,MA,MAR,Oriental,Oriental,MA-02,,,31.0,,,4,Africa/Casablanca,FALSE,1504071012
Oulad Bech’air,Oulad Bech'air,Ouled Buochaïr|Douar Alab Chaïr|Oulad Bechaïr,32.5162,-7.2188,Morocco,MA,MAR,Casablanca-Settat,Casablanca-Settat,MA-06,,,29.0,,,4,Africa/Casablanca,FALSE,1504663843
Douar Dehar,Douar Dehar,,31.6444,-9.1814,Morocco,MA,MAR,Marrakech-Safi,Marrakech-Safi,MA-07,,,62.1,,,4,Africa/Casablanca,FALSE,1504000140
Coopérative Haggouniya,Cooperative Haggouniya,,35.0981,-6.1302,Morocco,MA,MAR,Tanger-Tétouan-Al Hoceïma,Tanger-Tetouan-Al Hoceima,MA-01,,,145.5,,,4,Africa/Casablanca,FALSE,1504226376
Achtaounouaghene,Achtaounouaghene,,35.0946,-5.3776,Morocco,MA,MAR,Tanger-Tétouan-Al Hoceïma,Tanger-Tetouan-Al Hoceima,MA-01,,,57.7,,,4,Africa/Casablanca,FALSE,1504353930
Belkraker,Belkraker,,31.3377,-9.1844,Morocco,MA,MAR,Marrakech-Safi,Marrakech-Safi,MA-07,,,74.2,,,4,Africa/Casablanca,FALSE,1504075917
Douar Ben Ejjilah,Douar Ben Ejjilah,,31.5441,-9.0381,Morocco,MA,MAR,Marrakech-Safi,Marrakech-Safi,MA-07,,,35.5,,,4,Africa/Casablanca,FALSE,1504233101
Al Biyd,Al Biyd,Albeïd,29.5654,-9.3627,Morocco,MA,MAR,Souss-Massa,Souss-Massa,MA-09,,,33.5,,,4,Africa/Casablanca,FALSE,1504843830
Sminat,Sminat,,34.6094,-6.0699,Morocco,MA,MAR,Rabat-Salé-Kénitra,Rabat-Sale-Kenitra,MA-04,,,119.9,,,4,Africa/Casablanca,FALSE,1504614078
Boulfarsi,Boulfarsi,,32.0180,-6.9009,Morocco,MA,MAR,Béni Mellal-Khénifra,Beni Mellal-Khenifra,MA-05,,,92.8,,,4,Africa/Casablanca,FALSE,1504016653
El Bachir,El Bachir,Douar el Bachir|Bel Bachir,31.5100,-8.7500,Morocco,MA,MAR,Marrakech-Safi,Marrakech-Safi,MA-07,,,125.8,,,4,Africa/Casablanca,FALSE,1504137768
Lemzaraa,Lemzaraa,,34.7720,-2.4388,Morocco,MA,MAR,Oriental,Oriental,MA-02,,,14.1,,,4,Africa/Casablanca,FALSE,1504097380
Ihzaoufyene,Ihzaoufyene,,35.0953,-2.9492,Morocco,MA,MAR,Oriental,Oriental,MA-02,,,280.7,,,3,Africa/Casablanca,FALSE,1504485284
Agard-n-Takawiyne,Agard-n-Takawiyne,,29.7294,-9.2927,Morocco,MA,MAR,Souss-Massa,Souss-Massa,MA-09,,,25.9,,,4,Africa/Casablanca,FALSE,1504001296
Oulad El Haj Ettaher,Oulad El Haj Ettaher,,33.7025,-7.1116,Morocco,MA,MAR,Casablanca-Settat,Casablanca-Settat,MA-06,,,92.6,,,4,Africa/Casablanca,FALSE,1504439329
Douar Znazeni,Douar Znazeni,,31.7789,-9.2938,Morocco,MA,MAR,Marrakech-Safi,Marrakech-Safi,MA-07,,,80.5,,,4,Africa/Casablanca,FALSE,1504234090
Aït ou Manouz Leqbelt,Ait ou Manouz Leqbelt,,29.9507,-9.3669,Morocco,MA,MAR,Souss-Massa,Souss-Massa,MA-09,,,55.5,,,4,Africa/Casablanca,FALSE,1504000440
Aït Bou Calah,Ait Bou Calah,,30.1141,-8.5994,Morocco,MA,MAR,Souss-Massa,Souss-Massa,MA-09,,,15.2,,,4,Africa/Casablanca,FALSE,1504042435
Douar Sidi Lahsen Bou Hamadi,Douar Sidi Lahsen Bou Hamadi,,34.0566,-5.8559,Morocco,MA,MAR,Rabat-Salé-Kénitra,Rabat-Sale-Kenitra,MA-04,,,53.1,,,4,Africa/Casablanca,FALSE,1504003531
Zaouia Oulad Rhezzar,Zaouia Oulad Rhezzar,Zaouia Oulad Rezzar|Zacriya d’Ouled Khzare|Zaouia des Oulad Rhezzar,34.7094,-5.0416,Morocco,MA,MAR,Fès-Meknès,Fes-Meknes,MA-03,,,136.1,,,4,Africa/Casablanca,FALSE,1504104251
Douar Chriaa,Douar Chriaa,Chriaa|Chria,35.6865,-5.8088,Morocco,MA,MAR,Tanger-Tétouan-Al Hoceïma,Tanger-Tetouan-Al Hoceima,MA-01,,,143.3,,,4,Africa/Casablanca,FALSE,1504633230
Douar Zahira,Douar Zahira,,34.6454,-5.1899,Morocco,MA,MAR,Tanger-Tétouan-Al Hoceïma,Tanger-Tetouan-Al Hoceima,MA-01,,,327.7,,,3,Africa/Casablanca,FALSE,1504353510
Lqonicha,Lqonicha,,35.7390,-5.7588,Morocco,MA,MAR,Tanger-Tétouan-Al Hoceïma,Tanger-Tetouan-Al Hoceima,MA-01,,,6874.8,,,2,Africa/Casablanca,FALSE,1504082291
Agla,Agla,,35.7965,-5.8707,Morocco,MA,MAR,Tanger-Tétouan-Al Hoceïma,Tanger-Tetouan-Al Hoceima,MA-01,,,3270.0,,,2,Africa/Casablanca,FALSE,1504281102
Agla,Agla,,35.4469,-5.3173,Morocco,MA,MAR,Tanger-Tétouan-Al Hoceïma,Tanger-Tetouan-Al Hoceima,MA-01,,,75.3,,,4,Africa/Casablanca,TRUE,1504569355
Agla,Agla,,35.1978,-5.5604,Morocco,MA,MAR,Tanger-Tétouan-Al Hoceïma,Tanger-Tetouan-Al Hoceima,MA-01,,,49.5,,,4,Africa/Casablanca,TRUE,1504286717
Agla,Agla,Ouagla,35.1440,-5.6731,Morocco,MA,MAR,Tanger-Tétouan-Al Hoceïma,Tanger-Tetouan-Al Hoceima,MA-01,,,49.5,,,4,Africa/Casablanca,TRUE,1504756979
El Amour,El Amour,Laâmour,34.3170,-5.4357,Morocco,MA,MAR,Fès-Meknès,Fes-Meknes,MA-03,,,102.9,,,4,Africa/Casablanca,FALSE,1504503397
Adras,Adras,,31.6360,-6.9888,Morocco,MA,MAR,Béni Mellal-Khénifra,Beni Mellal-Khenifra,MA-05,,,49.0,,,4,Africa/Casablanca,FALSE,1504224977
Irsmoukene,Irsmoukene,,29.8658,-9.3437,Morocco,MA,MAR,Souss-Massa,Souss-Massa,MA-09,,,49.3,,,4,Africa/Casablanca,FALSE,1504745490
Imaziouene,Imaziouene,,34.9319,-4.4264,Morocco,MA,MAR,Tanger-Tétouan-Al Hoceïma,Tanger-Tetouan-Al Hoceima,MA-01,,,105.7,,,4,Africa/Casablanca,FALSE,1504580225
Douar Mesker,Douar Mesker,Mesker,34.5895,-5.3948,Morocco,MA,MAR,Tanger-Tétouan-Al Hoceïma,Tanger-Tetouan-Al Hoceima,MA-01,,,173.2,,,4,Africa/Casablanca,FALSE,1504098759
Ar Rhahwa,Ar Rhahwa,,33.4229,-7.4432,Morocco,MA,MAR,Casablanca-Settat,Casablanca-Settat,MA-06,,,304.4,,,3,Africa/Casablanca,FALSE,1504002142
Douar Bhir,Douar Bhir,,31.7311,-7.7901,Morocco,MA,MAR,Marrakech-Safi,Marrakech-Safi,MA-07,,,34.5,,,4,Africa/Casablanca,FALSE,1504271764
Oulad Moulat,Oulad Moulat,,33.8538,-6.8935,Morocco,MA,MAR,Rabat-Salé-Kénitra,Rabat-Sale-Kenitra,MA-04,,,157.8,,,4,Africa/Casablanca,FALSE,1504804504
Douar Bni Yazzouni Sghir,Douar Bni Yazzouni Sghir,,34.5696,-2.1573,Morocco,MA,MAR,Oriental,Oriental,MA-02,,,20.7,,,4,Africa/Casablanca,FALSE,1504711616
Douar Naaymiaa,Douar Naaymiaa,,32.5905,-8.7824,Morocco,MA,MAR,Casablanca-Settat,Casablanca-Settat,MA-06,,,97.4,,,4,Africa/Casablanca,FALSE,1504350864
Taghoura,Taghoura,,31.1712,-7.1293,Morocco,MA,MAR,Drâa-Tafilalet,Draa-Tafilalet,MA-08,,,20.5,,,4,Africa/Casablanca,FALSE,1504585627
Douar Lamrakez,Douar Lamrakez,,32.4822,-8.8760,Morocco,MA,MAR,Marrakech-Safi,Marrakech-Safi,MA-07,,,90.0,,,4,Africa/Casablanca,FALSE,1504538974
Douar El Abdi,Douar El Abdi,,32.6433,-8.4312,Morocco,MA,MAR,Casablanca-Settat,Casablanca-Settat,MA-06,,,5280.6,,,2,Africa/Casablanca,FALSE,1504321756
Dwidat,Dwidat,,33.0928,-7.6748,Morocco,MA,MAR,Casablanca-Settat,Casablanca-Settat,MA-06,,,67.8,,,4,Africa/Casablanca,FALSE,1504002090
Dawtouriyrt,Dawtouriyrt,,31.2971,-7.2803,Morocco,MA,MAR,Drâa-Tafilalet,Draa-Tafilalet,MA-08,,,20.3,,,4,Africa/Casablanca,FALSE,1504861523
Douar El Khounf,Douar El Khounf,,32.5639,-8.1324,Morocco,MA,MAR,Casablanca-Settat,Casablanca-Settat,MA-06,,,71.9,,,4,Africa/Casablanca,FALSE,1504880648
Touassa,Touassa,,34.6193,-6.0027,Morocco,MA,MAR,Rabat-Salé-Kénitra,Rabat-Sale-Kenitra,MA-04,,,171.2,,,4,Africa/Casablanca,FALSE,1504408620
Iril Jama,Iril Jama,,29.4570,-9.9573,Morocco,MA,MAR,Guelmim-Oued Noun,Guelmim-Oued Noun,MA-10,,,35.4,,,4,Africa/Casablanca,FALSE,1504000798
Douar Lebaara Bni Ritoune,Douar Lebaara Bni Ritoune,,33.0549,-7.3424,Morocco,MA,MAR,Casablanca-Settat,Casablanca-Settat,MA-06,,,102.6,,,4,Africa/Casablanca,FALSE,1504498499
Douar Bouskene,Douar Bouskene,,35.3047,-4.9536,Morocco,MA,MAR,Tanger-Tétouan-Al Hoceïma,Tanger-Tetouan-Al Hoceima,MA-01,,,102.4,,,4,Africa/Casablanca,FALSE,1504292331
Douar Hammouchi,Douar Hammouchi,,35.0409,-3.8662,Morocco,MA,MAR,Tanger-Tétouan-Al Hoceïma,Tanger-Tetouan-Al Hoceima,MA-01,,,97.4,,,4,Africa/Casablanca,FALSE,1504513993
Douar Oulad Zaaje,Douar Oulad Zaaje,,35.0559,-2.7576,Morocco,MA,MAR,Oriental,Oriental,MA-02,,,74.8,,,4,Africa/Casablanca,FALSE,1504861139
Douar Cheguirbat,Douar Cheguirbat,,34.3967,-5.6957,Morocco,MA,MAR,Rabat-Salé-Kénitra,Rabat-Sale-Kenitra,MA-04,,,141.7,,,4,Africa/Casablanca,FALSE,1504003250
Douar Lehdadra,Douar Lehdadra,,35.0208,-2.7945,Morocco,MA,MAR,Oriental,Oriental,MA-02,,,56.9,,,4,Africa/Casablanca,FALSE,1504740896
Taourirt Ou Yaha,Taourirt Ou Yaha,,30.1455,-9.2610,Morocco,MA,MAR,Souss-Massa,Souss-Massa,MA-09,,,61.3,,,4,Africa/Casablanca,FALSE,1504170626
Dar Saïd Ben Berhdadi,Dar Said Ben Berhdadi,,33.2687,-8.1941,Morocco,MA,MAR,Casablanca-Settat,Casablanca-Settat,MA-06,,,166.5,,,4,Africa/Casablanca,FALSE,1504634955
Douar Rokba,Douar Rokba,,32.4438,-8.1429,Morocco,MA,MAR,Marrakech-Safi,Marrakech-Safi,MA-07,,,36.6,,,4,Africa/Casablanca,FALSE,1504677459
Oulad Sidi Aïssa,Oulad Sidi Aissa,,32.9010,-8.1210,Morocco,MA,MAR,Casablanca-Settat,Casablanca-Settat,MA-06,,,104.4,,,4,Africa/Casablanca,FALSE,1504537349
Oulad El Haj Kacem,Oulad El Haj Kacem,,32.3583,-8.9948,Morocco,MA,MAR,Marrakech-Safi,Marrakech-Safi,MA-07,,,95.8,,,4,Africa/Casablanca,FALSE,1504841288
Douar Ikhenedjiyinc,Douar Ikhenedjiyinc,,33.5085,-4.7673,Morocco,MA,MAR,Fès-Meknès,Fes-Meknes,MA-03,,,14.3,,,4,Africa/Casablanca,FALSE,1504186808
Coopérative Sidi El Makhfi,Cooperative Sidi El Makhfi,,33.9457,-5.3065,Morocco,MA,MAR,Fès-Meknès,Fes-Meknes,MA-03,,,161.9,,,4,Africa/Casablanca,FALSE,1504609122
Aït Ouqnidar,Ait Ouqnidar,,31.7703,-6.9953,Morocco,MA,MAR,Béni Mellal-Khénifra,Beni Mellal-Khenifra,MA-05,,,121.8,,,4,Africa/Casablanca,FALSE,1504119647
Sidi ‘ali Al Goumi,Sidi `ali Al Goumi,Sidi Ali el Goumi|Ali el Goumi,31.6417,-4.1960,Morocco,MA,MAR,Drâa-Tafilalet,Draa-Tafilalet,MA-08,,,24.3,,,4,Africa/Casablanca,FALSE,1504271497
Tifziouine,Tifziouine,,35.1838,-3.4493,Morocco,MA,MAR,Oriental,Oriental,MA-02,,,66.0,,,4,Africa/Casablanca,FALSE,1504337454
Tifziouine,Tifziouine,,34.1800,-3.4500,Morocco,MA,MAR,Oriental,Oriental,MA-02,,,32.2,,,4,Africa/Casablanca,TRUE,1504164347
Douar Kritcha,Douar Kritcha,,35.1147,-4.0349,Morocco,MA,MAR,Tanger-Tétouan-Al Hoceïma,Tanger-Tetouan-Al Hoceima,MA-01,,,91.1,,,4,Africa/Casablanca,FALSE,1504130618
Dincherfa,Dincherfa,,29.7000,-9.8500,Morocco,MA,MAR,Souss-Massa,Souss-Massa,MA-09,,,34.0,,,4,Africa/Casablanca,FALSE,1504100076
Bouch’aybou Ben Haj,Bouch'aybou Ben Haj,,32.9986,-7.5199,Morocco,MA,MAR,Casablanca-Settat,Casablanca-Settat,MA-06,,,66.1,,,4,Africa/Casablanca,FALSE,1504239401
Douar Fraita,Douar Fraita,,34.4534,-4.6589,Morocco,MA,MAR,Fès-Meknès,Fes-Meknes,MA-03,,,542.8,,,3,Africa/Casablanca,FALSE,1504119051
Douar Lebbachra,Douar Lebbachra,,31.7225,-9.6282,Morocco,MA,MAR,Marrakech-Safi,Marrakech-Safi,MA-07,,,45.2,,,4,Africa/Casablanca,FALSE,1504316744
Bni Gmi,Bni Gmi,Beni Guemil,35.0537,-4.3705,Morocco,MA,MAR,Tanger-Tétouan-Al Hoceïma,Tanger-Tetouan-Al Hoceima,MA-01,,,61.6,,,4,Africa/Casablanca,FALSE,1504945203
Ouzoughane,Ouzoughane,,30.1606,-8.8668,Morocco,MA,MAR,Souss-Massa,Souss-Massa,MA-09,,,26.5,,,4,Africa/Casablanca,FALSE,1504392648
Douar Arja,Douar Arja,,31.6213,-8.1119,Morocco,MA,MAR,Marrakech-Safi,Marrakech-Safi,MA-07,,,395.6,,,3,Africa/Casablanca,FALSE,1504630030
Laknatra,Laknatra,,34.6797,-4.3400,Morocco,MA,MAR,Fès-Meknès,Fes-Meknes,MA-03,,,97.8,,,4,Africa/Casablanca,FALSE,1504003765
Khyam Fuqir Ali,Khyam Fuqir Ali,,32.1002,-8.2630,Morocco,MA,MAR,Marrakech-Safi,Marrakech-Safi,MA-07,,,47.2,,,4,Africa/Casablanca,FALSE,1504580437
Douar Lebkakra,Douar Lebkakra,,32.6033,-7.4596,Morocco,MA,MAR,Casablanca-Settat,Casablanca-Settat,MA-06,,,68.8,,,4,Africa/Casablanca,FALSE,1504861254
Chuokrane,Chuokrane,,34.6247,-4.2936,Morocco,MA,MAR,Fès-Meknès,Fes-Meknes,MA-03,,,50.2,,,4,Africa/Casablanca,FALSE,1504003739
Douar Leqchila,Douar Leqchila,,34.7169,-5.6508,Morocco,MA,MAR,Rabat-Salé-Kénitra,Rabat-Sale-Kenitra,MA-04,,,71.0,,,4,Africa/Casablanca,FALSE,1504931965
Tiwalline,Tiwalline,,30.0635,-8.8220,Morocco,MA,MAR,Souss-Massa,Souss-Massa,MA-09,,,19.8,,,4,Africa/Casablanca,FALSE,1504190719
Oulad Bouchaba,Oulad Bouchaba,Oulad Bouchata,34.7618,-2.2882,Morocco,MA,MAR,Oriental,Oriental,MA-02,,,31.0,,,4,Africa/Casablanca,FALSE,1504242178
Douar Oulad El Afya Louta,Douar Oulad El Afya Louta,,33.0782,-7.0616,Morocco,MA,MAR,Casablanca-Settat,Casablanca-Settat,MA-06,,,34.0,,,4,Africa/Casablanca,FALSE,1504047803
Toug al Khir,Toug al Khir,Tougelkhir|Touguelkhir,30.8416,-8.5549,Morocco,MA,MAR,Souss-Massa,Souss-Massa,MA-09,,,36.9,,,4,Africa/Casablanca,FALSE,1504844415
Toug Al Khir,Toug Al Khir,,30.8643,-8.1828,Morocco,MA,MAR,Souss-Massa,Souss-Massa,MA-09,,,31.9,,,4,Africa/Casablanca,TRUE,1504790107
Toug Al Khir,Toug Al Khir,Touque el Khir|Toug el Khir,30.7125,-8.0634,Morocco,MA,MAR,Souss-Massa,Souss-Massa,MA-09,,,29.8,,,4,Africa/Casablanca,TRUE,1504593864
Tiouli Ou Baki,Tiouli Ou Baki,Douar Tiouli|Tiouli|Tiouili|Tiouli ou Baqi,31.2810,-7.9957,Morocco,MA,MAR,Marrakech-Safi,Marrakech-Safi,MA-07,,,91.0,,,4,Africa/Casablanca,FALSE,1504403013
Douar Oulad Hbala,Douar Oulad Hbala,,32.5645,-8.7468,Morocco,MA,MAR,Casablanca-Settat,Casablanca-Settat,MA-06,,,144.3,,,4,Africa/Casablanca,FALSE,1504758335
Douar Aliouan,Douar Aliouan,,35.2246,-4.8699,Morocco,MA,MAR,Tanger-Tétouan-Al Hoceïma,Tanger-Tetouan-Al Hoceima,MA-01,,,102.4,,,4,Africa/Casablanca,FALSE,1504082370
Ait Sidi Bihi,Ait Sidi Bihi,,31.5947,-9.5361,Morocco,MA,MAR,Marrakech-Safi,Marrakech-Safi,MA-07,,,77.6,,,4,Africa/Casablanca,FALSE,1504972952
Douar Tagzirt,Douar Tagzirt,,35.0826,-3.8780,Morocco,MA,MAR,Tanger-Tétouan-Al Hoceïma,Tanger-Tetouan-Al Hoceima,MA-01,,,370.0,,,3,Africa/Casablanca,FALSE,1504022171
Douar Oulad El Makki,Douar Oulad El Makki,,31.6456,-8.2738,Morocco,MA,MAR,Marrakech-Safi,Marrakech-Safi,MA-07,,,123.6,,,4,Africa/Casablanca,FALSE,1504100492
Douar Oulad El Makki,Douar Oulad El Makki,Douar Allal Ben Mekki|Ouled Mekki|Oulad Mekki,31.7979,-9.1075,Morocco,MA,MAR,Marrakech-Safi,Marrakech-Safi,MA-07,,,30.4,,,4,Africa/Casablanca,TRUE,1504184307
Aït Sidi Ahmed,Ait Sidi Ahmed,,31.2247,-8.6052,Morocco,MA,MAR,Marrakech-Safi,Marrakech-Safi,MA-07,,,67.3,,,4,Africa/Casablanca,FALSE,1504283295
Khyam Ba Allal,Khyam Ba Allal,,32.3513,-8.1626,Morocco,MA,MAR,Marrakech-Safi,Marrakech-Safi,MA-07,,,36.1,,,4,Africa/Casablanca,FALSE,1504473823
Dou Wawj,Dou Wawj,,29.7789,-9.1201,Morocco,MA,MAR,Souss-Massa,Souss-Massa,MA-09,,,21.0,,,4,Africa/Casablanca,FALSE,1504960946
Oulad Leatja,Oulad Leatja,,33.7222,-7.0888,Morocco,MA,MAR,Casablanca-Settat,Casablanca-Settat,MA-06,,,125.9,,,4,Africa/Casablanca,FALSE,1504875173
Douar Zkhanine,Douar Zkhanine,,35.0491,-2.4179,Morocco,MA,MAR,Oriental,Oriental,MA-02,,,119.1,,,4,Africa/Casablanca,FALSE,1504113149
Douar Amer Ou Ali,Douar Amer Ou Ali,,35.0553,-4.1432,Morocco,MA,MAR,Tanger-Tétouan-Al Hoceïma,Tanger-Tetouan-Al Hoceima,MA-01,,,53.1,,,4,Africa/Casablanca,FALSE,1504423278
Tamarrout,Tamarrout,,31.0075,-9.4455,Morocco,MA,MAR,Marrakech-Safi,Marrakech-Safi,MA-07,,,31.4,,,4,Africa/Casablanca,FALSE,1504003777
Ait Muguen,Ait Muguen,,29.5000,-10.0300,Morocco,MA,MAR,Guelmim-Oued Noun,Guelmim-Oued Noun,MA-10,,,29.3,,,4,Africa/Casablanca,FALSE,1504453157
Yougrmarie,Yougrmarie,,31.6699,-7.0884,Morocco,MA,MAR,Béni Mellal-Khénifra,Beni Mellal-Khenifra,MA-05,,,92.7,,,4,Africa/Casablanca,FALSE,1504741242
Oulad Sidi Bou Mhamed,Oulad Sidi Bou Mhamed,,33.0948,-8.0670,Morocco,MA,MAR,Casablanca-Settat,Casablanca-Settat,MA-06,,,70.2,,,4,Africa/Casablanca,FALSE,1504714073
Tajjacht,Tajjacht,,30.7316,-8.7742,Morocco,MA,MAR,Souss-Massa,Souss-Massa,MA-09,,,48.4,,,4,Africa/Casablanca,FALSE,1504000148
Douar Beni ’Awn,Douar Beni 'Awn,Beni Aoun,32.3747,-6.6166,Morocco,MA,MAR,Béni Mellal-Khénifra,Beni Mellal-Khenifra,MA-05,,,338.6,,,3,Africa/Casablanca,FALSE,1504286471
Lazaïb,Lazaib,,34.5050,-4.4592,Morocco,MA,MAR,Fès-Meknès,Fes-Meknes,MA-03,,,138.7,,,4,Africa/Casablanca,FALSE,1504003655
Douar Oulad Ben Rahhal,Douar Oulad Ben Rahhal,,33.5588,-7.0644,Morocco,MA,MAR,Casablanca-Settat,Casablanca-Settat,MA-06,,,62.3,,,4,Africa/Casablanca,FALSE,1504624824
Ait All,Ait All,,30.1212,-9.2246,Morocco,MA,MAR,Souss-Massa,Souss-Massa,MA-09,,,61.3,,,4,Africa/Casablanca,FALSE,1504811520
Oulad Bou ’Alyane,Oulad Bou 'Alyane,,33.4837,-7.2725,Morocco,MA,MAR,Casablanca-Settat,Casablanca-Settat,MA-06,,,52.3,,,4,Africa/Casablanca,FALSE,1504002099
Amane Zarkuiwane,Amane Zarkuiwane,,31.2856,-6.8567,Morocco,MA,MAR,Drâa-Tafilalet,Draa-Tafilalet,MA-08,,,8.9,,,5,Africa/Casablanca,FALSE,1504032147
Douar Mgatel,Douar Mgatel,,34.2588,-5.1485,Morocco,MA,MAR,Fès-Meknès,Fes-Meknes,MA-03,,,113.2,,,4,Africa/Casablanca,FALSE,1504660210
Aït Tatlane,Ait Tatlane,Talatane,31.3267,-7.2247,Morocco,MA,MAR,Drâa-Tafilalet,Draa-Tafilalet,MA-08,,,20.3,,,4,Africa/Casablanca,FALSE,1504160508
Dar Mohamed Ou Qechchar,Dar Mohamed Ou Qechchar,,34.5027,-3.4121,Morocco,MA,MAR,Oriental,Oriental,MA-02,,,13.6,,,4,Africa/Casablanca,FALSE,1504003835
Derb Chems,Derb Chems,,31.3613,-7.9605,Morocco,MA,MAR,Marrakech-Safi,Marrakech-Safi,MA-07,,,130.1,,,4,Africa/Casablanca,FALSE,1504932419
Aït H’sine,Ait H'sine,,33.0771,-5.2716,Morocco,MA,MAR,Fès-Meknès,Fes-Meknes,MA-03,,,14.5,,,4,Africa/Casablanca,FALSE,1504002460
Zaouia Tatrirt,Zaouia Tatrirt,Tatrist|Zaouia Taterirt,30.7471,-9.0437,Morocco,MA,MAR,Souss-Massa,Souss-Massa,MA-09,,,17.7,,,4,Africa/Casablanca,FALSE,1504840894
Douar Caïd Bachir des Tsoul,Douar Caid Bachir des Tsoul,,34.2800,-4.3800,Morocco,MA,MAR,Fès-Meknès,Fes-Meknes,MA-03,,,112.7,,,4,Africa/Casablanca,FALSE,1504839174
Oulad Chaouia,Oulad Chaouia,,33.0819,-8.6410,Morocco,MA,MAR,Casablanca-Settat,Casablanca-Settat,MA-06,,,207.6,,,3,Africa/Casablanca,FALSE,1504001364
Coopérative Salama,Cooperative Salama,,34.8913,-6.2241,Morocco,MA,MAR,Rabat-Salé-Kénitra,Rabat-Sale-Kenitra,MA-04,,,193.3,,,4,Africa/Casablanca,FALSE,1504699379
Douar Talaasmen,Douar Talaasmen,,35.2266,-4.7908,Morocco,MA,MAR,Tanger-Tétouan-Al Hoceïma,Tanger-Tetouan-Al Hoceima,MA-01,,,95.8,,,4,Africa/Casablanca,FALSE,1504929425
Hachem Ben Bouchaib,Hachem Ben Bouchaib,,32.1975,-8.8110,Morocco,MA,MAR,Marrakech-Safi,Marrakech-Safi,MA-07,,,74.9,,,4,Africa/Casablanca,FALSE,1504759525
Dar Mohamed Aachouch,Dar Mohamed Aachouch,,33.5514,-5.4484,Morocco,MA,MAR,Fès-Meknès,Fes-Meknes,MA-03,,,24.3,,,4,Africa/Casablanca,FALSE,1504213727
Ejjoualla,Ejjoualla,,31.5933,-9.5347,Morocco,MA,MAR,Marrakech-Safi,Marrakech-Safi,MA-07,,,77.6,,,4,Africa/Casablanca,FALSE,1504291959
Tiyn-n-Ddamn,Tiyn-n-Ddamn,,29.9930,-9.1733,Morocco,MA,MAR,Souss-Massa,Souss-Massa,MA-09,,,39.6,,,4,Africa/Casablanca,FALSE,1504972257
Ocar Otmane Ou Moussa,Ocar Otmane Ou Moussa,,32.6811,-4.7491,Morocco,MA,MAR,Drâa-Tafilalet,Draa-Tafilalet,MA-08,,,4678.2,,,2,Africa/Casablanca,FALSE,1504002691
Imdghar Oufella,Imdghar Oufella,Imdghar n Oufella|Imdrer n’Oufella,30.6039,-7.3608,Morocco,MA,MAR,Drâa-Tafilalet,Draa-Tafilalet,MA-08,,,10.3,,,4,Africa/Casablanca,FALSE,1504197878
Qbeur Brahim,Qbeur Brahim,,32.5395,-6.8435,Morocco,MA,MAR,Béni Mellal-Khénifra,Beni Mellal-Khenifra,MA-05,,,33.8,,,4,Africa/Casablanca,FALSE,1504977068
Douar Oulad El Khayat,Douar Oulad El Khayat,,32.5600,-8.6671,Morocco,MA,MAR,Casablanca-Settat,Casablanca-Settat,MA-06,,,144.3,,,4,Africa/Casablanca,FALSE,1504832916
Aït Mouli,Ait Mouli,,32.0995,-7.0342,Morocco,MA,MAR,Béni Mellal-Khénifra,Beni Mellal-Khenifra,MA-05,,,48.7,,,4,Africa/Casablanca,FALSE,1504148525
Douar Rousma,Douar Rousma,,32.2660,-7.1985,Morocco,MA,MAR,Marrakech-Safi,Marrakech-Safi,MA-07,,,132.2,,,4,Africa/Casablanca,FALSE,1504945067
Aït Mouli,Ait Mouli,,32.7552,-5.0079,Morocco,MA,MAR,Drâa-Tafilalet,Draa-Tafilalet,MA-08,,,13.4,,,4,Africa/Casablanca,FALSE,1504283937
Douar Meghara,Douar Meghara,El Maghghara,35.5719,-5.6831,Morocco,MA,MAR,Tanger-Tétouan-Al Hoceïma,Tanger-Tetouan-Al Hoceima,MA-01,,,45.2,,,4,Africa/Casablanca,FALSE,1504267581
Aït Ighmor,Ait Ighmor,Aït Imgueur|Aït Imguer,31.4821,-7.4708,Morocco,MA,MAR,Marrakech-Safi,Marrakech-Safi,MA-07,,,109.3,,,4,Africa/Casablanca,FALSE,1504585832
Titfrah,Titfrah,,34.7625,-5.0057,Morocco,MA,MAR,Fès-Meknès,Fes-Meknes,MA-03,,,195.9,,,4,Africa/Casablanca,FALSE,1504382665
Tirliite,Tirliite,,31.2462,-7.9738,Morocco,MA,MAR,Marrakech-Safi,Marrakech-Safi,MA-07,,,89.5,,,4,Africa/Casablanca,FALSE,1504360507
Haïata,Haiata,,35.2459,-5.6690,Morocco,MA,MAR,Tanger-Tétouan-Al Hoceïma,Tanger-Tetouan-Al Hoceima,MA-01,,,48.9,,,4,Africa/Casablanca,FALSE,1504857888
Douar Jrarfa,Douar Jrarfa,,32.6951,-8.3842,Morocco,MA,MAR,Casablanca-Settat,Casablanca-Settat,MA-06,,,111.5,,,4,Africa/Casablanca,FALSE,1504322697
Dar Abdelhaq Oueld Lagnaouiya,Dar Abdelhaq Oueld Lagnaouiya,,35.0421,-5.8962,Morocco,MA,MAR,Tanger-Tétouan-Al Hoceïma,Tanger-Tetouan-Al Hoceima,MA-01,,,143.3,,,4,Africa/Casablanca,FALSE,1504794710
Irhis,Irhis,,30.9706,-7.1630,Morocco,MA,MAR,Drâa-Tafilalet,Draa-Tafilalet,MA-08,,,17.4,,,4,Africa/Casablanca,FALSE,1504839705
Jaaouna,Jaaouna,,34.1239,-6.7336,Morocco,MA,MAR,Rabat-Salé-Kénitra,Rabat-Sale-Kenitra,MA-04,,,1257.8,,,3,Africa/Casablanca,FALSE,1504206995
Douar Bahaddis,Douar Bahaddis,,33.5955,-5.6492,Morocco,MA,MAR,Fès-Meknès,Fes-Meknes,MA-03,,,26.9,,,4,Africa/Casablanca,FALSE,1504635812
Tasga-n-Warg,Tasga-n-Warg,,30.9819,-8.1636,Morocco,MA,MAR,Marrakech-Safi,Marrakech-Safi,MA-07,,,40.4,,,4,Africa/Casablanca,FALSE,1504582686
Dar Ahmed Laaoui,Dar Ahmed Laaoui,,32.2292,-8.3431,Morocco,MA,MAR,Marrakech-Safi,Marrakech-Safi,MA-07,,,32.4,,,4,Africa/Casablanca,FALSE,1504477706
Douar Tizza,Douar Tizza,,35.2129,-3.6461,Morocco,MA,MAR,Oriental,Oriental,MA-02,,,107.2,,,4,Africa/Casablanca,FALSE,1504827087
Imizg,Imizg,,30.6878,-7.3332,Morocco,MA,MAR,Drâa-Tafilalet,Draa-Tafilalet,MA-08,,,10.5,,,4,Africa/Casablanca,FALSE,1504664822
Douar Ait Cheikh,Douar Ait Cheikh,,31.7343,-9.4963,Morocco,MA,MAR,Marrakech-Safi,Marrakech-Safi,MA-07,,,108.1,,,4,Africa/Casablanca,FALSE,1504268703
Douar Tighumone,Douar Tighumone,,30.8430,-9.7924,Morocco,MA,MAR,Souss-Massa,Souss-Massa,MA-09,,,79.2,,,4,Africa/Casablanca,FALSE,1504041915
Imizg,Imizg,Ismig,31.7037,-6.6048,Morocco,MA,MAR,Béni Mellal-Khénifra,Beni Mellal-Khenifra,MA-05,,,56.6,,,4,Africa/Casablanca,FALSE,1504619815
Douar el Koribis,Douar el Koribis,,31.7494,-7.1336,Morocco,MA,MAR,Béni Mellal-Khénifra,Beni Mellal-Khenifra,MA-05,,,149.7,,,4,Africa/Casablanca,FALSE,1504592947
Douar Oulad El Arbi Ben Mekki,Douar Oulad El Arbi Ben Mekki,,33.0146,-7.1682,Morocco,MA,MAR,Casablanca-Settat,Casablanca-Settat,MA-06,,,94.4,,,4,Africa/Casablanca,FALSE,1504000668
Qantrat Rghioua,Qantrat Rghioua,,34.4910,-4.6105,Morocco,MA,MAR,Fès-Meknès,Fes-Meknes,MA-03,,,367.7,,,3,Africa/Casablanca,FALSE,1504364115
Douar Gnawa,Douar Gnawa,,33.0440,-6.4108,Morocco,MA,MAR,Béni Mellal-Khénifra,Beni Mellal-Khenifra,MA-05,,,36.5,,,4,Africa/Casablanca,FALSE,1504001167
Oulad Ali Maammar,Oulad Ali Maammar,,33.7605,-6.7187,Morocco,MA,MAR,Rabat-Salé-Kénitra,Rabat-Sale-Kenitra,MA-04,,,31.1,,,4,Africa/Casablanca,FALSE,1504192788
Aït Zaros,Ait Zaros,Aït Zakra,35.1446,-3.9674,Morocco,MA,MAR,Tanger-Tétouan-Al Hoceïma,Tanger-Tetouan-Al Hoceima,MA-01,,,91.1,,,4,Africa/Casablanca,FALSE,1504644014
El Hassine,El Hassine,,32.9200,-5.0100,Morocco,MA,MAR,Drâa-Tafilalet,Draa-Tafilalet,MA-08,,,18.6,,,4,Africa/Casablanca,FALSE,1504572834
Dour Ayoul,Dour Ayoul,,35.1000,-4.5208,Morocco,MA,MAR,Tanger-Tétouan-Al Hoceïma,Tanger-Tetouan-Al Hoceima,MA-01,,,52.1,,,4,Africa/Casablanca,FALSE,1504719850
Mahaleth,Mahaleth,,34.8946,-4.0432,Morocco,MA,MAR,Tanger-Tétouan-Al Hoceïma,Tanger-Tetouan-Al Hoceima,MA-01,,,28.4,,,4,Africa/Casablanca,FALSE,1504573701
Tafarht,Tafarht,Tarhfarhte,30.8591,-8.2658,Morocco,MA,MAR,Souss-Massa,Souss-Massa,MA-09,,,41.7,,,4,Africa/Casablanca,FALSE,1504206642
Illalarhn,Illalarhn,,30.9047,-9.5424,Morocco,MA,MAR,Marrakech-Safi,Marrakech-Safi,MA-07,,,24.5,,,4,Africa/Casablanca,FALSE,1504911311
Oulad Zalmas,Oulad Zalmas,,31.9653,-8.9052,Morocco,MA,MAR,Marrakech-Safi,Marrakech-Safi,MA-07,,,83.7,,,4,Africa/Casablanca,FALSE,1504936582
Dar Bouchrit,Dar Bouchrit,,32.9828,-8.6009,Morocco,MA,MAR,Casablanca-Settat,Casablanca-Settat,MA-06,,,117.5,,,4,Africa/Casablanca,FALSE,1504461973
Izgoudaz,Izgoudaz,,31.2172,-9.2111,Morocco,MA,MAR,Marrakech-Safi,Marrakech-Safi,MA-07,,,76.0,,,4,Africa/Casablanca,FALSE,1504729455
Aït Hammoudou,Ait Hammoudou,Ouled Hammou,30.3500,-6.8300,Morocco,MA,MAR,Souss-Massa,Souss-Massa,MA-09,,,1.8,,,5,Africa/Casablanca,FALSE,1504911413
Boû Ouentere,Bou Ouentere,,35.3264,-4.9759,Morocco,MA,MAR,Tanger-Tétouan-Al Hoceïma,Tanger-Tetouan-Al Hoceima,MA-01,,,133.4,,,4,Africa/Casablanca,FALSE,1504089550
Id Chabour,Id Chabour,,29.2843,-9.9274,Morocco,MA,MAR,Guelmim-Oued Noun,Guelmim-Oued Noun,MA-10,,,20.5,,,4,Africa/Casablanca,FALSE,1504298305
Iglouwane,Iglouwane,,31.4198,-7.6163,Morocco,MA,MAR,Marrakech-Safi,Marrakech-Safi,MA-07,,,144.2,,,4,Africa/Casablanca,FALSE,1504668170
Imi n’Izrou,Imi n'Izrou,Imi n’Ouzrou|Ksar Imi nouzrou|Imi n’Ouzi-ou|Imi-n’ Ouzrou,31.0867,-5.2969,Morocco,MA,MAR,Drâa-Tafilalet,Draa-Tafilalet,MA-08,,,19.0,,,4,Africa/Casablanca,FALSE,1504977428
Zaouiat Lahna,Zaouiat Lahna,Zaouïat Hena|Zaouia Lahna|Zaouia Hena,32.2350,-8.5952,Morocco,MA,MAR,Marrakech-Safi,Marrakech-Safi,MA-07,,,56.4,,,4,Africa/Casablanca,FALSE,1504208637
Lemnaqi,Lemnaqi,,35.5567,-5.4021,Morocco,MA,MAR,Tanger-Tétouan-Al Hoceïma,Tanger-Tetouan-Al Hoceima,MA-01,,,7437.0,,,2,Africa/Casablanca,FALSE,1504615202
Id Laudid,Id Laudid,,30.8649,-9.7639,Morocco,MA,MAR,Souss-Massa,Souss-Massa,MA-09,,,79.2,,,4,Africa/Casablanca,FALSE,1504735763
Douar Akazaou,Douar Akazaou,,31.0319,-9.7927,Morocco,MA,MAR,Marrakech-Safi,Marrakech-Safi,MA-07,,,69.4,,,4,Africa/Casablanca,FALSE,1504000163
El Qeraqra,El Qeraqra,,32.6179,-7.7150,Morocco,MA,MAR,Casablanca-Settat,Casablanca-Settat,MA-06,,,67.6,,,4,Africa/Casablanca,FALSE,1504678052
Tassakat,Tassakat,,30.0029,-9.0013,Morocco,MA,MAR,Souss-Massa,Souss-Massa,MA-09,,,18.1,,,4,Africa/Casablanca,FALSE,1504332366
Tassakat,Tassakat,,29.7921,-8.7839,Morocco,MA,MAR,Souss-Massa,Souss-Massa,MA-09,,,8.2,,,5,Africa/Casablanca,TRUE,1504126099
Ansis,Ansis,Anessis,30.8417,-9.3445,Morocco,MA,MAR,Souss-Massa,Souss-Massa,MA-09,,,34.6,,,4,Africa/Casablanca,FALSE,1504295583
Ansis,Ansis,,29.5188,-8.9086,Morocco,MA,MAR,Souss-Massa,Souss-Massa,MA-09,,,5.0,,,5,Africa/Casablanca,TRUE,1504625915
Qacba Jdida,Qacba Jdida,Kasba Jdida,31.9084,-4.3628,Morocco,MA,MAR,Drâa-Tafilalet,Draa-Tafilalet,MA-08,,,22.0,,,4,Africa/Casablanca,FALSE,1504468318
Douar Oulad Hriz,Douar Oulad Hriz,Ouled Heriz,32.3694,-7.8751,Morocco,MA,MAR,Marrakech-Safi,Marrakech-Safi,MA-07,,,25.4,,,4,Africa/Casablanca,FALSE,1504586819
Timiicht,Timiicht,Timjicht,30.5142,-7.2524,Morocco,MA,MAR,Drâa-Tafilalet,Draa-Tafilalet,MA-08,,,10.3,,,4,Africa/Casablanca,FALSE,1504322472
Aït ’Ali Ahmed,Ait 'Ali Ahmed,,32.0077,-6.8673,Morocco,MA,MAR,Béni Mellal-Khénifra,Beni Mellal-Khenifra,MA-05,,,86.2,,,4,Africa/Casablanca,FALSE,1504521395
Ayt Hammou Ou Haqqi,Ayt Hammou Ou Haqqi,Aït Ouahi Ou Akki,32.6413,-5.2569,Morocco,MA,MAR,Drâa-Tafilalet,Draa-Tafilalet,MA-08,,,24.3,,,4,Africa/Casablanca,FALSE,1504884978
Sidi Ben Ali,Sidi Ben Ali,,35.4624,-5.2308,Morocco,MA,MAR,Tanger-Tétouan-Al Hoceïma,Tanger-Tetouan-Al Hoceima,MA-01,,,81.5,,,4,Africa/Casablanca,FALSE,1504796137
Douar Ijetta,Douar Ijetta,,35.1669,-3.7266,Morocco,MA,MAR,Oriental,Oriental,MA-02,,,99.7,,,4,Africa/Casablanca,FALSE,1504987065
Douar Barqa,Douar Barqa,,32.8878,-8.0923,Morocco,MA,MAR,Casablanca-Settat,Casablanca-Settat,MA-06,,,104.4,,,4,Africa/Casablanca,FALSE,1504376814
Igourim,Igourim,,29.9300,-9.3300,Morocco,MA,MAR,Souss-Massa,Souss-Massa,MA-09,,,49.3,,,4,Africa/Casablanca,FALSE,1504515417
Douar Skara,Douar Skara,,34.1747,-5.6411,Morocco,MA,MAR,Rabat-Salé-Kénitra,Rabat-Sale-Kenitra,MA-04,,,55.7,,,4,Africa/Casablanca,FALSE,1504448275
Douar Tikammou,Douar Tikammou,,30.7815,-9.7967,Morocco,MA,MAR,Souss-Massa,Souss-Massa,MA-09,,,79.2,,,4,Africa/Casablanca,FALSE,1504547233
Zebal,Zebal,,34.6443,-3.9356,Morocco,MA,MAR,Fès-Meknès,Fes-Meknes,MA-03,,,25.6,,,4,Africa/Casablanca,FALSE,1504003157
Douar Id Ben Aarhi,Douar Id Ben Aarhi,,29.5078,-9.9286,Morocco,MA,MAR,Guelmim-Oued Noun,Guelmim-Oued Noun,MA-10,,,35.4,,,4,Africa/Casablanca,FALSE,1504587713
Douar Dkakra,Douar Dkakra,,34.5463,-6.4247,Morocco,MA,MAR,Rabat-Salé-Kénitra,Rabat-Sale-Kenitra,MA-04,,,211.8,,,3,Africa/Casablanca,FALSE,1504884809
Douar Dkakra,Douar Dkakra,Dekakra|El Assia Dkakra|Douar el Assia Dkakra,32.2143,-8.4928,Morocco,MA,MAR,Marrakech-Safi,Marrakech-Safi,MA-07,,,992.0,,,3,Africa/Casablanca,FALSE,1504180907
Société de Développement Agricole Douar Charika Sghira,Societe de Developpement Agricole Douar Charika Sghira,,33.7596,-5.5731,Morocco,MA,MAR,Fès-Meknès,Fes-Meknes,MA-03,,,97.5,,,4,Africa/Casablanca,FALSE,1504907458
Talmouwda’at,Talmouwda'at,,31.9932,-6.5366,Morocco,MA,MAR,Béni Mellal-Khénifra,Beni Mellal-Khenifra,MA-05,,,42.7,,,4,Africa/Casablanca,FALSE,1504221838
Khebabza,Khebabza,,34.3660,-4.1028,Morocco,MA,MAR,Fès-Meknès,Fes-Meknes,MA-03,,,49.7,,,4,Africa/Casablanca,FALSE,1504883993
Igmir,Igmir,Igumir,30.2151,-7.9775,Morocco,MA,MAR,Souss-Massa,Souss-Massa,MA-09,,,11.3,,,4,Africa/Casablanca,FALSE,1504462766
Igmir,Igmir,,31.6829,-7.2784,Morocco,MA,MAR,Béni Mellal-Khénifra,Beni Mellal-Khenifra,MA-05,,,129.8,,,4,Africa/Casablanca,FALSE,1504496526
Ait El Haj Ahmed,Ait El Haj Ahmed,,31.5023,-9.5207,Morocco,MA,MAR,Marrakech-Safi,Marrakech-Safi,MA-07,,,59.6,,,4,Africa/Casablanca,FALSE,1504485892
Hafet Laqseb,Hafet Laqseb,,35.4477,-6.0534,Morocco,MA,MAR,Tanger-Tétouan-Al Hoceïma,Tanger-Tetouan-Al Hoceima,MA-01,,,863.7,,,3,Africa/Casablanca,FALSE,1504051914
Douar Ouled Bou Yahia,Douar Ouled Bou Yahia,Ouled Bouyahya|Oulad Bou Yahya,34.4281,-3.7785,Morocco,MA,MAR,Oriental,Oriental,MA-02,,,15.6,,,4,Africa/Casablanca,FALSE,1504411746
Douar Chouikhane,Douar Chouikhane,,35.6263,-5.3834,Morocco,MA,MAR,Tanger-Tétouan-Al Hoceïma,Tanger-Tetouan-Al Hoceima,MA-01,,,133.2,,,4,Africa/Casablanca,FALSE,1504315825
Aoudach n’ Aït Lah,Aoudach n' Ait Lah,,32.1299,-5.3081,Morocco,MA,MAR,Drâa-Tafilalet,Draa-Tafilalet,MA-08,,,18.0,,,4,Africa/Casablanca,FALSE,1504488338
Douar Lemgharba,Douar Lemgharba,,32.1773,-9.2220,Morocco,MA,MAR,Marrakech-Safi,Marrakech-Safi,MA-07,,,81.9,,,4,Africa/Casablanca,FALSE,1504833784
Wawganane,Wawganane,,31.8140,-6.5731,Morocco,MA,MAR,Béni Mellal-Khénifra,Beni Mellal-Khenifra,MA-05,,,44.2,,,4,Africa/Casablanca,FALSE,1504444087
Airioua,Airioua,,34.7240,-3.8040,Morocco,MA,MAR,Fès-Meknès,Fes-Meknes,MA-03,,,13.8,,,4,Africa/Casablanca,FALSE,1504003099
Dar Ennasri Abdellah,Dar Ennasri Abdellah,,33.9602,-4.6317,Morocco,MA,MAR,Fès-Meknès,Fes-Meknes,MA-03,,,57.4,,,4,Africa/Casablanca,FALSE,1504000712
Douar Laghouiba,Douar Laghouiba,,34.1911,-4.3267,Morocco,MA,MAR,Fès-Meknès,Fes-Meknes,MA-03,,,116.4,,,4,Africa/Casablanca,FALSE,1504033285
Douar Laouradgha,Douar Laouradgha,,32.2031,-8.9694,Morocco,MA,MAR,Marrakech-Safi,Marrakech-Safi,MA-07,,,90.6,,,4,Africa/Casablanca,FALSE,1504165005
Aït Mimal,Ait Mimal,,31.2781,-6.6755,Morocco,MA,MAR,Drâa-Tafilalet,Draa-Tafilalet,MA-08,,,16.2,,,4,Africa/Casablanca,FALSE,1504543825
Oulad Megdem,Oulad Megdem,Oulad Mgdem|Oulad el Megddam,30.5916,-6.1631,Morocco,MA,MAR,Drâa-Tafilalet,Draa-Tafilalet,MA-08,,,20.9,,,4,Africa/Casablanca,FALSE,1504946821
Agouni Qurhioul,Agouni Qurhioul,,30.9673,-9.2469,Morocco,MA,MAR,Marrakech-Safi,Marrakech-Safi,MA-07,,,24.5,,,4,Africa/Casablanca,FALSE,1504845375
Hay Bou Hideji,Hay Bou Hideji,,35.0499,-5.2052,Morocco,MA,MAR,Tanger-Tétouan-Al Hoceïma,Tanger-Tetouan-Al Hoceima,MA-01,,,398.3,,,3,Africa/Casablanca,FALSE,1504830785
Dar Hamed Ben Azza,Dar Hamed Ben Azza,,33.6863,-6.5340,Morocco,MA,MAR,Rabat-Salé-Kénitra,Rabat-Sale-Kenitra,MA-04,,,31.5,,,4,Africa/Casablanca,FALSE,1504286926
Douar Laaraoua,Douar Laaraoua,,32.5900,-8.8603,Morocco,MA,MAR,Casablanca-Settat,Casablanca-Settat,MA-06,,,97.4,,,4,Africa/Casablanca,FALSE,1504470330
Dar Ayyadech,Dar Ayyadech,,34.6057,-5.0093,Morocco,MA,MAR,Fès-Meknès,Fes-Meknes,MA-03,,,126.5,,,4,Africa/Casablanca,FALSE,1504076316
Douar Narza,Douar Narza,,34.6595,-5.1799,Morocco,MA,MAR,Fès-Meknès,Fes-Meknes,MA-03,,,201.0,,,3,Africa/Casablanca,FALSE,1504417725
Douar Oulad Ben Hmada,Douar Oulad Ben Hmada,,31.8250,-9.0804,Morocco,MA,MAR,Marrakech-Safi,Marrakech-Safi,MA-07,,,49.1,,,4,Africa/Casablanca,FALSE,1504626439
Douar Bou Aouda,Douar Bou Aouda,,31.6731,-7.8572,Morocco,MA,MAR,Marrakech-Safi,Marrakech-Safi,MA-07,,,308.5,,,3,Africa/Casablanca,FALSE,1504515035
Oulad Messour,Oulad Messour,Douar Oulad Messour|Oulad Mensour,34.7250,-6.2504,Morocco,MA,MAR,Rabat-Salé-Kénitra,Rabat-Sale-Kenitra,MA-04,,,297.7,,,3,Africa/Casablanca,FALSE,1504211845
Oulad Messour,Oulad Messour,,34.6125,-6.4095,Morocco,MA,MAR,Rabat-Salé-Kénitra,Rabat-Sale-Kenitra,MA-04,,,219.7,,,3,Africa/Casablanca,TRUE,1504083707
Inflas,Inflas,Tauinjt|Tanimast,29.2427,-9.9784,Morocco,MA,MAR,Guelmim-Oued Noun,Guelmim-Oued Noun,MA-10,,,20.5,,,4,Africa/Casablanca,FALSE,1504335317
Oulad Messour,Oulad Messour,El Gantra|Oulad Messaoud|Douar Oulad Messour,32.1440,-7.2868,Morocco,MA,MAR,Marrakech-Safi,Marrakech-Safi,MA-07,,,95.0,,,4,Africa/Casablanca,FALSE,1504820931
Douar Dhar Lghoul,Douar Dhar Lghoul,Douar el Rhoul|Douar Dar el Rhoul|Dar er Rhoul,34.3650,-4.3044,Morocco,MA,MAR,Fès-Meknès,Fes-Meknes,MA-03,,,102.2,,,4,Africa/Casablanca,FALSE,1504887807
Coopérative Sidi Moussa,Cooperative Sidi Moussa,,34.5704,-2.0678,Morocco,MA,MAR,Oriental,Oriental,MA-02,,,27.4,,,4,Africa/Casablanca,FALSE,1504804769
Oulad Ben Taleb,Oulad Ben Taleb,,32.5544,-9.1861,Morocco,MA,MAR,Marrakech-Safi,Marrakech-Safi,MA-07,,,118.1,,,4,Africa/Casablanca,FALSE,1504060622
Douar Laazazna,Douar Laazazna,,31.7699,-9.2735,Morocco,MA,MAR,Marrakech-Safi,Marrakech-Safi,MA-07,,,49.1,,,4,Africa/Casablanca,FALSE,1504735610
Douar Syayra Sahel,Douar Syayra Sahel,,32.6387,-8.9788,Morocco,MA,MAR,Casablanca-Settat,Casablanca-Settat,MA-06,,,73.5,,,4,Africa/Casablanca,FALSE,1504758486
Douar El Haj Ali,Douar El Haj Ali,Douar Hajj Ali|Haj Ali,34.2067,-4.4325,Morocco,MA,MAR,Fès-Meknès,Fes-Meknes,MA-03,,,82.8,,,4,Africa/Casablanca,FALSE,1504000767
Douar Lemhamza,Douar Lemhamza,,31.6793,-9.2155,Morocco,MA,MAR,Marrakech-Safi,Marrakech-Safi,MA-07,,,62.1,,,4,Africa/Casablanca,FALSE,1504000449
Douar Ghomra,Douar Ghomra,,33.9393,-6.8602,Morocco,MA,MAR,Rabat-Salé-Kénitra,Rabat-Sale-Kenitra,MA-04,,,2493.5,,,2,Africa/Casablanca,FALSE,1504175938
Douar Ghomra,Douar Ghomra,Rhomra,34.1757,-5.3540,Morocco,MA,MAR,Fès-Meknès,Fes-Meknes,MA-03,,,44.6,,,4,Africa/Casablanca,FALSE,1504519321
Douar Oulad Ezzaouta,Douar Oulad Ezzaouta,,31.5368,-8.9607,Morocco,MA,MAR,Marrakech-Safi,Marrakech-Safi,MA-07,,,35.5,,,4,Africa/Casablanca,FALSE,1504782065
Guendouz,Guendouz,,35.4326,-5.2299,Morocco,MA,MAR,Tanger-Tétouan-Al Hoceïma,Tanger-Tetouan-Al Hoceima,MA-01,,,81.5,,,4,Africa/Casablanca,FALSE,1504916973
Id Awj,Id Awj,,29.2199,-9.7721,Morocco,MA,MAR,Guelmim-Oued Noun,Guelmim-Oued Noun,MA-10,,,9.0,,,5,Africa/Casablanca,FALSE,1504802794
Ait Ouanmaune,Ait Ouanmaune,,30.4644,-9.4706,Morocco,MA,MAR,Souss-Massa,Souss-Massa,MA-09,,,108.1,,,4,Africa/Casablanca,FALSE,1504925493
Oulad Darouich,Oulad Darouich,,34.8291,-2.0451,Morocco,MA,MAR,Oriental,Oriental,MA-02,,,41.3,,,4,Africa/Casablanca,FALSE,1504781911
El Rhelimine,El Rhelimine,,33.0920,-8.5185,Morocco,MA,MAR,Casablanca-Settat,Casablanca-Settat,MA-06,,,212.8,,,3,Africa/Casablanca,FALSE,1504001368
Bou Ou Azar,Bou Ou Azar,,30.9843,-9.2182,Morocco,MA,MAR,Marrakech-Safi,Marrakech-Safi,MA-07,,,24.5,,,4,Africa/Casablanca,FALSE,1504590706
Kohouliya,Kohouliya,,35.0020,-5.9602,Morocco,MA,MAR,Tanger-Tétouan-Al Hoceïma,Tanger-Tetouan-Al Hoceima,MA-01,,,190.4,,,4,Africa/Casablanca,FALSE,1504313772
Majmae Salihine,Majmae Salihine,,34.3534,-6.5565,Morocco,MA,MAR,Rabat-Salé-Kénitra,Rabat-Sale-Kenitra,MA-04,,,187.0,,,4,Africa/Casablanca,FALSE,1504296605
Douar Lhorach,Douar Lhorach,,31.8955,-9.4490,Morocco,MA,MAR,Marrakech-Safi,Marrakech-Safi,MA-07,,,85.9,,,4,Africa/Casablanca,FALSE,1504982524
Id Ou Bellouch,Id Ou Bellouch,Id Harine,29.3027,-9.8804,Morocco,MA,MAR,Guelmim-Oued Noun,Guelmim-Oued Noun,MA-10,,,30.6,,,4,Africa/Casablanca,FALSE,1504940974
Alannfoukt,Alannfoukt,,30.0004,-9.1569,Morocco,MA,MAR,Souss-Massa,Souss-Massa,MA-09,,,40.7,,,4,Africa/Casablanca,FALSE,1504412680
Iliktawane,Iliktawane,,31.9095,-6.7329,Morocco,MA,MAR,Béni Mellal-Khénifra,Beni Mellal-Khenifra,MA-05,,,68.5,,,4,Africa/Casablanca,FALSE,1504015618
Oulad Bourzouq,Oulad Bourzouq,,33.4893,-6.9483,Morocco,MA,MAR,Casablanca-Settat,Casablanca-Settat,MA-06,,,35.2,,,4,Africa/Casablanca,FALSE,1504397793
Mira Ait Meloul,Mira Ait Meloul,,30.3283,-9.4883,Morocco,MA,MAR,Souss-Massa,Souss-Massa,MA-09,,,3082.2,,,2,Africa/Casablanca,FALSE,1504439674
Douar Nzalt Mhamed Ben El Maati,Douar Nzalt Mhamed Ben El Maati,Saïb Maati|Nzala Mohammed Ben Maati,32.1446,-8.2816,Morocco,MA,MAR,Marrakech-Safi,Marrakech-Safi,MA-07,,,47.2,,,4,Africa/Casablanca,FALSE,1504019544
Dar Milouc Lemzaatar,Dar Milouc Lemzaatar,,33.6609,-6.6571,Morocco,MA,MAR,Rabat-Salé-Kénitra,Rabat-Sale-Kenitra,MA-04,,,30.4,,,4,Africa/Casablanca,FALSE,1504487753
Douar Lakhmilat,Douar Lakhmilat,,31.6081,-7.8099,Morocco,MA,MAR,Marrakech-Safi,Marrakech-Safi,MA-07,,,289.2,,,3,Africa/Casablanca,FALSE,1504753502
Douar Omar,Douar Omar,,31.8937,-8.0342,Morocco,MA,MAR,Marrakech-Safi,Marrakech-Safi,MA-07,,,27.7,,,4,Africa/Casablanca,FALSE,1504000040
Talamine,Talamine,,30.5505,-6.8751,Morocco,MA,MAR,Drâa-Tafilalet,Draa-Tafilalet,MA-08,,,6.6,,,5,Africa/Casablanca,FALSE,1504514491
Lamaisra,Lamaisra,Lamâassra|El Maassera|Douar Mahessera,31.5335,-8.6111,Morocco,MA,MAR,Marrakech-Safi,Marrakech-Safi,MA-07,,,29.2,,,4,Africa/Casablanca,FALSE,1504207465
Tagguine,Tagguine,,30.1123,-8.6021,Morocco,MA,MAR,Souss-Massa,Souss-Massa,MA-09,,,15.2,,,4,Africa/Casablanca,FALSE,1504617428
Iggui Imdzar,Iggui Imdzar,,31.0108,-9.6959,Morocco,MA,MAR,Marrakech-Safi,Marrakech-Safi,MA-07,,,150.9,,,4,Africa/Casablanca,FALSE,1504247898
Douar Lounissat,Douar Lounissat,,31.9410,-8.8987,Morocco,MA,MAR,Marrakech-Safi,Marrakech-Safi,MA-07,,,113.3,,,4,Africa/Casablanca,FALSE,1504533831
Douar Oulad Mansour Ait Ben Aissa,Douar Oulad Mansour Ait Ben Aissa,,33.7435,-6.5346,Morocco,MA,MAR,Rabat-Salé-Kénitra,Rabat-Sale-Kenitra,MA-04,,,31.5,,,4,Africa/Casablanca,FALSE,1504167554
Tachrift,Tachrift,Douar Tachrift,33.9823,-3.7455,Morocco,MA,MAR,Oriental,Oriental,MA-02,,,26.1,,,4,Africa/Casablanca,FALSE,1504554245
Oulad Jhaych,Oulad Jhaych,,33.2984,-7.1770,Morocco,MA,MAR,Casablanca-Settat,Casablanca-Settat,MA-06,,,38.0,,,4,Africa/Casablanca,FALSE,1504342498
Dar Bou Glib,Dar Bou Glib,,32.5022,-7.1070,Morocco,MA,MAR,Casablanca-Settat,Casablanca-Settat,MA-06,,,25.8,,,4,Africa/Casablanca,FALSE,1504230259
Fondouk,Fondouk,,32.9006,-6.6855,Morocco,MA,MAR,Béni Mellal-Khénifra,Beni Mellal-Khenifra,MA-05,,,82.2,,,4,Africa/Casablanca,FALSE,1504001635
Moulay Bouazza,Moulay Bouazza,,33.5732,-5.7961,Morocco,MA,MAR,Rabat-Salé-Kénitra,Rabat-Sale-Kenitra,MA-04,,,22.0,,,4,Africa/Casablanca,FALSE,1504423011
Tine Kourri,Tine Kourri,,30.1342,-9.3851,Morocco,MA,MAR,Souss-Massa,Souss-Massa,MA-09,,,227.0,,,3,Africa/Casablanca,FALSE,1504989139
Aït Wikhtr,Ait Wikhtr,Aït Omkhtar|Aït Ouikhter,29.9596,-8.9462,Morocco,MA,MAR,Souss-Massa,Souss-Massa,MA-09,,,11.7,,,4,Africa/Casablanca,FALSE,1504284539
Inane,Inane,,31.3178,-9.1484,Morocco,MA,MAR,Marrakech-Safi,Marrakech-Safi,MA-07,,,40.8,,,4,Africa/Casablanca,FALSE,1504221527
Islil,Islil,,30.0759,-7.4777,Morocco,MA,MAR,Souss-Massa,Souss-Massa,MA-09,,,5.9,,,5,Africa/Casablanca,FALSE,1504930202
Oulad Ouahi,Oulad Ouahi,,32.5704,-7.6853,Morocco,MA,MAR,Casablanca-Settat,Casablanca-Settat,MA-06,,,64.2,,,4,Africa/Casablanca,FALSE,1504550014
Douar Lemzamit,Douar Lemzamit,,34.2737,-5.1200,Morocco,MA,MAR,Fès-Meknès,Fes-Meknes,MA-03,,,113.2,,,4,Africa/Casablanca,FALSE,1504410741
Assamer,Assamer,Assameur,31.6808,-6.8354,Morocco,MA,MAR,Béni Mellal-Khénifra,Beni Mellal-Khenifra,MA-05,,,113.1,,,4,Africa/Casablanca,FALSE,1504892124
Assamer,Assamer,Assammar|Assameur,31.6151,-6.6174,Morocco,MA,MAR,Béni Mellal-Khénifra,Beni Mellal-Khenifra,MA-05,,,29.2,,,4,Africa/Casablanca,TRUE,1504902626
Dar Ben Khsied,Dar Ben Khsied,,34.8200,-1.9600,Morocco,MA,MAR,Oriental,Oriental,MA-02,,,41.3,,,4,Africa/Casablanca,FALSE,1504446083
Assamer,Assamer,Assamar|Assameur,31.2368,-7.1483,Morocco,MA,MAR,Drâa-Tafilalet,Draa-Tafilalet,MA-08,,,20.3,,,4,Africa/Casablanca,FALSE,1504410631
Taloust,Taloust,,29.6126,-8.9155,Morocco,MA,MAR,Souss-Massa,Souss-Massa,MA-09,,,5.5,,,5,Africa/Casablanca,FALSE,1504109103
Taloust,Taloust,Talouste,30.5663,-7.1613,Morocco,MA,MAR,Drâa-Tafilalet,Draa-Tafilalet,MA-08,,,118.3,,,4,Africa/Casablanca,FALSE,1504919838
Taloust,Taloust,Talouste,30.6351,-7.4964,Morocco,MA,MAR,Drâa-Tafilalet,Draa-Tafilalet,MA-08,,,10.5,,,4,Africa/Casablanca,TRUE,1504206877
Douar Ait Arner,Douar Ait Arner,,33.9758,-4.7567,Morocco,MA,MAR,Fès-Meknès,Fes-Meknes,MA-03,,,64.2,,,4,Africa/Casablanca,FALSE,1504249261
Douar Laajjaliya,Douar Laajjaliya,,35.3706,-5.5087,Morocco,MA,MAR,Tanger-Tétouan-Al Hoceïma,Tanger-Tetouan-Al Hoceima,MA-01,,,36.6,,,4,Africa/Casablanca,FALSE,1504035226
Douar Tafsasset,Douar Tafsasset,Tafessasset,32.5889,-5.4899,Morocco,MA,MAR,Béni Mellal-Khénifra,Beni Mellal-Khenifra,MA-05,,,21.1,,,4,Africa/Casablanca,FALSE,1504002354
Douar Id Lmouaddene,Douar Id Lmouaddene,,31.2907,-9.5222,Morocco,MA,MAR,Marrakech-Safi,Marrakech-Safi,MA-07,,,58.9,,,4,Africa/Casablanca,FALSE,1504156047
Douar Ibourhoutene,Douar Ibourhoutene,Ibarhoutene|Ibaghoutene,35.0714,-4.1151,Morocco,MA,MAR,Tanger-Tétouan-Al Hoceïma,Tanger-Tetouan-Al Hoceima,MA-01,,,53.1,,,4,Africa/Casablanca,FALSE,1504793202
Aït Mechkouk,Ait Mechkouk,,31.2084,-8.8528,Morocco,MA,MAR,Marrakech-Safi,Marrakech-Safi,MA-07,,,93.4,,,4,Africa/Casablanca,FALSE,1504022019
Douar Ben Khelfi,Douar Ben Khelfi,Douar Larbi el Krelfi|Douar Larbi el Khelfi|Douar Khelfi Larbi,32.8432,-8.7501,Morocco,MA,MAR,Casablanca-Settat,Casablanca-Settat,MA-06,,,79.0,,,4,Africa/Casablanca,FALSE,1504146360
Lassesla,Lassesla,,31.9682,-8.8363,Morocco,MA,MAR,Marrakech-Safi,Marrakech-Safi,MA-07,,,59.5,,,4,Africa/Casablanca,FALSE,1504988758
Bab al ’Aziyib,Bab al 'Aziyib,,34.9286,-4.9899,Morocco,MA,MAR,Tanger-Tétouan-Al Hoceïma,Tanger-Tetouan-Al Hoceima,MA-01,,,119.8,,,4,Africa/Casablanca,FALSE,1504510072
Aïn Fritissa,Ain Fritissa,Aïne Fritissa|Aïn Fritissa,34.1417,-3.2274,Morocco,MA,MAR,Oriental,Oriental,MA-02,,,32.2,,,4,Africa/Casablanca,FALSE,1504503881
Douar Chmorra,Douar Chmorra,,35.0541,-3.0809,Morocco,MA,MAR,Oriental,Oriental,MA-02,,,48.1,,,4,Africa/Casablanca,FALSE,1504298111
Douar Laararma,Douar Laararma,,32.0417,-9.1100,Morocco,MA,MAR,Marrakech-Safi,Marrakech-Safi,MA-07,,,133.7,,,4,Africa/Casablanca,FALSE,1504543356
Douar Filala,Douar Filala,Filala|Douar Harilli,31.7079,-8.1044,Morocco,MA,MAR,Marrakech-Safi,Marrakech-Safi,MA-07,,,395.6,,,3,Africa/Casablanca,FALSE,1504420277
Douar el Mokhtar,Douar el Mokhtar,El Mokhtar,34.3531,-3.8311,Morocco,MA,MAR,Oriental,Oriental,MA-02,,,17.5,,,4,Africa/Casablanca,FALSE,1504171699
Id Kakas,Id Kakas,,29.4103,-9.9932,Morocco,MA,MAR,Guelmim-Oued Noun,Guelmim-Oued Noun,MA-10,,,35.4,,,4,Africa/Casablanca,FALSE,1504944222
Maadene Lmalha,Maadene Lmalha,,31.5382,-7.6607,Morocco,MA,MAR,Marrakech-Safi,Marrakech-Safi,MA-07,,,267.5,,,3,Africa/Casablanca,FALSE,1504925730
El Ababda,El Ababda,Douar el Ababda,32.6890,-8.7094,Morocco,MA,MAR,Casablanca-Settat,Casablanca-Settat,MA-06,,,112.4,,,4,Africa/Casablanca,FALSE,1504961449
Coopérative Essernara,Cooperative Essernara,,34.7047,-5.5827,Morocco,MA,MAR,Rabat-Salé-Kénitra,Rabat-Sale-Kenitra,MA-04,,,88.0,,,4,Africa/Casablanca,FALSE,1504071348
Qorba,Qorba,,31.3366,-4.3036,Morocco,MA,MAR,Drâa-Tafilalet,Draa-Tafilalet,MA-08,,,342.2,,,3,Africa/Casablanca,FALSE,1504625005
Laqyayra,Laqyayra,,34.5194,-6.3084,Morocco,MA,MAR,Rabat-Salé-Kénitra,Rabat-Sale-Kenitra,MA-04,,,1105.1,,,3,Africa/Casablanca,FALSE,1504907102
Imoukhach,Imoukhach,,31.0414,-9.2637,Morocco,MA,MAR,Marrakech-Safi,Marrakech-Safi,MA-07,,,31.5,,,4,Africa/Casablanca,FALSE,1504003525
Talat-n-Ziki,Talat-n-Ziki,Talat n’Tiziqui|Talat n’Tiki|Talate n’Zeddine|Talat n’Ziki,29.4720,-9.8884,Morocco,MA,MAR,Souss-Massa,Souss-Massa,MA-09,,,46.0,,,4,Africa/Casablanca,FALSE,1504725830
Dar Mohamed Ellatifi,Dar Mohamed Ellatifi,,31.6153,-8.4304,Morocco,MA,MAR,Marrakech-Safi,Marrakech-Safi,MA-07,,,36.4,,,4,Africa/Casablanca,FALSE,1504000690
Dar Sidi Aissa,Dar Sidi Aissa,,31.8207,-8.8854,Morocco,MA,MAR,Marrakech-Safi,Marrakech-Safi,MA-07,,,59.0,,,4,Africa/Casablanca,FALSE,1504921531
Kasba Mokaddem Omar,Kasba Mokaddem Omar,,33.8106,-5.2660,Morocco,MA,MAR,Fès-Meknès,Fes-Meknes,MA-03,,,159.7,,,4,Africa/Casablanca,FALSE,1504195695
Souq Sebt-Talmakant,Souq Sebt-Talmakant,,30.8503,-8.9370,Morocco,MA,MAR,Souss-Massa,Souss-Massa,MA-09,,,21.5,,,4,Africa/Casablanca,FALSE,1504721626
Douar Ettahriyine,Douar Ettahriyine,Douar Taharine|Tahryène,34.3032,-5.3523,Morocco,MA,MAR,Fès-Meknès,Fes-Meknes,MA-03,,,102.9,,,4,Africa/Casablanca,FALSE,1504546786
Douar Erredaoura,Douar Erredaoura,,32.4207,-8.4594,Morocco,MA,MAR,Casablanca-Settat,Casablanca-Settat,MA-06,,,100.2,,,4,Africa/Casablanca,FALSE,1504974070
Douar Ait Lahsen,Douar Ait Lahsen,,33.7367,-4.9143,Morocco,MA,MAR,Fès-Meknès,Fes-Meknes,MA-03,,,55.6,,,4,Africa/Casablanca,FALSE,1504606989
Ait Aziz El Ouha,Ait Aziz El Ouha,,35.0529,-3.9307,Morocco,MA,MAR,Tanger-Tétouan-Al Hoceïma,Tanger-Tetouan-Al Hoceima,MA-01,,,68.9,,,4,Africa/Casablanca,FALSE,1504455346
Yahia ou Idir,Yahia ou Idir,,30.1622,-9.1425,Morocco,MA,MAR,Souss-Massa,Souss-Massa,MA-09,,,26.7,,,4,Africa/Casablanca,FALSE,1504927715
Dar Oaid,Dar Oaid,,30.7281,-8.5512,Morocco,MA,MAR,Souss-Massa,Souss-Massa,MA-09,,,39.3,,,4,Africa/Casablanca,FALSE,1504680916
Douar Oulad Ryahi Kacem Ben Lahsen,Douar Oulad Ryahi Kacem Ben Lahsen,,34.5418,-5.9342,Morocco,MA,MAR,Rabat-Salé-Kénitra,Rabat-Sale-Kenitra,MA-04,,,192.1,,,4,Africa/Casablanca,FALSE,1504713438
Tizi n’Oumachou,Tizi n'Oumachou,,30.6779,-8.4796,Morocco,MA,MAR,Souss-Massa,Souss-Massa,MA-09,,,69.6,,,4,Africa/Casablanca,FALSE,1504105641
Douar Zwawga,Douar Zwawga,,32.8648,-8.6556,Morocco,MA,MAR,Casablanca-Settat,Casablanca-Settat,MA-06,,,117.4,,,4,Africa/Casablanca,FALSE,1504000236
Id Berka,Id Berka,,29.3390,-9.6950,Morocco,MA,MAR,Guelmim-Oued Noun,Guelmim-Oued Noun,MA-10,,,31.1,,,4,Africa/Casablanca,FALSE,1504126474
Lqasmouri,Lqasmouri,,35.6210,-5.7738,Morocco,MA,MAR,Tanger-Tétouan-Al Hoceïma,Tanger-Tetouan-Al Hoceima,MA-01,,,107.8,,,4,Africa/Casablanca,FALSE,1504752242
Iggui Imoulah,Iggui Imoulah,,30.6424,-9.7499,Morocco,MA,MAR,Souss-Massa,Souss-Massa,MA-09,,,61.8,,,4,Africa/Casablanca,FALSE,1504000108
Id Abdellah Ou Ali,Id Abdellah Ou Ali,,29.6125,-9.5419,Morocco,MA,MAR,Souss-Massa,Souss-Massa,MA-09,,,20.9,,,4,Africa/Casablanca,FALSE,1504471319
Douar Bou Riyane,Douar Bou Riyane,,34.6536,-5.1995,Morocco,MA,MAR,Tanger-Tétouan-Al Hoceïma,Tanger-Tetouan-Al Hoceima,MA-01,,,327.7,,,3,Africa/Casablanca,FALSE,1504675031
Ait Amer Ou Ali,Ait Amer Ou Ali,,33.6606,-5.8581,Morocco,MA,MAR,Rabat-Salé-Kénitra,Rabat-Sale-Kenitra,MA-04,,,22.0,,,4,Africa/Casablanca,FALSE,1504446246
Coopérative Talaa Kouinka,Cooperative Talaa Kouinka,,33.6784,-7.2338,Morocco,MA,MAR,Casablanca-Settat,Casablanca-Settat,MA-06,,,52.6,,,4,Africa/Casablanca,FALSE,1504864779
Ighrir-n-Tisant,Ighrir-n-Tisant,,31.6496,-6.6764,Morocco,MA,MAR,Béni Mellal-Khénifra,Beni Mellal-Khenifra,MA-05,,,29.2,,,4,Africa/Casablanca,FALSE,1504945350
Aït ’Ali,Ait 'Ali,Aït Ali,33.0422,-4.7462,Morocco,MA,MAR,Fès-Meknès,Fes-Meknes,MA-03,,,4.9,,,5,Africa/Casablanca,FALSE,1504815233
Aït ’Ali,Ait 'Ali,,32.0619,-6.9076,Morocco,MA,MAR,Béni Mellal-Khénifra,Beni Mellal-Khenifra,MA-05,,,92.8,,,4,Africa/Casablanca,FALSE,1504687785
Aït ’ali,Ait 'ali,,31.8429,-6.9546,Morocco,MA,MAR,Béni Mellal-Khénifra,Beni Mellal-Khenifra,MA-05,,,91.9,,,4,Africa/Casablanca,TRUE,1504364466
Aït ’Ali,Ait 'Ali,Aït Benichou,31.9226,-6.7435,Morocco,MA,MAR,Béni Mellal-Khénifra,Beni Mellal-Khenifra,MA-05,,,68.5,,,4,Africa/Casablanca,TRUE,1504974959
Aït ’Ali,Ait 'Ali,,33.0524,-5.4406,Morocco,MA,MAR,Béni Mellal-Khénifra,Beni Mellal-Khenifra,MA-05,,,26.5,,,4,Africa/Casablanca,TRUE,1504002394
Aït ’Ali,Ait 'Ali,,33.1721,-5.9806,Morocco,MA,MAR,Béni Mellal-Khénifra,Beni Mellal-Khenifra,MA-05,,,21.1,,,4,Africa/Casablanca,TRUE,1504002283
Aït ’Ali,Ait 'Ali,,33.8027,-6.3624,Morocco,MA,MAR,Rabat-Salé-Kénitra,Rabat-Sale-Kenitra,MA-04,,,33.1,,,4,Africa/Casablanca,FALSE,1504808411
Aït ’Ali,Ait 'Ali,,31.4932,-7.4848,Morocco,MA,MAR,Marrakech-Safi,Marrakech-Safi,MA-07,,,109.3,,,4,Africa/Casablanca,FALSE,1504316870
Douar Lemtinner,Douar Lemtinner,Douar Lemtuner|Douar el Mtimra|El Mtimra,34.4856,-4.6296,Morocco,MA,MAR,Fès-Meknès,Fes-Meknes,MA-03,,,628.4,,,3,Africa/Casablanca,FALSE,1504956823
Aït ’Ali,Ait 'Ali,,29.6716,-9.3959,Morocco,MA,MAR,Souss-Massa,Souss-Massa,MA-09,,,64.1,,,4,Africa/Casablanca,FALSE,1504000703
Aït ’Ali,Ait 'Ali,Aït Ali|Ayt Ali|Ichourha|Ichou Lahra,30.7189,-8.3088,Morocco,MA,MAR,Souss-Massa,Souss-Massa,MA-09,,,45.7,,,4,Africa/Casablanca,TRUE,1504661967
Hay Lmatar,Hay Lmatar,,34.0374,-6.7369,Morocco,MA,MAR,Rabat-Salé-Kénitra,Rabat-Sale-Kenitra,MA-04,,,5561.4,,,2,Africa/Casablanca,FALSE,1504268596
Taraqqast,Taraqqast,,32.4630,-5.6110,Morocco,MA,MAR,Béni Mellal-Khénifra,Beni Mellal-Khenifra,MA-05,,,11.9,,,4,Africa/Casablanca,FALSE,1504002206
Douar Ifertane,Douar Ifertane,Afertane|Ifertane,35.3113,-5.3995,Morocco,MA,MAR,Tanger-Tétouan-Al Hoceïma,Tanger-Tetouan-Al Hoceima,MA-01,,,92.4,,,4,Africa/Casablanca,FALSE,1504430271
Aït ’Ali Ou-Mohammed,Ait 'Ali Ou-Mohammed,,33.0571,-5.4605,Morocco,MA,MAR,Béni Mellal-Khénifra,Beni Mellal-Khenifra,MA-05,,,26.5,,,4,Africa/Casablanca,FALSE,1504002382
Ain Tafechna,Ain Tafechna,Aïn Tafechna,34.0716,-3.0436,Morocco,MA,MAR,Oriental,Oriental,MA-02,,,20.5,,,4,Africa/Casablanca,FALSE,1504726804
Dar Bel Koul,Dar Bel Koul,,31.5293,-7.8358,Morocco,MA,MAR,Marrakech-Safi,Marrakech-Safi,MA-07,,,255.6,,,3,Africa/Casablanca,FALSE,1504650531
Souk Khemis Taliouine,Souk Khemis Taliouine,,33.5538,-6.0523,Morocco,MA,MAR,Rabat-Salé-Kénitra,Rabat-Sale-Kenitra,MA-04,,,15.0,,,4,Africa/Casablanca,FALSE,1504064465
Agadir Igourrou,Agadir Igourrou,Agadir,29.2510,-10.1408,Morocco,MA,MAR,Guelmim-Oued Noun,Guelmim-Oued Noun,MA-10,,,17.7,,,4,Africa/Casablanca,FALSE,1504825157
Domaine Lgoayda,Domaine Lgoayda,,33.7761,-5.0270,Morocco,MA,MAR,Fès-Meknès,Fes-Meknes,MA-03,,,69.8,,,4,Africa/Casablanca,FALSE,1504274187
Marsit,Marsit,,33.2931,-7.1619,Morocco,MA,MAR,Casablanca-Settat,Casablanca-Settat,MA-06,,,38.0,,,4,Africa/Casablanca,FALSE,1504260515
Iouardijene Louta,Iouardijene Louta,,35.0939,-3.7938,Morocco,MA,MAR,Oriental,Oriental,MA-02,,,43.0,,,4,Africa/Casablanca,FALSE,1504232962
Ighaln-n-Aït ’Abbas,Ighaln-n-Ait 'Abbas,,29.6058,-9.1377,Morocco,MA,MAR,Souss-Massa,Souss-Massa,MA-09,,,20.8,,,4,Africa/Casablanca,FALSE,1504578687
Azar,Azar,Ksar Azer|Azzar,32.3992,-3.7414,Morocco,MA,MAR,Oriental,Oriental,MA-02,,,2.6,,,5,Africa/Casablanca,FALSE,1504726650
Douar Id Hachtouf,Douar Id Hachtouf,,31.2857,-9.5937,Morocco,MA,MAR,Marrakech-Safi,Marrakech-Safi,MA-07,,,43.9,,,4,Africa/Casablanca,FALSE,1504451842
Isselhiouane,Isselhiouane,,35.1458,-3.2247,Morocco,MA,MAR,Oriental,Oriental,MA-02,,,37.0,,,4,Africa/Casablanca,FALSE,1504351559
Aït-Yahya,Ait-Yahya,,30.6185,-8.3938,Morocco,MA,MAR,Souss-Massa,Souss-Massa,MA-09,,,106.7,,,4,Africa/Casablanca,FALSE,1504084265
Lborj Ou Ouahim,Lborj Ou Ouahim,,30.0336,-9.2580,Morocco,MA,MAR,Souss-Massa,Souss-Massa,MA-09,,,39.6,,,4,Africa/Casablanca,FALSE,1504502171
Biugra,Biugra,,29.3500,-10.1500,Morocco,MA,MAR,Guelmim-Oued Noun,Guelmim-Oued Noun,MA-10,,,16.5,,,4,Africa/Casablanca,FALSE,1504374560
Tafaytour,Tafaytour,,31.1186,-8.9810,Morocco,MA,MAR,Marrakech-Safi,Marrakech-Safi,MA-07,,,55.8,,,4,Africa/Casablanca,FALSE,1504795993
Dar Caïd Sidi Ahmed,Dar Caid Sidi Ahmed,,31.9800,-8.6000,Morocco,MA,MAR,Marrakech-Safi,Marrakech-Safi,MA-07,,,61.0,,,4,Africa/Casablanca,FALSE,1504099287
Assif Lahlou,Assif Lahlou,Assif Lalou,30.9252,-8.6777,Morocco,MA,MAR,Marrakech-Safi,Marrakech-Safi,MA-07,,,42.4,,,4,Africa/Casablanca,FALSE,1504839505
El Kora,El Kora,El Koa|Douar el Kora,34.4038,-4.7123,Morocco,MA,MAR,Fès-Meknès,Fes-Meknes,MA-03,,,118.4,,,4,Africa/Casablanca,FALSE,1504774364
Tiougrar,Tiougrar,,29.9000,-9.5100,Morocco,MA,MAR,Souss-Massa,Souss-Massa,MA-09,,,109.9,,,4,Africa/Casablanca,FALSE,1504146759
Tiougrar,Tiougrar,Liougrar|Tarraïsste|Tarhist,29.9256,-9.3962,Morocco,MA,MAR,Souss-Massa,Souss-Massa,MA-09,,,55.5,,,4,Africa/Casablanca,TRUE,1504453350
Tiougrar,Tiougrar,Tigourar,29.9699,-8.2419,Morocco,MA,MAR,Souss-Massa,Souss-Massa,MA-09,,,9.5,,,5,Africa/Casablanca,TRUE,1504959512
Douar Souaghra,Douar Souaghra,,32.0905,-9.1938,Morocco,MA,MAR,Marrakech-Safi,Marrakech-Safi,MA-07,,,81.9,,,4,Africa/Casablanca,FALSE,1504260906
Tiguemmi n-El Haj Khardid,Tiguemmi n-El Haj Khardid,,31.2245,-9.5549,Morocco,MA,MAR,Marrakech-Safi,Marrakech-Safi,MA-07,,,93.4,,,4,Africa/Casablanca,FALSE,1504680091
Skakia,Skakia,Douar Skakia,34.0132,-3.8018,Morocco,MA,MAR,Oriental,Oriental,MA-02,,,26.1,,,4,Africa/Casablanca,FALSE,1504270699
Zawyat An Naç’riya,Zawyat An Nac'riya,,33.0214,-7.6267,Morocco,MA,MAR,Casablanca-Settat,Casablanca-Settat,MA-06,,,67.8,,,4,Africa/Casablanca,FALSE,1504002102
Anamerane,Anamerane,,30.4962,-9.4995,Morocco,MA,MAR,Souss-Massa,Souss-Massa,MA-09,,,108.1,,,4,Africa/Casablanca,FALSE,1504143607
Oulad Moulay Jilali,Oulad Moulay Jilali,,31.7014,-9.2282,Morocco,MA,MAR,Marrakech-Safi,Marrakech-Safi,MA-07,,,68.9,,,4,Africa/Casablanca,FALSE,1504791765
Douar Lkhandeq,Douar Lkhandeq,Jandak|El Jandak,35.6768,-5.5501,Morocco,MA,MAR,Tanger-Tétouan-Al Hoceïma,Tanger-Tetouan-Al Hoceima,MA-01,,,151.6,,,4,Africa/Casablanca,FALSE,1504464621
Douar Lkhandeq,Douar Lkhandeq,,35.5155,-5.6714,Morocco,MA,MAR,Tanger-Tétouan-Al Hoceïma,Tanger-Tetouan-Al Hoceima,MA-01,,,45.2,,,4,Africa/Casablanca,TRUE,1504885061
Kradid,Kradid,Douar el Keradid,32.9321,-8.0201,Morocco,MA,MAR,Casablanca-Settat,Casablanca-Settat,MA-06,,,47.1,,,4,Africa/Casablanca,FALSE,1504689955
Irhir Obdir,Irhir Obdir,,31.5570,-7.3262,Morocco,MA,MAR,Marrakech-Safi,Marrakech-Safi,MA-07,,,70.9,,,4,Africa/Casablanca,FALSE,1504300038
Dar Arbi Mohamed,Dar Arbi Mohamed,,33.6901,-6.1630,Morocco,MA,MAR,Rabat-Salé-Kénitra,Rabat-Sale-Kenitra,MA-04,,,26.8,,,4,Africa/Casablanca,FALSE,1504653026
Lakhouimat,Lakhouimat,,32.6056,-7.9130,Morocco,MA,MAR,Marrakech-Safi,Marrakech-Safi,MA-07,,,48.4,,,4,Africa/Casablanca,FALSE,1504060228
Aït Mahraz,Ait Mahraz,,31.4855,-9.3149,Morocco,MA,MAR,Marrakech-Safi,Marrakech-Safi,MA-07,,,61.7,,,4,Africa/Casablanca,FALSE,1504448669
Douar Fragua,Douar Fragua,,32.5811,-8.1899,Morocco,MA,MAR,Casablanca-Settat,Casablanca-Settat,MA-06,,,71.9,,,4,Africa/Casablanca,FALSE,1504421018
Adrar Oussoul,Adrar Oussoul,,29.6236,-9.1037,Morocco,MA,MAR,Souss-Massa,Souss-Massa,MA-09,,,12.6,,,4,Africa/Casablanca,FALSE,1504790031
Douar Bahdidech,Douar Bahdidech,,35.5248,-5.6105,Morocco,MA,MAR,Tanger-Tétouan-Al Hoceïma,Tanger-Tetouan-Al Hoceima,MA-01,,,45.2,,,4,Africa/Casablanca,FALSE,1504308746
Adiqqi,Adiqqi,,30.9946,-8.0336,Morocco,MA,MAR,Marrakech-Safi,Marrakech-Safi,MA-07,,,25.5,,,4,Africa/Casablanca,FALSE,1504763365
Usine Nesma,Usine Nesma,Nemsa,35.0854,-6.0812,Morocco,MA,MAR,Tanger-Tétouan-Al Hoceïma,Tanger-Tetouan-Al Hoceima,MA-01,,,145.5,,,4,Africa/Casablanca,FALSE,1504347080
Douar Maticha,Douar Maticha,,33.8351,-5.3021,Morocco,MA,MAR,Fès-Meknès,Fes-Meknes,MA-03,,,158.8,,,4,Africa/Casablanca,FALSE,1504958846
Douar Lekhrab,Douar Lekhrab,Douar Kherba|Douar Kharba,32.2183,-8.5849,Morocco,MA,MAR,Marrakech-Safi,Marrakech-Safi,MA-07,,,56.4,,,4,Africa/Casablanca,FALSE,1504248576
Aït Bahammou,Ait Bahammou,Aït Ba Hammou,30.9411,-8.7181,Morocco,MA,MAR,Marrakech-Safi,Marrakech-Safi,MA-07,,,42.4,,,4,Africa/Casablanca,FALSE,1504231637
Anbed,Anbed,Anebed,29.2887,-10.1371,Morocco,MA,MAR,Guelmim-Oued Noun,Guelmim-Oued Noun,MA-10,,,17.7,,,4,Africa/Casablanca,FALSE,1504750755
Aït M’hand ou Saïd,Ait M'hand ou Said,Aït Mhand Ou Saïd,30.5249,-9.0069,Morocco,MA,MAR,Souss-Massa,Souss-Massa,MA-09,,,57.1,,,4,Africa/Casablanca,FALSE,1504275884
Douar Houd el Khenzir,Douar Houd el Khenzir,,34.1755,-4.9225,Morocco,MA,MAR,Fès-Meknès,Fes-Meknes,MA-03,,,106.5,,,4,Africa/Casablanca,FALSE,1504118708
Zbirat,Zbirat,Zbiratt,30.3419,-9.1456,Morocco,MA,MAR,Souss-Massa,Souss-Massa,MA-09,,,242.3,,,3,Africa/Casablanca,FALSE,1504616806
Oulad Rezzag,Oulad Rezzag,,33.5377,-3.6292,Morocco,MA,MAR,Fès-Meknès,Fes-Meknes,MA-03,,,15.6,,,4,Africa/Casablanca,FALSE,1504054428
Douar Oulad Bou Aqline Ben Kaddour,Douar Oulad Bou Aqline Ben Kaddour,,34.5783,-2.4276,Morocco,MA,MAR,Oriental,Oriental,MA-02,,,18.1,,,4,Africa/Casablanca,FALSE,1504630760
Alatas,Alatas,Alates|Alatas Amadlène,30.9871,-9.1466,Morocco,MA,MAR,Marrakech-Safi,Marrakech-Safi,MA-07,,,29.8,,,4,Africa/Casablanca,FALSE,1504121393
Alatas,Alatas,,31.9593,-6.8838,Morocco,MA,MAR,Béni Mellal-Khénifra,Beni Mellal-Khenifra,MA-05,,,80.8,,,4,Africa/Casablanca,FALSE,1504667701
Douar Oulad Hamd,Douar Oulad Hamd,,34.7816,-5.9064,Morocco,MA,MAR,Rabat-Salé-Kénitra,Rabat-Sale-Kenitra,MA-04,,,92.4,,,4,Africa/Casablanca,FALSE,1504341981
Sidi ’Abd al ’Aziz,Sidi 'Abd al 'Aziz,,32.5174,-7.2211,Morocco,MA,MAR,Casablanca-Settat,Casablanca-Settat,MA-06,,,29.0,,,4,Africa/Casablanca,FALSE,1504529792
Lemaassem,Lemaassem,El Maassem,35.5632,-5.2522,Morocco,MA,MAR,Tanger-Tétouan-Al Hoceïma,Tanger-Tetouan-Al Hoceima,MA-01,,,238.5,,,3,Africa/Casablanca,FALSE,1504659111
Id Mchouz,Id Mchouz,,29.6148,-9.4296,Morocco,MA,MAR,Souss-Massa,Souss-Massa,MA-09,,,36.4,,,4,Africa/Casablanca,FALSE,1504570626
Mzart Moussa,Mzart Moussa,,32.9392,-7.9502,Morocco,MA,MAR,Casablanca-Settat,Casablanca-Settat,MA-06,,,47.1,,,4,Africa/Casablanca,FALSE,1504787075
Douar Touabra,Douar Touabra,,32.3835,-8.1845,Morocco,MA,MAR,Marrakech-Safi,Marrakech-Safi,MA-07,,,36.1,,,4,Africa/Casablanca,FALSE,1504897046
Douar Echeguirine,Douar Echeguirine,,31.5469,-8.7264,Morocco,MA,MAR,Marrakech-Safi,Marrakech-Safi,MA-07,,,36.4,,,4,Africa/Casablanca,FALSE,1504390298
Douar Sfaa,Douar Sfaa,,34.1720,-4.7765,Morocco,MA,MAR,Fès-Meknès,Fes-Meknes,MA-03,,,63.2,,,4,Africa/Casablanca,FALSE,1504582103
El Bouachta,El Bouachta,,33.1518,-8.5623,Morocco,MA,MAR,Casablanca-Settat,Casablanca-Settat,MA-06,,,303.4,,,3,Africa/Casablanca,FALSE,1504001736
Dar Zine Dine Bouazza,Dar Zine Dine Bouazza,,33.6403,-6.4521,Morocco,MA,MAR,Rabat-Salé-Kénitra,Rabat-Sale-Kenitra,MA-04,,,25.3,,,4,Africa/Casablanca,FALSE,1504741116
Douar Laayayda Ait Ali,Douar Laayayda Ait Ali,,33.6860,-6.5951,Morocco,MA,MAR,Rabat-Salé-Kénitra,Rabat-Sale-Kenitra,MA-04,,,30.4,,,4,Africa/Casablanca,FALSE,1504682529
Aït Tanout,Ait Tanout,,29.3907,-9.2402,Morocco,MA,MAR,Guelmim-Oued Noun,Guelmim-Oued Noun,MA-10,,,20.1,,,4,Africa/Casablanca,FALSE,1504907909
Tasottift,Tasottift,,31.3729,-5.5768,Morocco,MA,MAR,Drâa-Tafilalet,Draa-Tafilalet,MA-08,,,21.5,,,4,Africa/Casablanca,FALSE,1504093188
Timdikalt,Timdikalt,Tamaloukt|Tamaloukte,29.7077,-9.2088,Morocco,MA,MAR,Souss-Massa,Souss-Massa,MA-09,,,49.3,,,4,Africa/Casablanca,FALSE,1504444543
Azegar Lalla Aziza,Azegar Lalla Aziza,Azouggar Lalla Aziza|Seddert Lalla Aziza,31.2413,-8.7380,Morocco,MA,MAR,Marrakech-Safi,Marrakech-Safi,MA-07,,,103.2,,,4,Africa/Casablanca,FALSE,1504641773
Douar Bru Mohamed,Douar Bru Mohamed,Beni Mohamed|Beni Mohammed|Douar Beni Mohammed,34.6392,-5.6344,Morocco,MA,MAR,Rabat-Salé-Kénitra,Rabat-Sale-Kenitra,MA-04,,,69.8,,,4,Africa/Casablanca,FALSE,1504000151
Douar Oulad Tayeb,Douar Oulad Tayeb,,35.0602,-2.7948,Morocco,MA,MAR,Oriental,Oriental,MA-02,,,71.0,,,4,Africa/Casablanca,FALSE,1504976313
Douar Driouat,Douar Driouat,,34.0281,-5.3470,Morocco,MA,MAR,Fès-Meknès,Fes-Meknes,MA-03,,,130.7,,,4,Africa/Casablanca,FALSE,1504907076
Tamelikant,Tamelikant,Tamelikannt,32.3742,-4.0829,Morocco,MA,MAR,Drâa-Tafilalet,Draa-Tafilalet,MA-08,,,12.1,,,4,Africa/Casablanca,FALSE,1504539770
Douar Adilat,Douar Adilat,,31.6268,-8.8430,Morocco,MA,MAR,Marrakech-Safi,Marrakech-Safi,MA-07,,,26.4,,,4,Africa/Casablanca,FALSE,1504323401
Aït Çalhine,Ait Calhine,,30.4454,-7.7046,Morocco,MA,MAR,Souss-Massa,Souss-Massa,MA-09,,,25.6,,,4,Africa/Casablanca,FALSE,1504585777
Oulad Chekour,Oulad Chekour,,33.6047,-6.4633,Morocco,MA,MAR,Rabat-Salé-Kénitra,Rabat-Sale-Kenitra,MA-04,,,25.3,,,4,Africa/Casablanca,FALSE,1504417786
Ait Yohya,Ait Yohya,,30.4692,-9.3041,Morocco,MA,MAR,Souss-Massa,Souss-Massa,MA-09,,,56.4,,,4,Africa/Casablanca,FALSE,1504593067
Tiqqiy,Tiqqiy,,30.9592,-7.9357,Morocco,MA,MAR,Souss-Massa,Souss-Massa,MA-09,,,35.3,,,4,Africa/Casablanca,FALSE,1504568320
Douar Erragba,Douar Erragba,,32.7051,-7.4595,Morocco,MA,MAR,Casablanca-Settat,Casablanca-Settat,MA-06,,,105.1,,,4,Africa/Casablanca,FALSE,1504929881
Douar Laqhaoui,Douar Laqhaoui,,33.9312,-6.7930,Morocco,MA,MAR,Rabat-Salé-Kénitra,Rabat-Sale-Kenitra,MA-04,,,409.4,,,3,Africa/Casablanca,FALSE,1504267942
Azekkour,Azekkour,,31.1457,-5.0827,Morocco,MA,MAR,Drâa-Tafilalet,Draa-Tafilalet,MA-08,,,19.0,,,4,Africa/Casablanca,FALSE,1504467103
Qjoujat Ettahtiya,Qjoujat Ettahtiya,,32.5184,-9.2403,Morocco,MA,MAR,Marrakech-Safi,Marrakech-Safi,MA-07,,,118.1,,,4,Africa/Casablanca,FALSE,1504786396
Douar Nouirat Loued,Douar Nouirat Loued,,34.5758,-5.9172,Morocco,MA,MAR,Rabat-Salé-Kénitra,Rabat-Sale-Kenitra,MA-04,,,176.1,,,4,Africa/Casablanca,FALSE,1504814639
El Rhenadra,El Rhenadra,,33.2190,-8.5336,Morocco,MA,MAR,Casablanca-Settat,Casablanca-Settat,MA-06,,,1248.4,,,3,Africa/Casablanca,FALSE,1504001693
Douar Oulad Lghoul,Douar Oulad Lghoul,Douar Oulad Lghboul|Douar Oulad Rherbaoui|Oulad Rherbaoui,34.4846,-4.7082,Morocco,MA,MAR,Fès-Meknès,Fes-Meknes,MA-03,,,87.4,,,4,Africa/Casablanca,FALSE,1504358630
Aïn Tammaria,Ain Tammaria,Douar Aïn Tammaria,34.4409,-4.8249,Morocco,MA,MAR,Fès-Meknès,Fes-Meknes,MA-03,,,125.8,,,4,Africa/Casablanca,FALSE,1504330010
Douar Oulad Jelloul,Douar Oulad Jelloul,,34.3869,-5.7274,Morocco,MA,MAR,Rabat-Salé-Kénitra,Rabat-Sale-Kenitra,MA-04,,,141.7,,,4,Africa/Casablanca,FALSE,1504003243
Zlaoula,Zlaoula,,35.0234,-6.1779,Morocco,MA,MAR,Tanger-Tétouan-Al Hoceïma,Tanger-Tetouan-Al Hoceima,MA-01,,,145.5,,,4,Africa/Casablanca,FALSE,1504413812
Asa’rit,Asa'rit,Aït Ouzarif,29.8972,-9.4822,Morocco,MA,MAR,Souss-Massa,Souss-Massa,MA-09,,,81.3,,,4,Africa/Casablanca,FALSE,1504068375
Taïma,Taima,Tahlma,34.7100,-4.2100,Morocco,MA,MAR,Fès-Meknès,Fes-Meknes,MA-03,,,50.2,,,4,Africa/Casablanca,FALSE,1504594736
Izarradene,Izarradene,,35.4604,-5.1290,Morocco,MA,MAR,Tanger-Tétouan-Al Hoceïma,Tanger-Tetouan-Al Hoceima,MA-01,,,323.1,,,3,Africa/Casablanca,FALSE,1504117202