city,city_ascii,city_alt,lat,lng,country,iso2,iso3,admin_name,admin_name_ascii,admin_code,admin_type,capital,density,population,population_proper,ranking,timezone,same_name,id
Mar’ino,Mar'ino,Mar’ino-Znamenskoye,55.8650,37.3101,Russia,RU,RUS,Moskovskaya Oblast’,Moskovskaya Oblast',RU-MOS,province,,856.6,,,3,Europe/Moscow,FALSE,1643861820
Mar’ino,Mar'ino,,55.7069,36.8972,Russia,RU,RUS,Moskovskaya Oblast’,Moskovskaya Oblast',RU-MOS,province,,283.2,,,3,Europe/Moscow,TRUE,1643019666
Mar’ino,Mar'ino,,55.5479,37.3297,Russia,RU,RUS,Moskovskaya Oblast’,Moskovskaya Oblast',RU-MOS,province,,163.5,,,4,Europe/Moscow,TRUE,1643891053
Mar’ino,Mar'ino,,56.0167,37.0167,Russia,RU,RUS,Moskovskaya Oblast’,Moskovskaya Oblast',RU-MOS,province,,132.0,,,4,Europe/Moscow,TRUE,1643002339
Mar’ino,Mar'ino,,56.5000,37.8500,Russia,RU,RUS,Moskovskaya Oblast’,Moskovskaya Oblast',RU-MOS,province,,115.5,,,4,Europe/Moscow,TRUE,1643015248
Mar’ino,Mar'ino,,55.1000,38.2000,Russia,RU,RUS,Moskovskaya Oblast’,Moskovskaya Oblast',RU-MOS,province,,76.8,,,4,Europe/Moscow,TRUE,1643883293
Mar’ino,Mar'ino,,56.1000,36.3667,Russia,RU,RUS,Moskovskaya Oblast’,Moskovskaya Oblast',RU-MOS,province,,69.8,,,4,Europe/Moscow,TRUE,1643022591
Mar’ino,Mar'ino,,55.5972,36.3028,Russia,RU,RUS,Moskovskaya Oblast’,Moskovskaya Oblast',RU-MOS,province,,44.4,,,4,Europe/Moscow,TRUE,1643174948
Kirpichnyy Zavod Nomer Dva,Kirpichnyy Zavod Nomer Dva,,59.2300,39.7569,Russia,RU,RUS,Vologodskaya Oblast’,Vologodskaya Oblast',RU-VLG,province,,2331.1,,,2,Europe/Moscow,FALSE,1643822971
Nizhneye Kos’movo,Nizhneye Kos'movo,,54.4175,36.4686,Russia,RU,RUS,Kaluzhskaya Oblast’,Kaluzhskaya Oblast',RU-KLU,province,,11.9,,,4,Europe/Moscow,FALSE,1643823072
Vershina Amedichi,Vershina Amedichi,Zimov’ye Vershina Amedichi,56.8000,122.3000,Russia,RU,RUS,Sakha (Yakutiya),Sakha (Yakutiya),RU-SA,republic,,0.9,,,5,Asia/Yakutsk,FALSE,1643414661
Kuntari,Kuntari,,59.1347,48.0383,Russia,RU,RUS,Kirovskaya Oblast’,Kirovskaya Oblast',RU-KIR,province,,2.7,,,5,Europe/Kirov,FALSE,1643752244
Palki,Palki,,56.2180,30.2410,Russia,RU,RUS,Pskovskaya Oblast’,Pskovskaya Oblast',RU-PSK,province,,8.0,,,5,Europe/Moscow,FALSE,1643964108
Butyrka,Butyrka,Butyrki,51.0500,44.4833,Russia,RU,RUS,Volgogradskaya Oblast’,Volgogradskaya Oblast',RU-VGG,province,,14.1,,,3,Europe/Volgograd,FALSE,1643132676
Bezmenshur,Bezmenshur,Bezmenzhur,56.4603,51.2819,Russia,RU,RUS,Udmurtiya,Udmurtiya,RU-UD,republic,,8.6,,,5,Europe/Samara,FALSE,1643869909
Gridyakino,Gridyakino,,55.5261,32.1164,Russia,RU,RUS,Smolenskaya Oblast’,Smolenskaya Oblast',RU-SMO,province,,5.9,,,5,Europe/Moscow,FALSE,1643478521
Malyye Bulatovtsy,Malyye Bulatovtsy,,57.5667,51.6167,Russia,RU,RUS,Kirovskaya Oblast’,Kirovskaya Oblast',RU-KIR,province,,3.8,,,5,Europe/Kirov,FALSE,1643308130
Bulatov,Bulatov,,51.4833,45.0500,Russia,RU,RUS,Saratovskaya Oblast’,Saratovskaya Oblast',RU-SAR,province,,8.0,,,5,Europe/Saratov,FALSE,1643611526
Vikulovka,Vikulovka,,55.8970,70.4110,Russia,RU,RUS,Tyumenskaya Oblast’,Tyumenskaya Oblast',RU-TYU,province,,3.3,,,5,Asia/Yekaterinburg,FALSE,1643795383
Staroye Mikhaylovskoye,Staroye Mikhaylovskoye,,56.9654,53.2675,Russia,RU,RUS,Udmurtiya,Udmurtiya,RU-UD,republic,,29.3,,,4,Europe/Samara,FALSE,1643683640
Salkany,Salkany,,63.3667,118.7167,Russia,RU,RUS,Sakha (Yakutiya),Sakha (Yakutiya),RU-SA,republic,,0.5,,,3,Asia/Yakutsk,FALSE,1643360076
Visi-Yoki,Visi-Yoki,,60.5500,30.6167,Russia,RU,RUS,Leningradskaya Oblast’,Leningradskaya Oblast',RU-LEN,province,,18.0,,,4,Europe/Moscow,FALSE,1643984308
Tyrnavolok,Tyrnavolok,,62.0753,38.1356,Russia,RU,RUS,Arkhangel’skaya Oblast’,Arkhangel'skaya Oblast',RU-ARK,province,,1.7,,,5,Europe/Moscow,FALSE,1643643400
Ras’ya,Ras'ya,,61.9936,51.2929,Russia,RU,RUS,Komi,Komi,RU-KO,republic,,0.9,,,5,Europe/Moscow,FALSE,1643451978
Orlovskaya,Orlovskaya,Orlovskaya Povarnya|Povarnya Orlovka,64.1500,169.3333,Russia,RU,RUS,Chukotskiy Avtonomnyy Okrug,Chukotskiy Avtonomnyy Okrug,RU-CHU,autonomous region,,0.0,,,5,Asia/Anadyr,FALSE,1643365572
Khabarovka,Khabarovka,,53.1774,36.8063,Russia,RU,RUS,Orlovskaya Oblast’,Orlovskaya Oblast',RU-ORL,province,,10.2,,,4,Europe/Moscow,FALSE,1643013515
Golovskiy,Golovskiy,,48.5542,42.9703,Russia,RU,RUS,Volgogradskaya Oblast’,Volgogradskaya Oblast',RU-VGG,province,,11.4,,,4,Europe/Volgograd,FALSE,1643078050
Golovskiy,Golovskiy,,50.5688,41.9910,Russia,RU,RUS,Volgogradskaya Oblast’,Volgogradskaya Oblast',RU-VGG,province,,8.0,,,5,Europe/Volgograd,TRUE,1643140513
Golovskiy,Golovskiy,,49.9239,42.5805,Russia,RU,RUS,Volgogradskaya Oblast’,Volgogradskaya Oblast',RU-VGG,province,,7.0,,,5,Europe/Volgograd,TRUE,1643446977
Golovskiy,Golovskiy,Khutor Galovskoy,49.7500,42.1667,Russia,RU,RUS,Volgogradskaya Oblast’,Volgogradskaya Oblast',RU-VGG,province,,7.0,,,5,Europe/Volgograd,TRUE,1643065346
Golovskiy,Golovskiy,,49.7833,43.1333,Russia,RU,RUS,Volgogradskaya Oblast’,Volgogradskaya Oblast',RU-VGG,province,,5.7,,,5,Europe/Volgograd,TRUE,1643924095
Golovskiy,Golovskiy,,49.3060,42.7140,Russia,RU,RUS,Volgogradskaya Oblast’,Volgogradskaya Oblast',RU-VGG,province,,4.8,,,5,Europe/Volgograd,TRUE,1643328992
Vysochek,Vysochek,,58.0333,30.4667,Russia,RU,RUS,Novgorodskaya Oblast’,Novgorodskaya Oblast',RU-NGR,province,,10.5,,,4,Europe/Moscow,FALSE,1643586152
Vysochek,Vysochek,,57.9527,32.2082,Russia,RU,RUS,Novgorodskaya Oblast’,Novgorodskaya Oblast',RU-NGR,province,,3.7,,,5,Europe/Moscow,TRUE,1643773136
Dubachino,Dubachino,,54.7494,37.6325,Russia,RU,RUS,Moskovskaya Oblast’,Moskovskaya Oblast',RU-MOS,province,,37.6,,,4,Europe/Moscow,FALSE,1643517572
Priluz’ye,Priluz'ye,,59.9958,49.0679,Russia,RU,RUS,Komi,Komi,RU-KO,republic,,1.3,,,5,Europe/Moscow,FALSE,1643753855
Kytky-Yelga,Kytky-Yelga,Kytny-Yelga,56.2905,56.1628,Russia,RU,RUS,Bashkortostan,Bashkortostan,RU-BA,republic,,18.1,,,4,Asia/Yekaterinburg,FALSE,1643153316
Chebach’ye,Chebach'ye,Chebachiy,53.7380,78.1987,Russia,RU,RUS,Novosibirskaya Oblast’,Novosibirskaya Oblast',RU-NVS,province,,11.2,,,4,Asia/Novosibirsk,FALSE,1643500694
Plosskoye,Plosskoye,,54.5860,43.1844,Russia,RU,RUS,Mordoviya,Mordoviya,RU-MO,republic,,8.5,,,5,Europe/Moscow,FALSE,1643663650
Ozerki,Ozerki,Ozerskaya|Ozerskiy,58.2446,52.2034,Russia,RU,RUS,Udmurtiya,Udmurtiya,RU-UD,republic,,9.6,,,5,Europe/Samara,FALSE,1643352572
Zaklika,Zaklika,Pogost Zaklyuka,56.7000,30.2000,Russia,RU,RUS,Pskovskaya Oblast’,Pskovskaya Oblast',RU-PSK,province,,3.7,,,5,Europe/Moscow,FALSE,1643380059
Novley,Novley,Nevley,53.9260,44.5475,Russia,RU,RUS,Mordoviya,Mordoviya,RU-MO,republic,,13.6,,,4,Europe/Moscow,FALSE,1643010456
Novichi,Novichi,,55.3331,34.9497,Russia,RU,RUS,Smolenskaya Oblast’,Smolenskaya Oblast',RU-SMO,province,,16.1,,,4,Europe/Moscow,FALSE,1643181194
Pudrino,Pudrino,,59.7339,34.8242,Russia,RU,RUS,Leningradskaya Oblast’,Leningradskaya Oblast',RU-LEN,province,,7.8,,,5,Europe/Moscow,FALSE,1643667804
Tutkhaltuy,Tutkhaltuy,Tutkhaltui,50.4607,114.1677,Russia,RU,RUS,Zabaykal’skiy Kray,Zabaykal'skiy Kray,RU-ZAB,district,,2.0,,,5,Asia/Chita,FALSE,1643634955
Lyubimovka,Lyubimovka,Lyubinovka|Ljubimowka|Ljubimovka,52.1599,52.3750,Russia,RU,RUS,Orenburgskaya Oblast’,Orenburgskaya Oblast',RU-ORE,province,,9.8,,,4,Asia/Yekaterinburg,FALSE,1643652343
Lyubimovka,Lyubimovka,,52.1500,53.8000,Russia,RU,RUS,Orenburgskaya Oblast’,Orenburgskaya Oblast',RU-ORE,province,,7.3,,,5,Asia/Yekaterinburg,TRUE,1643015507
Lazarevo,Lazarevo,Lazarevka,56.8248,50.2001,Russia,RU,RUS,Kirovskaya Oblast’,Kirovskaya Oblast',RU-KIR,province,,7.9,,,4,Europe/Kirov,FALSE,1643116700
Nikol’skiy,Nikol'skiy,Nikol’sk,55.6764,48.8543,Russia,RU,RUS,Tatarstan,Tatarstan,RU-TA,republic,,13.9,,,4,Europe/Moscow,FALSE,1643012672
Krasnogor’ye,Krasnogor'ye,,53.8317,35.0628,Russia,RU,RUS,Kaluzhskaya Oblast’,Kaluzhskaya Oblast',RU-KLU,province,,12.6,,,4,Europe/Moscow,FALSE,1643757406
Krasnogor’ye,Krasnogor'ye,,53.6621,35.5761,Russia,RU,RUS,Kaluzhskaya Oblast’,Kaluzhskaya Oblast',RU-KLU,province,,4.8,,,5,Europe/Moscow,TRUE,1643884143
V’yanki,V'yanki,,48.6511,40.7458,Russia,RU,RUS,Rostovskaya Oblast’,Rostovskaya Oblast',RU-ROS,province,,10.4,,,4,Europe/Moscow,FALSE,1643637542
Maykovo,Maykovo,Maykova,57.6500,83.6333,Russia,RU,RUS,Tomskaya Oblast’,Tomskaya Oblast',RU-TOM,province,,2.2,,,5,Asia/Tomsk,FALSE,1643148923
Maykovo,Maykovo,,59.3333,80.0833,Russia,RU,RUS,Tomskaya Oblast’,Tomskaya Oblast',RU-TOM,province,,0.3,,,5,Asia/Tomsk,TRUE,1643467817
Ungurkuy,Ungurkuy,Urgunkuy,50.3051,107.1543,Russia,RU,RUS,Buryatiya,Buryatiya,RU-BU,republic,,3.5,,,5,Asia/Irkutsk,FALSE,1643008575
Kurskoye,Kurskoye,,57.7118,34.1647,Russia,RU,RUS,Tverskaya Oblast’,Tverskaya Oblast',RU-TVE,province,,7.1,,,5,Europe/Moscow,FALSE,1643503059
Piskoma,Piskoma,,56.9741,43.9315,Russia,RU,RUS,Nizhegorodskaya Oblast’,Nizhegorodskaya Oblast',RU-NIZ,province,,7.9,,,5,Europe/Moscow,FALSE,1643543258
Berendyukha,Berendyukha,,59.2331,38.2699,Russia,RU,RUS,Vologodskaya Oblast’,Vologodskaya Oblast',RU-VLG,province,,12.9,,,4,Europe/Moscow,FALSE,1643715316
Pestunovka,Pestunovka,,56.8820,33.8218,Russia,RU,RUS,Tverskaya Oblast’,Tverskaya Oblast',RU-TVE,province,,3.7,,,5,Europe/Moscow,FALSE,1643583325
Kosino,Kosino,,59.9900,38.1639,Russia,RU,RUS,Vologodskaya Oblast’,Vologodskaya Oblast',RU-VLG,province,,2.9,,,5,Europe/Moscow,FALSE,1643007676
Kosino,Kosino,,60.5333,37.7000,Russia,RU,RUS,Vologodskaya Oblast’,Vologodskaya Oblast',RU-VLG,province,,2.6,,,5,Europe/Moscow,TRUE,1643357766
Kosino,Kosino,,59.5043,35.7135,Russia,RU,RUS,Vologodskaya Oblast’,Vologodskaya Oblast',RU-VLG,province,,2.2,,,5,Europe/Moscow,TRUE,1643128605
Khayta,Khayta,Khaita,52.8130,103.1983,Russia,RU,RUS,Irkutskaya Oblast’,Irkutskaya Oblast',RU-IRK,province,,7.5,,,5,Asia/Irkutsk,FALSE,1643018725
Kolyady,Kolyady,,45.8500,39.4667,Russia,RU,RUS,Krasnodarskiy Kray,Krasnodarskiy Kray,RU-KDA,district,,31.6,,,4,Europe/Moscow,FALSE,1643996616
Zhdanovtsy,Zhdanovtsy,,58.4403,50.9292,Russia,RU,RUS,Kirovskaya Oblast’,Kirovskaya Oblast',RU-KIR,province,,7.5,,,5,Europe/Kirov,FALSE,1643700642
Selengur,Selengur,,56.0833,48.9833,Russia,RU,RUS,Tatarstan,Tatarstan,RU-TA,republic,,27.5,,,4,Europe/Moscow,FALSE,1643785261
Dolgiy,Dolgiy,,45.6933,37.9194,Russia,RU,RUS,Krasnodarskiy Kray,Krasnodarskiy Kray,RU-KDA,district,,39.4,,,4,Europe/Moscow,FALSE,1643012340
Bungur,Bungur,Bungurskaya,53.7499,87.0396,Russia,RU,RUS,Kemerovskaya Oblast’,Kemerovskaya Oblast',RU-KEM,province,,1338.3,,,3,Asia/Novokuznetsk,FALSE,1643156783
Maak,Maak,,67.6000,116.2500,Russia,RU,RUS,Sakha (Yakutiya),Sakha (Yakutiya),RU-SA,republic,,0.0,,,5,Asia/Yakutsk,FALSE,1643776696
Rechnoy,Rechnoy,Kresty,50.3500,44.1167,Russia,RU,RUS,Volgogradskaya Oblast’,Volgogradskaya Oblast',RU-VGG,province,,5.5,,,5,Europe/Volgograd,FALSE,1643051592
Rechnoy,Rechnoy,,50.2177,43.8330,Russia,RU,RUS,Volgogradskaya Oblast’,Volgogradskaya Oblast',RU-VGG,province,,5.5,,,5,Europe/Volgograd,TRUE,1643845116
Plodosovkhoz,Plodosovkhoz,,53.0941,49.3701,Russia,RU,RUS,Samarskaya Oblast’,Samarskaya Oblast',RU-SAM,province,,22.5,,,4,Europe/Samara,FALSE,1643693998
Plodosovkhoz,Plodosovkhoz,Plodopitomnik,52.5032,49.4635,Russia,RU,RUS,Samarskaya Oblast’,Samarskaya Oblast',RU-SAM,province,,9.1,,,5,Europe/Samara,TRUE,1643166049
Liseyevka,Liseyevka,,54.0842,33.6056,Russia,RU,RUS,Kaluzhskaya Oblast’,Kaluzhskaya Oblast',RU-KLU,province,,6.1,,,5,Europe/Moscow,FALSE,1643071406
Kolokolovskaya,Kolokolovskaya,,61.5341,41.5307,Russia,RU,RUS,Arkhangel’skaya Oblast’,Arkhangel'skaya Oblast',RU-ARK,province,,4.9,,,5,Europe/Moscow,FALSE,1643001323
Mudrovo,Mudrovo,Mudrova,57.0960,35.5754,Russia,RU,RUS,Tverskaya Oblast’,Tverskaya Oblast',RU-TVE,province,,14.5,,,4,Europe/Moscow,FALSE,1643517519
Lenina,Lenina,,53.5709,37.0576,Russia,RU,RUS,Tul’skaya Oblast’,Tul'skaya Oblast',RU-TUL,province,,11.6,,,4,Europe/Moscow,FALSE,1643351073
Otsikh,Otsikh,,42.2330,45.8756,Russia,RU,RUS,Dagestan,Dagestan,RU-DA,republic,,16.9,,,4,Europe/Moscow,FALSE,1643079060
Aksënkovo,Aksenkovo,,58.6017,42.2780,Russia,RU,RUS,Kostromskaya Oblast’,Kostromskaya Oblast',RU-KOS,province,,2.8,,,5,Europe/Moscow,FALSE,1643802142
Razbegayevo,Razbegayevo,Razbegay,59.7891,29.9326,Russia,RU,RUS,Leningradskaya Oblast’,Leningradskaya Oblast',RU-LEN,province,,38.2,,,4,Europe/Moscow,FALSE,1643945801
Lashino,Lashino,,59.2593,32.6857,Russia,RU,RUS,Leningradskaya Oblast’,Leningradskaya Oblast',RU-LEN,province,,22.0,,,4,Europe/Moscow,FALSE,1643562336
Zolotovo,Zolotovo,,56.4333,43.9772,Russia,RU,RUS,Nizhegorodskaya Oblast’,Nizhegorodskaya Oblast',RU-NIZ,province,,31.9,,,4,Europe/Moscow,FALSE,1643218510
Luzhi,Luzhi,,55.6167,34.0000,Russia,RU,RUS,Smolenskaya Oblast’,Smolenskaya Oblast',RU-SMO,province,,5.1,,,5,Europe/Moscow,FALSE,1643419468
Blagoveshchenka,Blagoveshchenka,,55.4424,95.8060,Russia,RU,RUS,Krasnoyarskiy Kray,Krasnoyarskiy Kray,RU-KYA,district,,1.4,,,5,Asia/Krasnoyarsk,FALSE,1643929113
Shaganino,Shaganino,,55.4306,37.3707,Russia,RU,RUS,Moskovskaya Oblast’,Moskovskaya Oblast',RU-MOS,province,,169.0,,,4,Europe/Moscow,FALSE,1643395686
Vital’yevskiy,Vital'yevskiy,,55.2000,83.6833,Russia,RU,RUS,Novosibirskaya Oblast’,Novosibirskaya Oblast',RU-NVS,province,,15.3,,,4,Asia/Novosibirsk,FALSE,1643640337
Ten’kov,Ten'kov,,51.0500,37.2833,Russia,RU,RUS,Belgorodskaya Oblast’,Belgorodskaya Oblast',RU-BEL,province,,82.0,,,4,Europe/Moscow,FALSE,1643278852
Stoginskoye,Stoginskoye,,57.2356,40.0520,Russia,RU,RUS,Yaroslavskaya Oblast’,Yaroslavskaya Oblast',RU-YAR,province,,21.7,,,4,Europe/Moscow,FALSE,1643559451
Vakhnevo,Vakhnevo,,57.3944,42.5253,Russia,RU,RUS,Ivanovskaya Oblast’,Ivanovskaya Oblast',RU-IVA,province,,13.7,,,4,Europe/Moscow,FALSE,1643826941
Shud’ya,Shud'ya,Shudzya,56.7859,53.0708,Russia,RU,RUS,Udmurtiya,Udmurtiya,RU-UD,republic,,614.5,,,3,Europe/Samara,FALSE,1643701948
Vyazovka,Vyazovka,,52.5167,44.4667,Russia,RU,RUS,Penzenskaya Oblast’,Penzenskaya Oblast',RU-PNZ,province,,29.6,,,4,Europe/Moscow,FALSE,1643783320
Vyazovka,Vyazovka,Durasovka,53.2609,44.6530,Russia,RU,RUS,Penzenskaya Oblast’,Penzenskaya Oblast',RU-PNZ,province,,17.5,,,4,Europe/Moscow,TRUE,1643690415
Vyazovka,Vyazovka,,53.1653,43.3782,Russia,RU,RUS,Penzenskaya Oblast’,Penzenskaya Oblast',RU-PNZ,province,,12.9,,,4,Europe/Moscow,TRUE,1643773691
Vyazovka,Vyazovka,,53.3747,45.9928,Russia,RU,RUS,Penzenskaya Oblast’,Penzenskaya Oblast',RU-PNZ,province,,10.4,,,4,Europe/Moscow,TRUE,1643808130
Martynovka,Martynovka,,60.0167,31.0500,Russia,RU,RUS,Leningradskaya Oblast’,Leningradskaya Oblast',RU-LEN,province,,236.3,,,3,Europe/Moscow,FALSE,1643081888
Matseyevka,Matseyevka,Matsiyevka,43.2667,46.9667,Russia,RU,RUS,Dagestan,Dagestan,RU-DA,republic,,140.3,,,3,Europe/Moscow,FALSE,1643017898
Romanovskiy Klyuch,Romanovskiy Klyuch,,43.5590,133.3603,Russia,RU,RUS,Primorskiy Kray,Primorskiy Kray,RU-PRI,district,,6.8,,,5,Asia/Vladivostok,FALSE,1643280439
Novokumskiy,Novokumskiy,,44.7983,44.6989,Russia,RU,RUS,Stavropol’skiy Kray,Stavropol'skiy Kray,RU-STA,district,,9.1,,,5,Europe/Moscow,FALSE,1643832603
Andronova,Andronova,Androkovskoye|Andronovskoye,57.7319,64.2810,Russia,RU,RUS,Sverdlovskaya Oblast’,Sverdlovskaya Oblast',RU-SVE,province,,5.4,,,5,Asia/Yekaterinburg,FALSE,1643563131
Gremyachka,Gremyachka,,54.8350,34.4998,Russia,RU,RUS,Smolenskaya Oblast’,Smolenskaya Oblast',RU-SMO,province,,2.9,,,5,Europe/Moscow,FALSE,1643441007
Belyatino,Belyatino,,57.9384,39.4860,Russia,RU,RUS,Yaroslavskaya Oblast’,Yaroslavskaya Oblast',RU-YAR,province,,36.4,,,4,Europe/Moscow,FALSE,1643715774
Pokanayevka,Pokanayevka,,56.5161,97.6610,Russia,RU,RUS,Krasnoyarskiy Kray,Krasnoyarskiy Kray,RU-KYA,district,,5.1,,,5,Asia/Krasnoyarsk,FALSE,1643043725
Pozharskoye,Pozharskoye,,59.0352,49.1553,Russia,RU,RUS,Kirovskaya Oblast’,Kirovskaya Oblast',RU-KIR,province,,5.8,,,5,Europe/Kirov,FALSE,1643979572
Sredniye Mandrogi,Sredniye Mandrogi,Mandrogi,60.8777,33.7865,Russia,RU,RUS,Leningradskaya Oblast’,Leningradskaya Oblast',RU-LEN,province,,6.0,,,5,Europe/Moscow,FALSE,1643807576
Povarovo,Povarovo,,56.5649,39.1613,Russia,RU,RUS,Vladimirskaya Oblast’,Vladimirskaya Oblast',RU-VLA,province,,39.2,,,4,Europe/Moscow,FALSE,1643513601
Kur’yador,Kur'yador,,61.7269,54.9052,Russia,RU,RUS,Komi,Komi,RU-KO,republic,,0.9,,,5,Europe/Moscow,FALSE,1643046296
Novokokhanovskoye,Novokokhanovskoye,Novokokhanovskiy,43.8500,46.6333,Russia,RU,RUS,Dagestan,Dagestan,RU-DA,republic,,25.4,,,3,Europe/Moscow,FALSE,1643814458
Karpovo,Karpovo,,56.2408,32.9533,Russia,RU,RUS,Tverskaya Oblast’,Tverskaya Oblast',RU-TVE,province,,10.6,,,4,Europe/Moscow,FALSE,1643189256
Karpovo,Karpovo,,57.6355,37.0687,Russia,RU,RUS,Tverskaya Oblast’,Tverskaya Oblast',RU-TVE,province,,10.2,,,4,Europe/Moscow,TRUE,1643776161
Karpovo,Karpovo,,57.3925,32.9978,Russia,RU,RUS,Tverskaya Oblast’,Tverskaya Oblast',RU-TVE,province,,7.7,,,5,Europe/Moscow,TRUE,1643119298
Karpovo,Karpovo,,56.4575,32.2156,Russia,RU,RUS,Tverskaya Oblast’,Tverskaya Oblast',RU-TVE,province,,4.2,,,5,Europe/Moscow,TRUE,1643341976
Karpovo,Karpovo,,56.8500,32.1167,Russia,RU,RUS,Tverskaya Oblast’,Tverskaya Oblast',RU-TVE,province,,4.1,,,5,Europe/Moscow,TRUE,1643554004
Karpovo,Karpovo,,56.2393,33.8446,Russia,RU,RUS,Tverskaya Oblast’,Tverskaya Oblast',RU-TVE,province,,4.1,,,5,Europe/Moscow,TRUE,1643004874
Karpovo,Karpovo,,58.4121,36.2584,Russia,RU,RUS,Tverskaya Oblast’,Tverskaya Oblast',RU-TVE,province,,3.8,,,5,Europe/Moscow,TRUE,1643928674
Karpovo,Karpovo,,56.7426,33.9392,Russia,RU,RUS,Tverskaya Oblast’,Tverskaya Oblast',RU-TVE,province,,3.7,,,5,Europe/Moscow,TRUE,1643941927
Trubino,Trubino,,57.0197,35.6262,Russia,RU,RUS,Tverskaya Oblast’,Tverskaya Oblast',RU-TVE,province,,11.0,,,4,Europe/Moscow,FALSE,1643280252
Trubino,Trubino,,57.1687,37.4711,Russia,RU,RUS,Tverskaya Oblast’,Tverskaya Oblast',RU-TVE,province,,10.1,,,4,Europe/Moscow,TRUE,1643359287
Trubino,Trubino,,57.3727,35.2301,Russia,RU,RUS,Tverskaya Oblast’,Tverskaya Oblast',RU-TVE,province,,7.2,,,5,Europe/Moscow,TRUE,1643802404
Trubino,Trubino,,57.5031,37.6350,Russia,RU,RUS,Tverskaya Oblast’,Tverskaya Oblast',RU-TVE,province,,7.1,,,5,Europe/Moscow,TRUE,1643829750
Trubino,Trubino,,57.1970,34.6867,Russia,RU,RUS,Tverskaya Oblast’,Tverskaya Oblast',RU-TVE,province,,6.5,,,5,Europe/Moscow,TRUE,1643064254
Trubino,Trubino,,56.4661,33.8261,Russia,RU,RUS,Tverskaya Oblast’,Tverskaya Oblast',RU-TVE,province,,4.1,,,5,Europe/Moscow,TRUE,1643229933
Trubino,Trubino,,58.3167,35.6000,Russia,RU,RUS,Tverskaya Oblast’,Tverskaya Oblast',RU-TVE,province,,2.9,,,5,Europe/Moscow,TRUE,1643238632
Dobro-Veshchevo,Dobro-Veshchevo,,57.2127,47.7948,Russia,RU,RUS,Kirovskaya Oblast’,Kirovskaya Oblast',RU-KIR,province,,9.7,,,5,Europe/Kirov,FALSE,1643858868
Kazarino,Kazarino,,50.7752,43.1759,Russia,RU,RUS,Volgogradskaya Oblast’,Volgogradskaya Oblast',RU-VGG,province,,8.2,,,5,Europe/Volgograd,FALSE,1643888529
Berëzovka,Berezovka,,55.2530,60.6611,Russia,RU,RUS,Chelyabinskaya Oblast’,Chelyabinskaya Oblast',RU-CHE,province,,16.1,,,4,Asia/Yekaterinburg,FALSE,1643017920
Berëzovka,Berezovka,,54.5312,61.1781,Russia,RU,RUS,Chelyabinskaya Oblast’,Chelyabinskaya Oblast',RU-CHE,province,,14.3,,,4,Asia/Yekaterinburg,TRUE,1643088958
Berëzovka,Berezovka,,54.2519,59.9078,Russia,RU,RUS,Chelyabinskaya Oblast’,Chelyabinskaya Oblast',RU-CHE,province,,9.6,,,5,Asia/Yekaterinburg,TRUE,1643828981
Berëzovka,Berezovka,,52.5525,60.2579,Russia,RU,RUS,Chelyabinskaya Oblast’,Chelyabinskaya Oblast',RU-CHE,province,,5.4,,,5,Asia/Yekaterinburg,TRUE,1643580910
Bakhmetovo,Bakhmetovo,Bakhmetova,55.9000,33.7000,Russia,RU,RUS,Tverskaya Oblast’,Tverskaya Oblast',RU-TVE,province,,7.3,,,5,Europe/Moscow,FALSE,1643163684
Ulus Khabarta Nyrta,Ulus Khabarta Nyrta,Khabarta|Ulus Khabarta Nörta|Khabarta Nyrta,50.9000,102.8167,Russia,RU,RUS,Buryatiya,Buryatiya,RU-BU,republic,,1.9,,,4,Asia/Irkutsk,FALSE,1643564211
Koldashovo,Koldashovo,,58.1833,49.3667,Russia,RU,RUS,Kirovskaya Oblast’,Kirovskaya Oblast',RU-KIR,province,,11.5,,,4,Europe/Kirov,FALSE,1643835886
Bulgar,Bulgar,,54.7532,51.8636,Russia,RU,RUS,Tatarstan,Tatarstan,RU-TA,republic,,47.2,,,4,Europe/Moscow,FALSE,1643003297
Bulgar,Bulgar,,56.0331,49.7006,Russia,RU,RUS,Tatarstan,Tatarstan,RU-TA,republic,,27.5,,,4,Europe/Moscow,TRUE,1643358967
Novo-Alekseyevskoye,Novo-Alekseyevskoye,,56.4486,33.8757,Russia,RU,RUS,Tverskaya Oblast’,Tverskaya Oblast',RU-TVE,province,,4.1,,,5,Europe/Moscow,FALSE,1643376486
Belyy-Yu,Belyy-Yu,,65.2765,57.1175,Russia,RU,RUS,Komi,Komi,RU-KO,republic,,1.7,,,5,Europe/Moscow,FALSE,1643079195
Torosozero,Torosozero,,61.1914,33.1058,Russia,RU,RUS,Kareliya,Kareliya,RU-KR,republic,,5.4,,,5,Europe/Moscow,FALSE,1643534162
Torosozero,Torosozero,Torosoze,62.8667,33.6167,Russia,RU,RUS,Kareliya,Kareliya,RU-KR,republic,,2.3,,,5,Europe/Moscow,TRUE,1643658198
Nurma,Nurma,,56.7097,47.7097,Russia,RU,RUS,Mariy-El,Mariy-El,RU-ME,republic,,23.0,,,4,Europe/Moscow,FALSE,1643512429
Olebino,Olebino,,57.3785,39.3792,Russia,RU,RUS,Yaroslavskaya Oblast’,Yaroslavskaya Oblast',RU-YAR,province,,22.2,,,4,Europe/Moscow,FALSE,1643012714
Semënovo-Shuran’,Semenovo-Shuran',,57.6154,45.5173,Russia,RU,RUS,Nizhegorodskaya Oblast’,Nizhegorodskaya Oblast',RU-NIZ,province,,13.3,,,4,Europe/Moscow,FALSE,1643701119
Bortsy,Bortsy,,56.3911,90.2410,Russia,RU,RUS,Krasnoyarskiy Kray,Krasnoyarskiy Kray,RU-KYA,district,,6.0,,,5,Asia/Krasnoyarsk,FALSE,1643508002
Soldari,Soldari,,58.3112,51.4252,Russia,RU,RUS,Kirovskaya Oblast’,Kirovskaya Oblast',RU-KIR,province,,3.9,,,5,Europe/Kirov,FALSE,1643007962
Kaban’ye,Kaban'ye,Kaban’ya,54.9933,75.2049,Russia,RU,RUS,Omskaya Oblast’,Omskaya Oblast',RU-OMS,province,,13.9,,,4,Asia/Omsk,FALSE,1643943401
Kaban’ye,Kaban'ye,,56.1457,71.4925,Russia,RU,RUS,Omskaya Oblast’,Omskaya Oblast',RU-OMS,province,,3.1,,,5,Asia/Omsk,TRUE,1643235959
Pokholkino,Pokholkino,Pokholkina,54.2683,85.0974,Russia,RU,RUS,Altayskiy Kray,Altayskiy Kray,RU-ALT,district,,4.2,,,5,Asia/Barnaul,FALSE,1643644208
Michadzib,Michadzib,,59.9833,49.2667,Russia,RU,RUS,Komi,Komi,RU-KO,republic,,1.3,,,5,Europe/Moscow,FALSE,1643076037
Sukhovily,Sukhovily,,54.2562,32.1131,Russia,RU,RUS,Smolenskaya Oblast’,Smolenskaya Oblast',RU-SMO,province,,7.1,,,5,Europe/Moscow,FALSE,1643007193
Vasikovskiye Ostrova,Vasikovskiye Ostrova,,60.8029,35.9730,Russia,RU,RUS,Vologodskaya Oblast’,Vologodskaya Oblast',RU-VLG,province,,2.0,,,5,Europe/Moscow,FALSE,1643007771
Nikanovo,Nikanovo,,58.9333,43.0833,Russia,RU,RUS,Kostromskaya Oblast’,Kostromskaya Oblast',RU-KOS,province,,2.8,,,5,Europe/Moscow,FALSE,1643794753
Yefimovka,Yefimovka,,54.5368,45.3381,Russia,RU,RUS,Mordoviya,Mordoviya,RU-MO,republic,,24.5,,,4,Europe/Moscow,FALSE,1643493502
Musikha,Musikha,,58.5507,53.8494,Russia,RU,RUS,Permskiy Kray,Permskiy Kray,RU-PER,district,,5.4,,,5,Asia/Yekaterinburg,FALSE,1643410008
Inishëva,Inisheva,,57.3595,63.3860,Russia,RU,RUS,Sverdlovskaya Oblast’,Sverdlovskaya Oblast',RU-SVE,province,,6.7,,,5,Asia/Yekaterinburg,FALSE,1643493767
Yaman,Yaman,,56.0441,71.3938,Russia,RU,RUS,Omskaya Oblast’,Omskaya Oblast',RU-OMS,province,,3.1,,,5,Asia/Omsk,FALSE,1643870533
Didino,Didino,,58.8459,49.7092,Russia,RU,RUS,Kirovskaya Oblast’,Kirovskaya Oblast',RU-KIR,province,,5.8,,,5,Europe/Kirov,FALSE,1643843805
Vol’nyy Trud,Vol'nyy Trud,Borisovskiy,51.6747,53.6894,Russia,RU,RUS,Orenburgskaya Oblast’,Orenburgskaya Oblast',RU-ORE,province,,6.5,,,5,Asia/Yekaterinburg,FALSE,1643011516
Ukhmany,Ukhmany,Vurman-Kasy-Biboldino|Vurmankas-Ukhmany,55.5680,47.5068,Russia,RU,RUS,Chuvashiya,Chuvashiya,RU-CU,republic,,38.0,,,4,Europe/Moscow,FALSE,1643667291
Vol’nyy Trud,Vol'nyy Trud,Mar’in,52.5667,36.5667,Russia,RU,RUS,Orlovskaya Oblast’,Orlovskaya Oblast',RU-ORL,province,,13.9,,,4,Europe/Moscow,FALSE,1643832685
Bud’ya-Varya,Bud'ya-Varya,Budzi-Varyash,56.0763,55.2718,Russia,RU,RUS,Bashkortostan,Bashkortostan,RU-BA,republic,,22.0,,,4,Asia/Yekaterinburg,FALSE,1643507832
Pogost Rebovskiy,Pogost Rebovskiy,Rebovinkirkonkylä,60.2333,34.2833,Russia,RU,RUS,Leningradskaya Oblast’,Leningradskaya Oblast',RU-LEN,province,,6.0,,,5,Europe/Moscow,FALSE,1643881518
Georgiyevskoye,Georgiyevskoye,Georgiyevskiy|Georgievski,58.0833,40.2333,Russia,RU,RUS,Yaroslavskaya Oblast’,Yaroslavskaya Oblast',RU-YAR,province,,10.9,,,4,Europe/Moscow,FALSE,1643687167
Georgiyevskoye,Georgiyevskoye,,58.3619,39.7181,Russia,RU,RUS,Yaroslavskaya Oblast’,Yaroslavskaya Oblast',RU-YAR,province,,7.0,,,4,Europe/Moscow,TRUE,1643119870
Georgiyevskoye,Georgiyevskoye,,57.2933,38.8852,Russia,RU,RUS,Yaroslavskaya Oblast’,Yaroslavskaya Oblast',RU-YAR,province,,6.2,,,5,Europe/Moscow,TRUE,1643867375
Kedrovyy,Kedrovyy,,43.0376,131.5261,Russia,RU,RUS,Primorskiy Kray,Primorskiy Kray,RU-PRI,district,,8.2,,,5,Asia/Vladivostok,FALSE,1643396220
Kedrovyy,Kedrovyy,,44.3945,135.3773,Russia,RU,RUS,Primorskiy Kray,Primorskiy Kray,RU-PRI,district,,5.7,,,5,Asia/Vladivostok,TRUE,1643495589
Bortnoye,Bortnoye,,53.0347,36.5457,Russia,RU,RUS,Orlovskaya Oblast’,Orlovskaya Oblast',RU-ORL,province,,12.1,,,4,Europe/Moscow,FALSE,1643172628
An’kovo,An'kovo,,58.3615,35.5704,Russia,RU,RUS,Tverskaya Oblast’,Tverskaya Oblast',RU-TVE,province,,2.9,,,5,Europe/Moscow,FALSE,1643844267
Dirbakmakhi,Dirbakmakhi,Ashty|Makhibudayly,41.9167,47.5000,Russia,RU,RUS,Dagestan,Dagestan,RU-DA,republic,,56.0,,,4,Europe/Moscow,FALSE,1643282381
Mamoshki,Mamoshki,,55.1009,31.4898,Russia,RU,RUS,Smolenskaya Oblast’,Smolenskaya Oblast',RU-SMO,province,,14.1,,,4,Europe/Moscow,FALSE,1643022296
Podobina,Podobina,,57.6833,58.5333,Russia,RU,RUS,Permskiy Kray,Permskiy Kray,RU-PER,district,,19.2,,,4,Asia/Yekaterinburg,FALSE,1643388173
Nagornyy,Nagornyy,Kirpichnyy Zavod,61.7000,53.6667,Russia,RU,RUS,Komi,Komi,RU-KO,republic,,0.9,,,5,Europe/Moscow,FALSE,1643731582
Preobrazhenskiy,Preobrazhenskiy,,54.6142,56.3750,Russia,RU,RUS,Bashkortostan,Bashkortostan,RU-BA,republic,,20.2,,,4,Asia/Yekaterinburg,FALSE,1643148469
Preobrazhenskiy,Preobrazhenskiy,,54.6167,56.9333,Russia,RU,RUS,Bashkortostan,Bashkortostan,RU-BA,republic,,7.5,,,5,Asia/Yekaterinburg,TRUE,1643337533
Zhilkino,Zhilkino,,56.6967,35.0852,Russia,RU,RUS,Tverskaya Oblast’,Tverskaya Oblast',RU-TVE,province,,6.5,,,5,Europe/Moscow,FALSE,1643742266
Zhilkino,Zhilkino,,57.3041,37.0392,Russia,RU,RUS,Tverskaya Oblast’,Tverskaya Oblast',RU-TVE,province,,4.4,,,5,Europe/Moscow,TRUE,1643477712
Yazykovo,Yazykovo,,53.0753,40.8772,Russia,RU,RUS,Tambovskaya Oblast’,Tambovskaya Oblast',RU-TAM,province,,14.6,,,4,Europe/Moscow,FALSE,1643449704
Sytino,Sytino,Shushulino,55.5746,35.4816,Russia,RU,RUS,Moskovskaya Oblast’,Moskovskaya Oblast',RU-MOS,province,,30.6,,,4,Europe/Moscow,FALSE,1643452598
Polunino,Polunino,,53.8803,38.1588,Russia,RU,RUS,Tul’skaya Oblast’,Tul'skaya Oblast',RU-TUL,province,,124.6,,,4,Europe/Moscow,FALSE,1643901742
Polunino,Polunino,,53.8247,38.6523,Russia,RU,RUS,Tul’skaya Oblast’,Tul'skaya Oblast',RU-TUL,province,,35.4,,,4,Europe/Moscow,TRUE,1643089637
Chapayevskiy,Chapayevskiy,,50.4964,35.8378,Russia,RU,RUS,Belgorodskaya Oblast’,Belgorodskaya Oblast',RU-BEL,province,,37.3,,,4,Europe/Moscow,FALSE,1643561294
Gorodok,Gorodok,,58.8500,49.3167,Russia,RU,RUS,Kirovskaya Oblast’,Kirovskaya Oblast',RU-KIR,province,,5.8,,,5,Europe/Kirov,FALSE,1643942248
Bol’shaya Luga,Bol'shaya Luga,,54.8062,36.3798,Russia,RU,RUS,Kaluzhskaya Oblast’,Kaluzhskaya Oblast',RU-KLU,province,,33.9,,,4,Europe/Moscow,FALSE,1643015726
Pimeno-Cherni,Pimeno-Cherni,Pimeno-Chernyanskiy|Pimen-Cherni|Chernyavskiy,47.6999,43.4713,Russia,RU,RUS,Volgogradskaya Oblast’,Volgogradskaya Oblast',RU-VGG,province,,11.9,,,4,Europe/Volgograd,FALSE,1643850930
Bol’shaya Usmanova,Bol'shaya Usmanova,Usmanova,55.2959,60.8025,Russia,RU,RUS,Chelyabinskaya Oblast’,Chelyabinskaya Oblast',RU-CHE,province,,16.1,,,4,Asia/Yekaterinburg,FALSE,1643137447
Rassvet,Rassvet,,54.0872,34.7911,Russia,RU,RUS,Kaluzhskaya Oblast’,Kaluzhskaya Oblast',RU-KLU,province,,40.0,,,4,Europe/Moscow,FALSE,1643849186
Rassvet,Rassvet,Rastsvet,53.6630,35.0546,Russia,RU,RUS,Kaluzhskaya Oblast’,Kaluzhskaya Oblast',RU-KLU,province,,7.0,,,5,Europe/Moscow,TRUE,1643492476
Dykhlovo,Dykhlovo,,54.9167,33.6500,Russia,RU,RUS,Smolenskaya Oblast’,Smolenskaya Oblast',RU-SMO,province,,15.2,,,4,Europe/Moscow,FALSE,1643758177
Tsulkha,Tsulkha,,47.6950,44.8503,Russia,RU,RUS,Kalmykiya,Kalmykiya,RU-KL,republic,,2.9,,,5,Europe/Moscow,FALSE,1643039230
Kozlovka Vtoraya,Kozlovka Vtoraya,,52.2500,56.1333,Russia,RU,RUS,Orenburgskaya Oblast’,Orenburgskaya Oblast',RU-ORE,province,,9.3,,,5,Asia/Yekaterinburg,FALSE,1643072575
Gabdulmukmeneva,Gabdulmukmeneva,Ayully,52.1333,58.0667,Russia,RU,RUS,Bashkortostan,Bashkortostan,RU-BA,republic,,8.5,,,5,Asia/Yekaterinburg,FALSE,1643329312
Boronuk,Boronuk,,67.5828,133.4481,Russia,RU,RUS,Sakha (Yakutiya),Sakha (Yakutiya),RU-SA,republic,,0.1,,,3,Asia/Vladivostok,FALSE,1643198283
Shushmanka,Shushmanka,,56.7308,46.0906,Russia,RU,RUS,Mariy-El,Mariy-El,RU-ME,republic,,4.4,,0,4,Europe/Moscow,FALSE,1643142420
Shipino,Shipino,,58.6239,40.4545,Russia,RU,RUS,Vologodskaya Oblast’,Vologodskaya Oblast',RU-VLG,province,,6.6,,,5,Europe/Moscow,FALSE,1643340808
Kovyryayevo,Kovyryayevo,,56.5292,28.5884,Russia,RU,RUS,Pskovskaya Oblast’,Pskovskaya Oblast',RU-PSK,province,,8.0,,,5,Europe/Moscow,FALSE,1643163595
Topolovka,Topolovka,,61.3654,160.1259,Russia,RU,RUS,Magadanskaya Oblast’,Magadanskaya Oblast',RU-MAG,province,,0,,,5,Asia/Magadan,FALSE,1643621404
Bryanskova,Bryanskova,Zaimka Bryanskaya|Bryanskoye|Bryanskaya Claim|Bryanskaye Claim,62.1000,160.5667,Russia,RU,RUS,Magadanskaya Oblast’,Magadanskaya Oblast',RU-MAG,province,,0.0,,,4,Asia/Magadan,FALSE,1643739684
Pikhtalakhta,Pikhtalakhta,Novyy Krast’yanin,61.6977,32.7005,Russia,RU,RUS,Kareliya,Kareliya,RU-KR,republic,,2.2,,,5,Europe/Moscow,FALSE,1643882934
Yegor’yevka,Yegor'yevka,,52.8167,55.7667,Russia,RU,RUS,Bashkortostan,Bashkortostan,RU-BA,republic,,11.1,,,4,Asia/Yekaterinburg,FALSE,1643644267
Torosozero,Torosozero,,62.4897,38.2296,Russia,RU,RUS,Arkhangel’skaya Oblast’,Arkhangel'skaya Oblast',RU-ARK,province,,1.7,,,5,Europe/Moscow,FALSE,1643129597
Bor,Bor,,59.4491,56.7361,Russia,RU,RUS,Permskiy Kray,Permskiy Kray,RU-PER,district,,396.7,,,3,Asia/Yekaterinburg,FALSE,1643010938
Bor,Bor,,57.0598,57.5608,Russia,RU,RUS,Permskiy Kray,Permskiy Kray,RU-PER,district,,11.1,,,4,Asia/Yekaterinburg,TRUE,1643697448
Bor,Bor,,57.0500,57.4333,Russia,RU,RUS,Permskiy Kray,Permskiy Kray,RU-PER,district,,11.1,,,4,Asia/Yekaterinburg,TRUE,1643821441
Bor,Bor,,57.7617,57.3283,Russia,RU,RUS,Permskiy Kray,Permskiy Kray,RU-PER,district,,8.0,,,5,Asia/Yekaterinburg,TRUE,1643819633
Bor,Bor,Verkhne-Bor|Verkhniy Bor,58.5842,55.9138,Russia,RU,RUS,Permskiy Kray,Permskiy Kray,RU-PER,district,,6.8,,,5,Asia/Yekaterinburg,TRUE,1643709398
Bystryy,Bystryy,,50.6094,36.3674,Russia,RU,RUS,Belgorodskaya Oblast’,Belgorodskaya Oblast',RU-BEL,province,,78.2,,,4,Europe/Moscow,FALSE,1643549309
Okhlopki,Okhlopki,Okhlopok,58.2535,48.6160,Russia,RU,RUS,Kirovskaya Oblast’,Kirovskaya Oblast',RU-KIR,province,,11.5,,,4,Europe/Kirov,FALSE,1643686606
Novopokrovka,Novopokrovka,Novo-Pokrovskoye,56.9058,84.1155,Russia,RU,RUS,Tomskaya Oblast’,Tomskaya Oblast',RU-TOM,province,,4.2,,,5,Asia/Tomsk,TRUE,1643016834
Ukrainka,Ukrainka,,52.0667,55.5833,Russia,RU,RUS,Orenburgskaya Oblast’,Orenburgskaya Oblast',RU-ORE,province,,13.8,,,4,Asia/Yekaterinburg,FALSE,1643553955
Ukrainka,Ukrainka,,52.1000,54.0500,Russia,RU,RUS,Orenburgskaya Oblast’,Orenburgskaya Oblast',RU-ORE,province,,7.3,,,5,Asia/Yekaterinburg,TRUE,1643852526
Ukrainka,Ukrainka,,52.5333,54.1500,Russia,RU,RUS,Orenburgskaya Oblast’,Orenburgskaya Oblast',RU-ORE,province,,4.7,,,5,Asia/Yekaterinburg,TRUE,1643012253
Zelennik,Zelennik,,62.3428,44.6835,Russia,RU,RUS,Arkhangel’skaya Oblast’,Arkhangel'skaya Oblast',RU-ARK,province,,0.8,,,5,Europe/Moscow,FALSE,1643013110
Skvorchikha,Skvorchikha,Skorchikha,53.3000,56.1167,Russia,RU,RUS,Bashkortostan,Bashkortostan,RU-BA,republic,,22.2,,,3,Asia/Yekaterinburg,FALSE,1643710397
Khmelëvka,Khmelevka,,56.3314,54.3977,Russia,RU,RUS,Bashkortostan,Bashkortostan,RU-BA,republic,,22.0,,,4,Asia/Yekaterinburg,FALSE,1643029180
Bystroretskiy,Bystroretskiy,,59.5069,34.6411,Russia,RU,RUS,Leningradskaya Oblast’,Leningradskaya Oblast',RU-LEN,province,,7.8,,,5,Europe/Moscow,FALSE,1643004986
Shan’gina,Shan'gina,,56.2196,64.0093,Russia,RU,RUS,Kurganskaya Oblast’,Kurganskaya Oblast',RU-KGN,province,,5.9,,,5,Asia/Yekaterinburg,FALSE,1643598588
Shatunovo,Shatunovo,Shatunova,53.9003,84.5356,Russia,RU,RUS,Altayskiy Kray,Altayskiy Kray,RU-ALT,district,,4.2,,,5,Asia/Barnaul,FALSE,1643406446
Zavad,Zavad,,54.1685,42.6172,Russia,RU,RUS,Ryazanskaya Oblast’,Ryazanskaya Oblast',RU-RYA,province,,13.6,,,4,Europe/Moscow,FALSE,1643354369
Dzeberkoy,Dzeberkoy,,44.0716,39.1136,Russia,RU,RUS,Krasnodarskiy Kray,Krasnodarskiy Kray,RU-KDA,district,,55.1,,,4,Europe/Moscow,FALSE,1643596573
Kasnya,Kasnya,,55.3972,34.3204,Russia,RU,RUS,Smolenskaya Oblast’,Smolenskaya Oblast',RU-SMO,province,,22.3,,,4,Europe/Moscow,FALSE,1643432917
Staraya Danilovskaya,Staraya Danilovskaya,,56.7788,42.5565,Russia,RU,RUS,Ivanovskaya Oblast’,Ivanovskaya Oblast',RU-IVA,province,,7.7,,,5,Europe/Moscow,FALSE,1643016450
Kuliberovo,Kuliberovo,,58.4099,36.9290,Russia,RU,RUS,Tverskaya Oblast’,Tverskaya Oblast',RU-TVE,province,,6.1,,,5,Europe/Moscow,FALSE,1643722039
Verkhniy Kestym,Verkhniy Kestym,,57.9544,52.8840,Russia,RU,RUS,Udmurtiya,Udmurtiya,RU-UD,republic,,13.7,,,4,Europe/Samara,FALSE,1643624472
Lesnaya Khmelëvka,Lesnaya Khmelevka,Khmelevka,54.5167,49.6667,Russia,RU,RUS,Ul’yanovskaya Oblast’,Ul'yanovskaya Oblast',RU-ULY,province,,10.8,,,4,Europe/Ulyanovsk,FALSE,1643012757
Chashchikhino,Chashchikhino,,59.0812,33.8634,Russia,RU,RUS,Novgorodskaya Oblast’,Novgorodskaya Oblast',RU-NGR,province,,2.0,,,5,Europe/Moscow,FALSE,1643831678
Krasnyy Vostok,Krasnyy Vostok,,54.9268,82.8138,Russia,RU,RUS,Novosibirskaya Oblast’,Novosibirskaya Oblast',RU-NVS,province,,48.6,,,4,Asia/Novosibirsk,FALSE,1643785377
Belachinskaya,Belachinskaya,,51.4667,36.5333,Russia,RU,RUS,Kurskaya Oblast’,Kurskaya Oblast',RU-KRS,province,,13.1,,,4,Europe/Moscow,FALSE,1643614116
Podrudino,Podrudino,,59.4167,33.4833,Russia,RU,RUS,Leningradskaya Oblast’,Leningradskaya Oblast',RU-LEN,province,,11.4,,,4,Europe/Moscow,FALSE,1643254907
Kiner’,Kiner',,56.7895,50.4571,Russia,RU,RUS,Kirovskaya Oblast’,Kirovskaya Oblast',RU-KIR,province,,10.8,,,4,Europe/Kirov,FALSE,1643820625
Prokhladnoye,Prokhladnoye,,62.1500,129.5167,Russia,RU,RUS,Sakha (Yakutiya),Sakha (Yakutiya),RU-SA,republic,,87.2,,,4,Asia/Yakutsk,FALSE,1643019557
Churapanovo,Churapanovo,,55.9885,55.8165,Russia,RU,RUS,Bashkortostan,Bashkortostan,RU-BA,republic,,13.5,,,4,Asia/Yekaterinburg,FALSE,1643899805
Nekrasovskiy,Nekrasovskiy,Sitnikovskiy,55.6667,74.8167,Russia,RU,RUS,Omskaya Oblast’,Omskaya Oblast',RU-OMS,province,,4.5,,,5,Asia/Omsk,FALSE,1643264753
Abazov,Abazov,,44.6313,39.9137,Russia,RU,RUS,Krasnodarskiy Kray,Krasnodarskiy Kray,RU-KDA,district,,129.9,,,4,Europe/Moscow,FALSE,1643246375
Vorotnikovskiy,Vorotnikovskiy,,44.4893,41.8248,Russia,RU,RUS,Stavropol’skiy Kray,Stavropol'skiy Kray,RU-STA,district,,39.0,,,4,Europe/Moscow,FALSE,1643947672
Prishib,Prishib,,54.4319,73.0638,Russia,RU,RUS,Omskaya Oblast’,Omskaya Oblast',RU-OMS,province,,15.4,,,4,Asia/Omsk,FALSE,1643381440
Loparëvo,Loparevo,Lopareva,51.5333,83.2667,Russia,RU,RUS,Altayskiy Kray,Altayskiy Kray,RU-ALT,district,,4.0,,,5,Asia/Barnaul,FALSE,1643218541
Aleksandro-Yersha,Aleksandro-Yersha,,56.6269,95.2667,Russia,RU,RUS,Krasnoyarskiy Kray,Krasnoyarskiy Kray,RU-KYA,district,,3.8,,,5,Asia/Krasnoyarsk,FALSE,1643580338
Shuino,Shuino,,57.8085,39.3203,Russia,RU,RUS,Yaroslavskaya Oblast’,Yaroslavskaya Oblast',RU-YAR,province,,36.4,,,4,Europe/Moscow,FALSE,1643860983
Ryskovshchina,Ryskovshchina,,54.9398,36.5125,Russia,RU,RUS,Kaluzhskaya Oblast’,Kaluzhskaya Oblast',RU-KLU,province,,33.9,,,4,Europe/Moscow,FALSE,1643384735
Trubnikovo,Trubnikovo,,57.7477,28.7858,Russia,RU,RUS,Pskovskaya Oblast’,Pskovskaya Oblast',RU-PSK,province,,8.4,,,5,Europe/Moscow,FALSE,1643743677
Staraya Tsip’ya,Staraya Tsip'ya,Staraya Tsyp’ya,56.5106,50.3610,Russia,RU,RUS,Tatarstan,Tatarstan,RU-TA,republic,,31.3,,,4,Europe/Moscow,FALSE,1643009247
Kulig,Kulig,,41.8750,47.8655,Russia,RU,RUS,Dagestan,Dagestan,RU-DA,republic,,71.7,,,4,Europe/Moscow,FALSE,1643003957
Biryusa,Biryusa,,55.9940,97.8942,Russia,RU,RUS,Irkutskaya Oblast’,Irkutskaya Oblast',RU-IRK,province,,2.7,,,5,Asia/Irkutsk,FALSE,1643861220
Bol’shoye Zagor’ye,Bol'shoye Zagor'ye,Zagor’ye,54.9794,31.7171,Russia,RU,RUS,Smolenskaya Oblast’,Smolenskaya Oblast',RU-SMO,province,,14.1,,,4,Europe/Moscow,FALSE,1643488464
Bogdanovskoye,Bogdanovskoye,,54.7784,56.8153,Russia,RU,RUS,Bashkortostan,Bashkortostan,RU-BA,republic,,20.2,,,4,Asia/Yekaterinburg,FALSE,1643904645
Nizhniy Dzhengutay,Nizhniy Dzhengutay,,42.6833,47.2333,Russia,RU,RUS,Dagestan,Dagestan,RU-DA,republic,,47.1,,,3,Europe/Moscow,FALSE,1643362475
Lomyshki,Lomyshki,,58.1378,41.3983,Russia,RU,RUS,Kostromskaya Oblast’,Kostromskaya Oblast',RU-KOS,province,,6.4,,,5,Europe/Moscow,FALSE,1643130637
Kurtsevo,Kurtsevo,,57.2005,28.1132,Russia,RU,RUS,Pskovskaya Oblast’,Pskovskaya Oblast',RU-PSK,province,,11.0,,,4,Europe/Moscow,FALSE,1643020661
Kurtsevo,Kurtsevo,,56.9278,28.3023,Russia,RU,RUS,Pskovskaya Oblast’,Pskovskaya Oblast',RU-PSK,province,,4.8,,,5,Europe/Moscow,TRUE,1643301733
Volynshchino,Volynshchino,,53.6192,40.5370,Russia,RU,RUS,Ryazanskaya Oblast’,Ryazanskaya Oblast',RU-RYA,province,,9.3,,,5,Europe/Moscow,FALSE,1643555360
Kuvaka,Kuvaka,,53.1656,44.1369,Russia,RU,RUS,Penzenskaya Oblast’,Penzenskaya Oblast',RU-PNZ,province,,26.9,,,4,Europe/Moscow,FALSE,1643665214
Sukhan,Sukhan,,57.6269,46.6974,Russia,RU,RUS,Nizhegorodskaya Oblast’,Nizhegorodskaya Oblast',RU-NIZ,province,,14.2,,,4,Europe/Moscow,FALSE,1643279982
Mineral’noye,Mineral'noye,,44.3935,133.6031,Russia,RU,RUS,Primorskiy Kray,Primorskiy Kray,RU-PRI,district,,6.2,,,5,Asia/Vladivostok,FALSE,1643821774
Lukovets,Lukovets,,52.2933,36.6775,Russia,RU,RUS,Orlovskaya Oblast’,Orlovskaya Oblast',RU-ORL,province,,13.6,,,4,Europe/Moscow,FALSE,1643456982
Lukovets,Lukovets,,53.0700,35.5100,Russia,RU,RUS,Orlovskaya Oblast’,Orlovskaya Oblast',RU-ORL,province,,11.6,,,4,Europe/Moscow,TRUE,1643084042
Kamelik,Kamelik,,52.0979,49.4134,Russia,RU,RUS,Saratovskaya Oblast’,Saratovskaya Oblast',RU-SAR,province,,6.8,,,5,Europe/Saratov,FALSE,1643894159
Maloye Golyshevo,Maloye Golyshevo,Malaya Golyshëva,57.6512,57.1019,Russia,RU,RUS,Permskiy Kray,Permskiy Kray,RU-PER,district,,8.0,,,5,Asia/Yekaterinburg,FALSE,1643014483
Bol’shaya Pogorelka,Bol'shaya Pogorelka,,56.0723,63.7403,Russia,RU,RUS,Kurganskaya Oblast’,Kurganskaya Oblast',RU-KGN,province,,5.9,,,5,Asia/Yekaterinburg,FALSE,1643700560
Nikol’skiy,Nikol'skiy,,54.3667,88.9833,Russia,RU,RUS,Khakasiya,Khakasiya,RU-KK,republic,,4.6,,,5,Asia/Krasnoyarsk,FALSE,1643257412
Kocherovo,Kocherovo,,53.5762,36.1534,Russia,RU,RUS,Tul’skaya Oblast’,Tul'skaya Oblast',RU-TUL,province,,16.2,,,4,Europe/Moscow,FALSE,1643426057
Ust’-Lem’,Ust'-Lem',Ust’-Lemskiy,58.0432,52.1989,Russia,RU,RUS,Udmurtiya,Udmurtiya,RU-UD,republic,,9.6,,,5,Europe/Samara,FALSE,1643435427
Rekta,Rekta,,55.6175,33.0864,Russia,RU,RUS,Smolenskaya Oblast’,Smolenskaya Oblast',RU-SMO,province,,4.9,,,5,Europe/Moscow,FALSE,1643463087
Baksheyevo,Baksheyevo,Badsheyevo|Baksheevo,55.7120,39.8740,Russia,RU,RUS,Moskovskaya Oblast’,Moskovskaya Oblast',RU-MOS,province,,30.7,,,4,Europe/Moscow,FALSE,1643601485
Pesterevo,Pesterevo,Pesterovo,58.9264,49.5910,Russia,RU,RUS,Kirovskaya Oblast’,Kirovskaya Oblast',RU-KIR,province,,5.8,,,5,Europe/Kirov,FALSE,1643626151
Pesterevo,Pesterevo,,56.8603,51.4715,Russia,RU,RUS,Kirovskaya Oblast’,Kirovskaya Oblast',RU-KIR,province,,3.7,,,5,Europe/Kirov,TRUE,1643229464
Markhida,Markhida,Markyhida,67.1154,52.4138,Russia,RU,RUS,Nenetskiy Avtonomnyy Okrug,Nenetskiy Avtonomnyy Okrug,RU-NEN,autonomous region,,0.1,,,5,Europe/Moscow,FALSE,1643899164
Petrovskoye,Petrovskoye,,53.6167,56.3833,Russia,RU,RUS,Bashkortostan,Bashkortostan,RU-BA,republic,,22.2,,,3,Asia/Yekaterinburg,FALSE,1643840773
Petrovskoye,Petrovskoye,,54.7185,56.6934,Russia,RU,RUS,Bashkortostan,Bashkortostan,RU-BA,republic,,20.2,,,4,Asia/Yekaterinburg,TRUE,1643838783
Pakhomovskaya,Pakhomovskaya,,57.0883,42.9104,Russia,RU,RUS,Ivanovskaya Oblast’,Ivanovskaya Oblast',RU-IVA,province,,18.2,,,4,Europe/Moscow,FALSE,1643496832
Berezitsy,Berezitsy,Bereznitsy,58.5065,33.7603,Russia,RU,RUS,Novgorodskaya Oblast’,Novgorodskaya Oblast',RU-NGR,province,,19.8,,,4,Europe/Moscow,FALSE,1643442539
Babkino,Babkino,,55.7960,42.9380,Russia,RU,RUS,Nizhegorodskaya Oblast’,Nizhegorodskaya Oblast',RU-NIZ,province,,19.3,,,4,Europe/Moscow,FALSE,1643102582
Kargonzhey,Kargonzhey,,54.2424,43.8591,Russia,RU,RUS,Mordoviya,Mordoviya,RU-MO,republic,,20.2,,,4,Europe/Moscow,FALSE,1643648369
Teleshovka,Teleshovka,Teleshevka,53.6489,40.2447,Russia,RU,RUS,Ryazanskaya Oblast’,Ryazanskaya Oblast',RU-RYA,province,,26.5,,,4,Europe/Moscow,FALSE,1643049440
Alëshonki,Aleshonki,Mezentsevy,59.1359,48.1470,Russia,RU,RUS,Kirovskaya Oblast’,Kirovskaya Oblast',RU-KIR,province,,2.7,,,5,Europe/Kirov,FALSE,1643725196
Prokhodnya,Prokhodnya,,52.4523,39.0116,Russia,RU,RUS,Lipetskaya Oblast’,Lipetskaya Oblast',RU-LIP,province,,22.5,,,4,Europe/Moscow,FALSE,1643304951
Chudskaya,Chudskaya,,59.5700,34.5586,Russia,RU,RUS,Leningradskaya Oblast’,Leningradskaya Oblast',RU-LEN,province,,7.8,,,5,Europe/Moscow,FALSE,1643097773
Kochegurt,Kochegurt,,57.1749,52.1612,Russia,RU,RUS,Udmurtiya,Udmurtiya,RU-UD,republic,,5.8,,,5,Europe/Samara,FALSE,1643712173
Peski,Peski,,63.3667,32.8000,Russia,RU,RUS,Kareliya,Kareliya,RU-KR,republic,,2.3,,,5,Europe/Moscow,FALSE,1643272620
Peski,Peski,Hiekat,62.5167,36.5333,Russia,RU,RUS,Kareliya,Kareliya,RU-KR,republic,,1.6,,,5,Europe/Moscow,TRUE,1643601541
Zamarino,Zamarino,,54.3035,37.1807,Russia,RU,RUS,Tul’skaya Oblast’,Tul'skaya Oblast',RU-TUL,province,,70.0,,,4,Europe/Moscow,FALSE,1643458558
Verkhneizhemskiy,Verkhneizhemskiy,,63.0043,54.6887,Russia,RU,RUS,Komi,Komi,RU-KO,republic,,2.5,,,5,Europe/Moscow,FALSE,1643587440
Verkhnyaya Biryukovka,Verkhnyaya Biryukovka,,58.8000,62.0833,Russia,RU,RUS,Sverdlovskaya Oblast’,Sverdlovskaya Oblast',RU-SVE,province,,2.8,,,5,Asia/Yekaterinburg,FALSE,1643031268
Semeykino,Semeykino,,56.3730,41.8378,Russia,RU,RUS,Vladimirskaya Oblast’,Vladimirskaya Oblast',RU-VLA,province,,34.2,,,4,Europe/Moscow,FALSE,1643932003
Semeykino,Semeykino,Seleykino,58.9611,39.7338,Russia,RU,RUS,Vologodskaya Oblast’,Vologodskaya Oblast',RU-VLG,province,,6.6,,,5,Europe/Moscow,FALSE,1643750405
Zhukovichi,Zhukovichi,,58.0539,28.6818,Russia,RU,RUS,Pskovskaya Oblast’,Pskovskaya Oblast',RU-PSK,province,,3.6,,,5,Europe/Moscow,FALSE,1643394533
Troyedvorka,Troyedvorka,,56.4311,50.7857,Russia,RU,RUS,Kirovskaya Oblast’,Kirovskaya Oblast',RU-KIR,province,,10.8,,,4,Europe/Kirov,FALSE,1643029927
Gorokhovo,Gorokhovo,,56.7909,36.0945,Russia,RU,RUS,Tverskaya Oblast’,Tverskaya Oblast',RU-TVE,province,,11.0,,,4,Europe/Moscow,FALSE,1643951956
Mel’nikovskiy,Mel'nikovskiy,,56.4639,56.6657,Russia,RU,RUS,Permskiy Kray,Permskiy Kray,RU-PER,district,,8.2,,,5,Asia/Yekaterinburg,FALSE,1643256974
Divnyy,Divnyy,,44.9341,41.1691,Russia,RU,RUS,Krasnodarskiy Kray,Krasnodarskiy Kray,RU-KDA,district,,37.8,,,4,Europe/Moscow,FALSE,1643114556
Gorivets,Gorivets,,56.3680,29.2728,Russia,RU,RUS,Pskovskaya Oblast’,Pskovskaya Oblast',RU-PSK,province,,4.7,,,5,Europe/Moscow,FALSE,1643402095
Gromovo,Gromovo,,58.5160,33.5479,Russia,RU,RUS,Novgorodskaya Oblast’,Novgorodskaya Oblast',RU-NGR,province,,9.4,,,5,Europe/Moscow,FALSE,1643057665
Novotroitsk,Novotroitsk,Novotroitskoye|Troitskaya,54.4559,101.0512,Russia,RU,RUS,Irkutskaya Oblast’,Irkutskaya Oblast',RU-IRK,province,,1.8,,,5,Asia/Irkutsk,FALSE,1643103927
Zasorikhino,Zasorikhino,,56.6772,43.5383,Russia,RU,RUS,Nizhegorodskaya Oblast’,Nizhegorodskaya Oblast',RU-NIZ,province,,63.5,,,4,Europe/Moscow,FALSE,1643012487
Volpino,Volpino,,59.4667,36.2667,Russia,RU,RUS,Vologodskaya Oblast’,Vologodskaya Oblast',RU-VLG,province,,2.2,,,5,Europe/Moscow,FALSE,1643890655
Kozlikhino,Kozlikhino,,56.1500,31.9000,Russia,RU,RUS,Tverskaya Oblast’,Tverskaya Oblast',RU-TVE,province,,5.2,,,5,Europe/Moscow,FALSE,1643027505
Boskhon,Boskhon,,61.5500,129.4333,Russia,RU,RUS,Sakha (Yakutiya),Sakha (Yakutiya),RU-SA,republic,,1.4,,,5,Asia/Yakutsk,FALSE,1643309495
Kvarkeno,Kvarkeno,,52.0839,59.7242,Russia,RU,RUS,Orenburgskaya Oblast’,Orenburgskaya Oblast',RU-ORE,province,,3.3,,,3,Asia/Yekaterinburg,FALSE,1643758320
Krutoy Maydan,Krutoy Maydan,,55.5873,44.0693,Russia,RU,RUS,Nizhegorodskaya Oblast’,Nizhegorodskaya Oblast',RU-NIZ,province,,19.6,,,4,Europe/Moscow,FALSE,1643634911
Gribennikovskiy,Gribennikovskiy,Gribenikovskiy,49.5508,41.4310,Russia,RU,RUS,Rostovskaya Oblast’,Rostovskaya Oblast',RU-ROS,province,,10.5,,,4,Europe/Moscow,FALSE,1643363519
Nyan’kovo,Nyan'kovo,,57.0569,39.2637,Russia,RU,RUS,Yaroslavskaya Oblast’,Yaroslavskaya Oblast',RU-YAR,province,,22.2,,,4,Europe/Moscow,FALSE,1643445236
Nizhniy Reutets,Nizhniy Reutets,,51.3662,36.0303,Russia,RU,RUS,Kurskaya Oblast’,Kurskaya Oblast',RU-KRS,province,,13.8,,,4,Europe/Moscow,FALSE,1643585463
Bezdelovo,Bezdelovo,,57.0135,42.9459,Russia,RU,RUS,Ivanovskaya Oblast’,Ivanovskaya Oblast',RU-IVA,province,,18.2,,,4,Europe/Moscow,FALSE,1643475779
Orly,Orly,,52.4606,37.1896,Russia,RU,RUS,Orlovskaya Oblast’,Orlovskaya Oblast',RU-ORL,province,,9.4,,,5,Europe/Moscow,FALSE,1643938800
Chernëvo,Chernevo,,57.0152,36.9459,Russia,RU,RUS,Tverskaya Oblast’,Tverskaya Oblast',RU-TVE,province,,33.1,,,4,Europe/Moscow,FALSE,1643753762
Chernëvo,Chernevo,,56.1633,35.1781,Russia,RU,RUS,Tverskaya Oblast’,Tverskaya Oblast',RU-TVE,province,,7.3,,,5,Europe/Moscow,TRUE,1643452356
Chernëvo,Chernevo,,57.1329,35.2259,Russia,RU,RUS,Tverskaya Oblast’,Tverskaya Oblast',RU-TVE,province,,6.5,,,5,Europe/Moscow,TRUE,1643880103
Chernëvo,Chernevo,,57.1091,36.0106,Russia,RU,RUS,Tverskaya Oblast’,Tverskaya Oblast',RU-TVE,province,,4.4,,,5,Europe/Moscow,TRUE,1643566293
Chernëvo,Chernevo,,56.6728,32.3077,Russia,RU,RUS,Tverskaya Oblast’,Tverskaya Oblast',RU-TVE,province,,4.1,,,5,Europe/Moscow,TRUE,1643240231
Chernevo,Chernevo,,58.2279,36.9524,Russia,RU,RUS,Tverskaya Oblast’,Tverskaya Oblast',RU-TVE,province,,4.0,,,5,Europe/Moscow,TRUE,1643729630
Khislavichi,Khislavichi,Khoslavichi,54.1833,32.1500,Russia,RU,RUS,Smolenskaya Oblast’,Smolenskaya Oblast',RU-SMO,province,minor,7.1,,,3,Europe/Moscow,FALSE,1643009004
Kerenka,Kerenka,,53.6201,46.0081,Russia,RU,RUS,Penzenskaya Oblast’,Penzenskaya Oblast',RU-PNZ,province,,12.9,,,4,Europe/Moscow,FALSE,1643919152
Kerenka,Kerenka,,53.4582,44.7380,Russia,RU,RUS,Penzenskaya Oblast’,Penzenskaya Oblast',RU-PNZ,province,,11.9,,,4,Europe/Moscow,TRUE,1643583502
Monarëvo,Monarevo,,57.2215,38.4147,Russia,RU,RUS,Yaroslavskaya Oblast’,Yaroslavskaya Oblast',RU-YAR,province,,15.9,,,4,Europe/Moscow,FALSE,1643863526
Monarëvo,Monarevo,,57.5642,38.2337,Russia,RU,RUS,Yaroslavskaya Oblast’,Yaroslavskaya Oblast',RU-YAR,province,,15.9,,,4,Europe/Moscow,TRUE,1643017626
Stepnoy,Stepnoy,Zadniy Most,53.0208,33.0734,Russia,RU,RUS,Bryanskaya Oblast’,Bryanskaya Oblast',RU-BRY,province,,16.3,,,4,Europe/Moscow,FALSE,1643165747
Stepnoy,Stepnoy,,52.3692,32.3681,Russia,RU,RUS,Bryanskaya Oblast’,Bryanskaya Oblast',RU-BRY,province,,9.3,,,5,Europe/Moscow,TRUE,1643942453
Kuzminskoye,Kuzminskoye,,61.8595,33.9783,Russia,RU,RUS,Kareliya,Kareliya,RU-KR,republic,,2.7,,,5,Europe/Moscow,FALSE,1643840546
Maloye Gorodishche,Maloye Gorodishche,,57.2642,30.4727,Russia,RU,RUS,Pskovskaya Oblast’,Pskovskaya Oblast',RU-PSK,province,,3.3,,,5,Europe/Moscow,FALSE,1643056763
Mayskiy,Mayskiy,,68.9724,173.7097,Russia,RU,RUS,Chukotskiy Avtonomnyy Okrug,Chukotskiy Avtonomnyy Okrug,RU-CHU,autonomous region,,0.1,,,5,Asia/Anadyr,FALSE,1643006649
Koygory,Koygory,Koigola,57.2562,40.8526,Russia,RU,RUS,Ivanovskaya Oblast’,Ivanovskaya Oblast',RU-IVA,province,,51.2,,,4,Europe/Moscow,FALSE,1643311769
Suvory,Suvory,Suvorog,56.5413,62.3318,Russia,RU,RUS,Sverdlovskaya Oblast’,Sverdlovskaya Oblast',RU-SVE,province,,30.3,,,4,Asia/Yekaterinburg,FALSE,1643420051
Ustinovka,Ustinovka,,57.2500,58.7000,Russia,RU,RUS,Sverdlovskaya Oblast’,Sverdlovskaya Oblast',RU-SVE,province,,4.6,,,5,Asia/Yekaterinburg,FALSE,1643019694
Ustinovka,Ustinovka,,57.8648,63.4092,Russia,RU,RUS,Sverdlovskaya Oblast’,Sverdlovskaya Oblast',RU-SVE,province,,3.2,,,5,Asia/Yekaterinburg,TRUE,1643019693
Anokhovo,Anokhovo,Annokhovo,55.1333,33.2000,Russia,RU,RUS,Smolenskaya Oblast’,Smolenskaya Oblast',RU-SMO,province,,25.3,,,4,Europe/Moscow,FALSE,1643966401
Olen’yevskiy,Olen'yevskiy,,50.1062,42.2842,Russia,RU,RUS,Volgogradskaya Oblast’,Volgogradskaya Oblast',RU-VGG,province,,7.6,,,5,Europe/Volgograd,FALSE,1643101049
Spornoye,Spornoye,Nizhne-Spornoye,55.1411,65.8097,Russia,RU,RUS,Kurganskaya Oblast’,Kurganskaya Oblast',RU-KGN,province,,6.0,,,5,Asia/Yekaterinburg,FALSE,1643031279
Morozov,Morozov,,48.3167,45.1667,Russia,RU,RUS,Astrakhanskaya Oblast’,Astrakhanskaya Oblast',RU-AST,province,,5.2,,,5,Europe/Astrakhan,FALSE,1643192081
Inkuchimakhi,Inkuchimakhi,,42.3333,47.1667,Russia,RU,RUS,Dagestan,Dagestan,RU-DA,republic,,102.0,,,3,Europe/Moscow,FALSE,1643433377
Novoslobodsk,Novoslobodsk,,53.9667,34.8167,Russia,RU,RUS,Kaluzhskaya Oblast’,Kaluzhskaya Oblast',RU-KLU,province,,12.6,,,4,Europe/Moscow,FALSE,1643493934
Burlachanskiy,Burlachanskiy,,46.6350,39.5636,Russia,RU,RUS,Krasnodarskiy Kray,Krasnodarskiy Kray,RU-KDA,district,,29.3,,,4,Europe/Moscow,FALSE,1643354234
Kurovka,Kurovka,,57.7373,30.1723,Russia,RU,RUS,Pskovskaya Oblast’,Pskovskaya Oblast',RU-PSK,province,,9.6,,,5,Europe/Moscow,FALSE,1643975828
Gaglovo,Gaglovo,,58.5433,27.8626,Russia,RU,RUS,Pskovskaya Oblast’,Pskovskaya Oblast',RU-PSK,province,,3.2,,,5,Europe/Moscow,FALSE,1643691901
Izrakino,Izrakino,,56.3908,30.1003,Russia,RU,RUS,Pskovskaya Oblast’,Pskovskaya Oblast',RU-PSK,province,,8.0,,,5,Europe/Moscow,FALSE,1643848365
Tanino,Tanino,,54.1315,36.8153,Russia,RU,RUS,Tul’skaya Oblast’,Tul'skaya Oblast',RU-TUL,province,,16.7,,,4,Europe/Moscow,FALSE,1643845312
Kukina Gora,Kukina Gora,,60.0936,36.9770,Russia,RU,RUS,Vologodskaya Oblast’,Vologodskaya Oblast',RU-VLG,province,,3.1,,,5,Europe/Moscow,FALSE,1643011367
Kleshno,Kleshno,,58.5167,30.5333,Russia,RU,RUS,Novgorodskaya Oblast’,Novgorodskaya Oblast',RU-NGR,province,,3.5,,,5,Europe/Moscow,FALSE,1643445417
Zinëvka,Zinevka,,53.4575,46.2422,Russia,RU,RUS,Penzenskaya Oblast’,Penzenskaya Oblast',RU-PNZ,province,,10.4,,,4,Europe/Moscow,FALSE,1643929551
Shornovo,Shornovo,,56.5492,36.5142,Russia,RU,RUS,Tverskaya Oblast’,Tverskaya Oblast',RU-TVE,province,,33.1,,,4,Europe/Moscow,FALSE,1643663902
Shornovo,Shornovo,,56.4477,35.0178,Russia,RU,RUS,Tverskaya Oblast’,Tverskaya Oblast',RU-TVE,province,,7.2,,,5,Europe/Moscow,TRUE,1643575001
Pecherniki,Pecherniki,Uspenskoye,54.1278,39.2581,Russia,RU,RUS,Ryazanskaya Oblast’,Ryazanskaya Oblast',RU-RYA,province,,17.9,,,4,Europe/Moscow,FALSE,1643103926
Yelmanova-Gorka,Yelmanova-Gorka,Gelmanova Gorka,57.8353,34.9775,Russia,RU,RUS,Tverskaya Oblast’,Tverskaya Oblast',RU-TVE,province,,3.5,,,5,Europe/Moscow,FALSE,1643014052
Nikolevskiy,Nikolevskiy,,52.1222,48.2018,Russia,RU,RUS,Saratovskaya Oblast’,Saratovskaya Oblast',RU-SAR,province,,69.2,,,4,Europe/Saratov,FALSE,1643036660
Safonova,Safonova,,53.0667,103.4667,Russia,RU,RUS,Irkutskaya Oblast’,Irkutskaya Oblast',RU-IRK,province,,5.4,,,5,Asia/Irkutsk,FALSE,1643843368
Susanino,Susanino,,59.4906,30.3544,Russia,RU,RUS,Leningradskaya Oblast’,Leningradskaya Oblast',RU-LEN,province,,83.8,,,4,Europe/Moscow,FALSE,1643098521
Pakhtusikha,Pakhtusikha,,57.9663,45.3077,Russia,RU,RUS,Nizhegorodskaya Oblast’,Nizhegorodskaya Oblast',RU-NIZ,province,,5.1,,,5,Europe/Moscow,FALSE,1643846874
Pakhtusikha,Pakhtusikha,,57.7892,45.6233,Russia,RU,RUS,Nizhegorodskaya Oblast’,Nizhegorodskaya Oblast',RU-NIZ,province,,5.1,,,5,Europe/Moscow,TRUE,1643778770
Pospekhovo,Pospekhovo,,58.9889,46.7717,Russia,RU,RUS,Kostromskaya Oblast’,Kostromskaya Oblast',RU-KOS,province,,2.7,,,5,Europe/Moscow,FALSE,1643878435
Asanovo,Asanovo,,54.1329,35.1729,Russia,RU,RUS,Kaluzhskaya Oblast’,Kaluzhskaya Oblast',RU-KLU,province,,19.9,,,4,Europe/Moscow,FALSE,1643092498
Razvedka,Razvedka,,51.9333,85.2167,Russia,RU,RUS,Altayskiy Kray,Altayskiy Kray,RU-ALT,district,,6.7,,,5,Asia/Barnaul,FALSE,1643069725
Koshen’ga,Koshen'ga,,61.0739,42.8457,Russia,RU,RUS,Arkhangel’skaya Oblast’,Arkhangel'skaya Oblast',RU-ARK,province,,4.9,,,5,Europe/Moscow,FALSE,1643993144
Zagor’ye,Zagor'ye,,57.0239,38.3575,Russia,RU,RUS,Yaroslavskaya Oblast’,Yaroslavskaya Oblast',RU-YAR,province,,15.9,,,4,Europe/Moscow,FALSE,1643424348
Zagor’ye,Zagor'ye,,57.7464,38.6403,Russia,RU,RUS,Yaroslavskaya Oblast’,Yaroslavskaya Oblast',RU-YAR,province,,6.9,,,5,Europe/Moscow,TRUE,1643539566
Trushkino,Trushkino,Trushkina,54.0922,37.7574,Russia,RU,RUS,Tul’skaya Oblast’,Tul'skaya Oblast',RU-TUL,province,,68.6,,,4,Europe/Moscow,FALSE,1643165551
Muzalëvka,Muzalevka,,53.0718,35.3688,Russia,RU,RUS,Orlovskaya Oblast’,Orlovskaya Oblast',RU-ORL,province,,11.6,,,4,Europe/Moscow,FALSE,1643732952
Bol’shoye Drozdovo,Bol'shoye Drozdovo,,56.1779,28.7404,Russia,RU,RUS,Pskovskaya Oblast’,Pskovskaya Oblast',RU-PSK,province,,6.4,,,5,Europe/Moscow,FALSE,1643013416
Verkhnyaya Plavitsa,Verkhnyaya Plavitsa,Ryzhkovo,51.9167,40.2167,Russia,RU,RUS,Voronezhskaya Oblast’,Voronezhskaya Oblast',RU-VOR,province,,19.3,,,3,Europe/Moscow,FALSE,1643954471
Gromy,Gromy,,55.9009,102.9599,Russia,RU,RUS,Irkutskaya Oblast’,Irkutskaya Oblast',RU-IRK,province,,1.8,,,5,Asia/Irkutsk,FALSE,1643533025
Prosteyevo,Prosteyevo,,54.8384,33.9251,Russia,RU,RUS,Smolenskaya Oblast’,Smolenskaya Oblast',RU-SMO,province,,2.9,,,5,Europe/Moscow,FALSE,1643211580
Vertep,Vertep,,65.2944,53.1974,Russia,RU,RUS,Komi,Komi,RU-KO,republic,,0.9,,,5,Europe/Moscow,FALSE,1643372389
Karpikovo,Karpikovo,,58.1905,43.7898,Russia,RU,RUS,Kostromskaya Oblast’,Kostromskaya Oblast',RU-KOS,province,,4.7,,,5,Europe/Moscow,FALSE,1643204742
Verkhovskoye,Verkhovskoye,,58.3694,34.1082,Russia,RU,RUS,Novgorodskaya Oblast’,Novgorodskaya Oblast',RU-NGR,province,,19.8,,,4,Europe/Moscow,FALSE,1643369113
Yemeshino,Yemeshino,,58.3500,41.9000,Russia,RU,RUS,Kostromskaya Oblast’,Kostromskaya Oblast',RU-KOS,province,,2.8,,,5,Europe/Moscow,FALSE,1643011599
Neperovo,Neperovo,,62.1167,71.7000,Russia,RU,RUS,Khanty-Mansiyskiy Avtonomnyy Okrug-Yugra,Khanty-Mansiyskiy Avtonomnyy Okrug-Yugra,RU-KHM,autonomous region,,3.2,,,5,Asia/Yekaterinburg,FALSE,1643675104
Ramentsy,Ramentsy,,63.2782,34.3162,Russia,RU,RUS,Kareliya,Kareliya,RU-KR,republic,,4.2,,,5,Europe/Moscow,FALSE,1643037795
Smyk,Smyk,,56.7500,30.0562,Russia,RU,RUS,Pskovskaya Oblast’,Pskovskaya Oblast',RU-PSK,province,,3.7,,,5,Europe/Moscow,FALSE,1643103063
Kipriyanovka,Kipriyanovka,,64.3167,34.0833,Russia,RU,RUS,Kareliya,Kareliya,RU-KR,republic,,1.4,,,5,Europe/Moscow,FALSE,1643306292
Nasontov,Nasontov,Nosontov,48.0323,41.0296,Russia,RU,RUS,Rostovskaya Oblast’,Rostovskaya Oblast',RU-ROS,province,,37.3,,,4,Europe/Moscow,FALSE,1643085139
Khludnevo,Khludnevo,Khludneva,54.0715,34.9329,Russia,RU,RUS,Kaluzhskaya Oblast’,Kaluzhskaya Oblast',RU-KLU,province,,12.6,,,4,Europe/Moscow,FALSE,1643671950
Demishev,Demishev,Demishov,48.4587,40.9490,Russia,RU,RUS,Rostovskaya Oblast’,Rostovskaya Oblast',RU-ROS,province,,37.3,,,4,Europe/Moscow,FALSE,1643933482
Manyuki,Manyuki,,52.5824,32.0832,Russia,RU,RUS,Bryanskaya Oblast’,Bryanskaya Oblast',RU-BRY,province,,11.5,,,4,Europe/Moscow,FALSE,1643736152
Shavrinka,Shavrinka,,57.0191,31.5147,Russia,RU,RUS,Novgorodskaya Oblast’,Novgorodskaya Oblast',RU-NGR,province,,2.5,,,5,Europe/Moscow,FALSE,1643004038
Bol’shoye Kaban’ye,Bol'shoye Kaban'ye,Kaban’ye|Bol’shiye Kabaniye|Kabanskoye,55.7928,63.5250,Russia,RU,RUS,Kurganskaya Oblast’,Kurganskaya Oblast',RU-KGN,province,,5.9,,,4,Asia/Yekaterinburg,FALSE,1643017676
Muratovka,Muratovka,Muratovo,55.3067,45.2289,Russia,RU,RUS,Nizhegorodskaya Oblast’,Nizhegorodskaya Oblast',RU-NIZ,province,,10.9,,,4,Europe/Moscow,FALSE,1643885929
Lokosovo,Lokosovo,,57.4255,49.3171,Russia,RU,RUS,Kirovskaya Oblast’,Kirovskaya Oblast',RU-KIR,province,,5.7,,,5,Europe/Kirov,FALSE,1643058708
Chelyshevskiy,Chelyshevskiy,Chelyshev,50.8307,42.7998,Russia,RU,RUS,Volgogradskaya Oblast’,Volgogradskaya Oblast',RU-VGG,province,,11.7,,,4,Europe/Volgograd,FALSE,1643868425
Anushino,Anushino,Aunshin|Aunshino,57.2547,33.4542,Russia,RU,RUS,Tverskaya Oblast’,Tverskaya Oblast',RU-TVE,province,,7.7,,,5,Europe/Moscow,FALSE,1643142596
Zhanvil’,Zhanvil',,54.0187,31.8986,Russia,RU,RUS,Smolenskaya Oblast’,Smolenskaya Oblast',RU-SMO,province,,7.1,,,5,Europe/Moscow,FALSE,1643015074
Kavkola,Kavkola,Kavkoly,64.5880,40.4424,Russia,RU,RUS,Arkhangel’skaya Oblast’,Arkhangel'skaya Oblast',RU-ARK,province,,1.2,,,5,Europe/Moscow,FALSE,1643421077
Tochil’noye,Tochil'noye,Tochil’naya,59.7879,117.9890,Russia,RU,RUS,Sakha (Yakutiya),Sakha (Yakutiya),RU-SA,republic,,0.2,,,5,Asia/Yakutsk,FALSE,1643148847
Yurkino,Yurkino,,56.8243,43.1825,Russia,RU,RUS,Nizhegorodskaya Oblast’,Nizhegorodskaya Oblast',RU-NIZ,province,,24.8,,,4,Europe/Moscow,FALSE,1643737790
Yurkino,Yurkino,,56.0608,44.8484,Russia,RU,RUS,Nizhegorodskaya Oblast’,Nizhegorodskaya Oblast',RU-NIZ,province,,18.2,,,4,Europe/Moscow,TRUE,1643634625
Yurkino,Yurkino,,57.0441,43.1750,Russia,RU,RUS,Nizhegorodskaya Oblast’,Nizhegorodskaya Oblast',RU-NIZ,province,,7.7,,,5,Europe/Moscow,TRUE,1643474227
Malinovskiy,Malinovskiy,,52.4365,35.3966,Russia,RU,RUS,Orlovskaya Oblast’,Orlovskaya Oblast',RU-ORL,province,,8.9,,,5,Europe/Moscow,FALSE,1643723768
Inkino,Inkino,,57.1149,37.9798,Russia,RU,RUS,Tverskaya Oblast’,Tverskaya Oblast',RU-TVE,province,,10.1,,,4,Europe/Moscow,FALSE,1643678204
Portomoy,Portomoy,,58.3191,40.0445,Russia,RU,RUS,Yaroslavskaya Oblast’,Yaroslavskaya Oblast',RU-YAR,province,,4.6,,,5,Europe/Moscow,FALSE,1643276884
Krasnen’koye,Krasnen'koye,,53.3872,86.5699,Russia,RU,RUS,Altayskiy Kray,Altayskiy Kray,RU-ALT,district,,3.0,,,5,Asia/Barnaul,FALSE,1643187236
Kukarkino,Kukarkino,,57.2887,34.4357,Russia,RU,RUS,Tverskaya Oblast’,Tverskaya Oblast',RU-TVE,province,,7.1,,,5,Europe/Moscow,FALSE,1643329820
Borovaya Pustosh’,Borovaya Pustosh',,60.8114,41.7108,Russia,RU,RUS,Vologodskaya Oblast’,Vologodskaya Oblast',RU-VLG,province,,3.0,,,5,Europe/Moscow,FALSE,1643844439
Argamach,Argamach,,56.7251,47.3377,Russia,RU,RUS,Mariy-El,Mariy-El,RU-ME,republic,,23.0,,,4,Europe/Moscow,FALSE,1643033841
Voronetskaya,Voronetskaya,Voronetskoye,54.7297,76.3137,Russia,RU,RUS,Novosibirskaya Oblast’,Novosibirskaya Oblast',RU-NVS,province,,3.7,,,5,Asia/Novosibirsk,FALSE,1643770940
Mutuguy,Mutuguy,,61.0000,132.3333,Russia,RU,RUS,Sakha (Yakutiya),Sakha (Yakutiya),RU-SA,republic,,0.6,,,5,Asia/Yakutsk,FALSE,1643926598
Verkhnyaya Gortsa,Verkhnyaya Gortsa,Verkhnyaya Gartsa,58.7664,49.5087,Russia,RU,RUS,Kirovskaya Oblast’,Kirovskaya Oblast',RU-KIR,province,,5.8,,,5,Europe/Kirov,FALSE,1643792131
Peschanka,Peschanka,,52.5667,44.4013,Russia,RU,RUS,Penzenskaya Oblast’,Penzenskaya Oblast',RU-PNZ,province,,29.6,,,4,Europe/Moscow,FALSE,1643181436
Peschanka,Peschanka,,53.5020,45.7901,Russia,RU,RUS,Penzenskaya Oblast’,Penzenskaya Oblast',RU-PNZ,province,,24.1,,,4,Europe/Moscow,TRUE,1643369567
Peschanka,Peschanka,,53.5873,44.5396,Russia,RU,RUS,Penzenskaya Oblast’,Penzenskaya Oblast',RU-PNZ,province,,11.9,,,4,Europe/Moscow,TRUE,1643407438
Peschanka,Peschanka,,53.0309,45.5783,Russia,RU,RUS,Penzenskaya Oblast’,Penzenskaya Oblast',RU-PNZ,province,,10.9,,,4,Europe/Moscow,TRUE,1643772721
Glin’kovo,Glin'kovo,,54.1914,34.1313,Russia,RU,RUS,Kaluzhskaya Oblast’,Kaluzhskaya Oblast',RU-KLU,province,,40.8,,,4,Europe/Moscow,FALSE,1643348565
Gor’kobalkovskiy,Gor'kobalkovskiy,Gor’ko-Balkovskiy,44.5000,44.4667,Russia,RU,RUS,Stavropol’skiy Kray,Stavropol'skiy Kray,RU-STA,district,,18.0,,,4,Europe/Moscow,FALSE,1643264936
Pershina,Pershina,Pershino,57.2622,62.6397,Russia,RU,RUS,Sverdlovskaya Oblast’,Sverdlovskaya Oblast',RU-SVE,province,,6.1,,,5,Asia/Yekaterinburg,FALSE,1643904452
Kolyshkino,Kolyshkino,Kolyshkina,57.2540,28.0049,Russia,RU,RUS,Pskovskaya Oblast’,Pskovskaya Oblast',RU-PSK,province,,9.3,,,5,Europe/Moscow,FALSE,1643995980
Bezymyannyy,Bezymyannyy,,55.9933,90.3217,Russia,RU,RUS,Krasnoyarskiy Kray,Krasnoyarskiy Kray,RU-KYA,district,,5.3,,,5,Asia/Krasnoyarsk,FALSE,1643021900
Griboyedova,Griboyedova,,53.5700,38.8667,Russia,RU,RUS,Tul’skaya Oblast’,Tul'skaya Oblast',RU-TUL,province,,10.3,,,4,Europe/Moscow,FALSE,1643117665
Kyruv,Kyruv,,62.1464,50.3737,Russia,RU,RUS,Komi,Komi,RU-KO,republic,,5.4,,,5,Europe/Moscow,FALSE,1643884022
Kommuna Imeni Lenina,Kommuna Imeni Lenina,,47.6795,40.4884,Russia,RU,RUS,Rostovskaya Oblast’,Rostovskaya Oblast',RU-ROS,province,,35.9,,,4,Europe/Moscow,FALSE,1643020482
Zholobova-Sloboda,Zholobova-Sloboda,,54.4743,40.4340,Russia,RU,RUS,Ryazanskaya Oblast’,Ryazanskaya Oblast',RU-RYA,province,,10.5,,,4,Europe/Moscow,FALSE,1643216382
Podvoloshino,Podvoloshino,Podvolochnoye|Podvolshino,58.2517,108.4239,Russia,RU,RUS,Irkutskaya Oblast’,Irkutskaya Oblast',RU-IRK,province,,0.0,,,5,Asia/Irkutsk,FALSE,1643174242
Viski,Viski,,57.7880,27.9418,Russia,RU,RUS,Pskovskaya Oblast’,Pskovskaya Oblast',RU-PSK,province,,15.7,,,4,Europe/Moscow,FALSE,1643004586
Chilipsi,Chilipsi,,44.2842,39.2250,Russia,RU,RUS,Krasnodarskiy Kray,Krasnodarskiy Kray,RU-KDA,district,,55.1,,,4,Europe/Moscow,FALSE,1643297404
Krasnitsa,Krasnitsa,,55.3833,32.8167,Russia,RU,RUS,Smolenskaya Oblast’,Smolenskaya Oblast',RU-SMO,province,,32.1,,,4,Europe/Moscow,FALSE,1643631462
Oran-Bulg,Oran-Bulg,,46.0947,44.4549,Russia,RU,RUS,Kalmykiya,Kalmykiya,RU-KL,republic,,1.8,,,5,Europe/Moscow,FALSE,1643532406
Krapivka,Krapivka,,54.0691,85.2619,Russia,RU,RUS,Altayskiy Kray,Altayskiy Kray,RU-ALT,district,,3.6,,,5,Asia/Barnaul,FALSE,1643681386
Soloveyka,Soloveyka,,55.4493,43.7981,Russia,RU,RUS,Nizhegorodskaya Oblast’,Nizhegorodskaya Oblast',RU-NIZ,province,,20.2,,,4,Europe/Moscow,FALSE,1643720407
Sebla,Sebla,,58.4452,37.6288,Russia,RU,RUS,Tverskaya Oblast’,Tverskaya Oblast',RU-TVE,province,,5.0,,,5,Europe/Moscow,FALSE,1643909900
Tyumenkino,Tyumenkino,Tyumenina,54.7833,82.7667,Russia,RU,RUS,Novosibirskaya Oblast’,Novosibirskaya Oblast',RU-NVS,province,,48.6,,,4,Asia/Novosibirsk,FALSE,1643012501
Lomovitsy,Lomovitsy,,56.0900,86.4283,Russia,RU,RUS,Kemerovskaya Oblast’,Kemerovskaya Oblast',RU-KEM,province,,7.1,,,5,Asia/Novokuznetsk,FALSE,1643104135
Reutovo,Reutovo,,56.1797,42.3762,Russia,RU,RUS,Vladimirskaya Oblast’,Vladimirskaya Oblast',RU-VLA,province,,34.2,,,4,Europe/Moscow,FALSE,1643363202
Yazhma,Yazhma,Yamzha|Staraya Yamzha Nenetskaya,66.9091,44.5333,Russia,RU,RUS,Nenetskiy Avtonomnyy Okrug,Nenetskiy Avtonomnyy Okrug,RU-NEN,autonomous region,,0.1,,,5,Europe/Moscow,FALSE,1643503728
Romanovka,Romanovka,,50.3667,40.1167,Russia,RU,RUS,Voronezhskaya Oblast’,Voronezhskaya Oblast',RU-VOR,province,,29.9,,,4,Europe/Moscow,FALSE,1643785725
Romanovka,Romanovka,,51.3606,40.1269,Russia,RU,RUS,Voronezhskaya Oblast’,Voronezhskaya Oblast',RU-VOR,province,,21.1,,,4,Europe/Moscow,TRUE,1643600864
Napoyev,Napoyev,,48.2992,44.4586,Russia,RU,RUS,Volgogradskaya Oblast’,Volgogradskaya Oblast',RU-VGG,province,,11.9,,,4,Europe/Volgograd,FALSE,1643859617
Yasnoye,Yasnoye,Kaukehmen|Kaukemen|Jasnoe|Kuckerneese,55.1735,21.5433,Russia,RU,RUS,Kaliningradskaya Oblast’,Kaliningradskaya Oblast',RU-KGD,province,,15.3,,,4,Europe/Kaliningrad,FALSE,1643615036
Imeni Kominterna,Imeni Kominterna,,54.3333,32.5500,Russia,RU,RUS,Smolenskaya Oblast’,Smolenskaya Oblast',RU-SMO,province,,12.1,,,4,Europe/Moscow,FALSE,1643162470
Murashkino,Murashkino,Maloye Murashkino,55.7500,44.8167,Russia,RU,RUS,Nizhegorodskaya Oblast’,Nizhegorodskaya Oblast',RU-NIZ,province,,14.8,,,4,Europe/Moscow,FALSE,1643373849
Akim-Sergeyevka,Akim-Sergeyevka,,54.0476,42.8927,Russia,RU,RUS,Mordoviya,Mordoviya,RU-MO,republic,,20.2,,,4,Europe/Moscow,FALSE,1643067986
Voznesenskiy,Voznesenskiy,,53.1039,37.7744,Russia,RU,RUS,Tul’skaya Oblast’,Tul'skaya Oblast',RU-TUL,province,,11.1,,,4,Europe/Moscow,FALSE,1643369860
Tinyakovo,Tinyakovo,,55.0748,36.3153,Russia,RU,RUS,Kaluzhskaya Oblast’,Kaluzhskaya Oblast',RU-KLU,province,,33.9,,,4,Europe/Moscow,FALSE,1643555178
Bezvodnoye,Bezvodnoye,,54.7528,46.0788,Russia,RU,RUS,Mordoviya,Mordoviya,RU-MO,republic,,23.0,,,4,Europe/Moscow,FALSE,1643091391
Balanov,Balanov,,47.6749,44.3748,Russia,RU,RUS,Kalmykiya,Kalmykiya,RU-KL,republic,,3.6,,,5,Europe/Moscow,FALSE,1643876122
Inskaya,Inskaya,,54.9560,83.1143,Russia,RU,RUS,Novosibirskaya Oblast’,Novosibirskaya Oblast',RU-NVS,province,,3064.0,,,2,Asia/Novosibirsk,FALSE,1643763841
Artel’nog,Artel'nog,,61.3389,92.9836,Russia,RU,RUS,Krasnoyarskiy Kray,Krasnoyarskiy Kray,RU-KYA,district,,0.0,,,5,Asia/Krasnoyarsk,FALSE,1643857349
Krasnogorka,Krasnogorka,Skuchikha,55.0500,46.1667,Russia,RU,RUS,Chuvashiya,Chuvashiya,RU-CU,republic,,12.0,,,4,Europe/Moscow,FALSE,1643769733
Gok,Gok,,45.9879,41.5577,Russia,RU,RUS,Rostovskaya Oblast’,Rostovskaya Oblast',RU-ROS,province,,16.5,,,4,Europe/Moscow,FALSE,1643018252
Voronovo,Voronovo,,55.9601,47.5909,Russia,RU,RUS,Chuvashiya,Chuvashiya,RU-CU,republic,,45.5,,,4,Europe/Moscow,FALSE,1643721771
Kandry-Tyumekeyevo,Kandry-Tyumekeyevo,,54.4809,54.0584,Russia,RU,RUS,Bashkortostan,Bashkortostan,RU-BA,republic,,55.5,,,4,Asia/Yekaterinburg,FALSE,1643020043
Sheino,Sheino,,57.5458,37.9161,Russia,RU,RUS,Yaroslavskaya Oblast’,Yaroslavskaya Oblast',RU-YAR,province,,15.9,,,4,Europe/Moscow,FALSE,1643003484
Legostayevo,Legostayevo,,54.6386,83.8237,Russia,RU,RUS,Novosibirskaya Oblast’,Novosibirskaya Oblast',RU-NVS,province,,14.7,,,4,Asia/Novosibirsk,FALSE,1643509310
Makarovo,Makarovo,Makarova,57.8114,33.8428,Russia,RU,RUS,Tverskaya Oblast’,Tverskaya Oblast',RU-TVE,province,,15.1,,,4,Europe/Moscow,FALSE,1643985999
Makarovo,Makarovo,,56.9667,36.7167,Russia,RU,RUS,Tverskaya Oblast’,Tverskaya Oblast',RU-TVE,province,,11.0,,,4,Europe/Moscow,TRUE,1643096445
Makarovo,Makarovo,Makarino,58.6771,36.8919,Russia,RU,RUS,Tverskaya Oblast’,Tverskaya Oblast',RU-TVE,province,,6.1,,,5,Europe/Moscow,TRUE,1643064017
Makarovo,Makarovo,,56.3542,33.3229,Russia,RU,RUS,Tverskaya Oblast’,Tverskaya Oblast',RU-TVE,province,,4.3,,,5,Europe/Moscow,TRUE,1643133135
Makarovo,Makarovo,,56.1105,33.9229,Russia,RU,RUS,Tverskaya Oblast’,Tverskaya Oblast',RU-TVE,province,,4.1,,,5,Europe/Moscow,TRUE,1643201691
Makarovo,Makarovo,,56.6014,33.9597,Russia,RU,RUS,Tverskaya Oblast’,Tverskaya Oblast',RU-TVE,province,,4.1,,,5,Europe/Moscow,TRUE,1643593922
Makarovo,Makarovo,,56.7878,33.8073,Russia,RU,RUS,Tverskaya Oblast’,Tverskaya Oblast',RU-TVE,province,,3.7,,,5,Europe/Moscow,TRUE,1643014493
Makarovo,Makarovo,,56.7956,33.5455,Russia,RU,RUS,Tverskaya Oblast’,Tverskaya Oblast',RU-TVE,province,,3.7,,,5,Europe/Moscow,TRUE,1643653665
Makarovo,Makarovo,,58.0176,35.4004,Russia,RU,RUS,Tverskaya Oblast’,Tverskaya Oblast',RU-TVE,province,,3.5,,,5,Europe/Moscow,TRUE,1643917910
Makarovo,Makarovo,,56.6829,32.8838,Russia,RU,RUS,Tverskaya Oblast’,Tverskaya Oblast',RU-TVE,province,,2.7,,,5,Europe/Moscow,TRUE,1643082099
Veshkoma,Veshkoma,,64.4076,43.2031,Russia,RU,RUS,Arkhangel’skaya Oblast’,Arkhangel'skaya Oblast',RU-ARK,province,,0.8,,,5,Europe/Moscow,FALSE,1643204769
Lapino,Lapino,,53.8772,37.1276,Russia,RU,RUS,Tul’skaya Oblast’,Tul'skaya Oblast',RU-TUL,province,,69.9,,,4,Europe/Moscow,FALSE,1643927913
Podol’no,Podol'no,,58.3667,33.8667,Russia,RU,RUS,Novgorodskaya Oblast’,Novgorodskaya Oblast',RU-NGR,province,,19.8,,,4,Europe/Moscow,FALSE,1643964983
Truntaishevo,Truntaishevo,Truntaisheva,54.0833,54.7333,Russia,RU,RUS,Bashkortostan,Bashkortostan,RU-BA,republic,,18.1,,,3,Asia/Yekaterinburg,FALSE,1643667855
Duravino,Duravino,,59.0667,40.0500,Russia,RU,RUS,Vologodskaya Oblast’,Vologodskaya Oblast',RU-VLG,province,,10.4,,,4,Europe/Moscow,FALSE,1643224091
Duravino,Duravino,,59.8325,38.7852,Russia,RU,RUS,Vologodskaya Oblast’,Vologodskaya Oblast',RU-VLG,province,,2.9,,,5,Europe/Moscow,TRUE,1643360237
Vakhrushino,Vakhrushino,,58.5780,44.6252,Russia,RU,RUS,Kostromskaya Oblast’,Kostromskaya Oblast',RU-KOS,province,,1.7,,,5,Europe/Moscow,FALSE,1643009975
Kipino,Kipino,,57.4630,30.0088,Russia,RU,RUS,Pskovskaya Oblast’,Pskovskaya Oblast',RU-PSK,province,,5.9,,,5,Europe/Moscow,FALSE,1643952966
Avneporog,Avneporog,Aunekoski,65.0076,33.7521,Russia,RU,RUS,Kareliya,Kareliya,RU-KR,republic,,2.1,,,5,Europe/Moscow,FALSE,1643829003
Pervoye Gnezdilovo,Pervoye Gnezdilovo,Gnezdilovo Pervoye|Gnezdilovo,51.9468,35.5926,Russia,RU,RUS,Kurskaya Oblast’,Kurskaya Oblast',RU-KRS,province,,13.2,,,4,Europe/Moscow,FALSE,1643720369
Posëlok Shchëtkino,Poselok Shchetkino,,60.2194,47.4373,Russia,RU,RUS,Kirovskaya Oblast’,Kirovskaya Oblast',RU-KIR,province,,3.5,,,5,Europe/Kirov,FALSE,1643005833
Svetilnoye,Svetilnoye,Kamenushka|Svyatil’noye,51.9500,127.8333,Russia,RU,RUS,Amurskaya Oblast’,Amurskaya Oblast',RU-AMU,province,,0.4,,,3,Asia/Yakutsk,FALSE,1643249806
Romashonki,Romashonki,Romashenki,57.4084,49.0583,Russia,RU,RUS,Kirovskaya Oblast’,Kirovskaya Oblast',RU-KIR,province,,10.2,,,4,Europe/Kirov,FALSE,1643296847
Rakhtyn’ya,Rakhtyn'ya,Letniki Rakhtyn|Yurta Rakhtyn’ya,63.6833,61.8500,Russia,RU,RUS,Khanty-Mansiyskiy Avtonomnyy Okrug-Yugra,Khanty-Mansiyskiy Avtonomnyy Okrug-Yugra,RU-KHM,autonomous region,,3.2,,,5,Asia/Yekaterinburg,FALSE,1643394954
Novoye Pechayevo,Novoye Pechayevo,,51.8811,41.1778,Russia,RU,RUS,Tambovskaya Oblast’,Tambovskaya Oblast',RU-TAM,province,,11.2,,,4,Europe/Moscow,FALSE,1643998356
Dolganovo,Dolganovo,,56.5972,43.8395,Russia,RU,RUS,Nizhegorodskaya Oblast’,Nizhegorodskaya Oblast',RU-NIZ,province,,61.9,,,4,Europe/Moscow,FALSE,1643600149
Dolganovo,Dolganovo,,57.0169,43.5056,Russia,RU,RUS,Nizhegorodskaya Oblast’,Nizhegorodskaya Oblast',RU-NIZ,province,,7.7,,,5,Europe/Moscow,TRUE,1643005815
Iotovka,Iotovka,,51.1667,37.5833,Russia,RU,RUS,Belgorodskaya Oblast’,Belgorodskaya Oblast',RU-BEL,province,,82.0,,,4,Europe/Moscow,FALSE,1643793322
Zhiroma,Zhiroma,Zhiromo,57.3002,32.7034,Russia,RU,RUS,Tverskaya Oblast’,Tverskaya Oblast',RU-TVE,province,,7.7,,,5,Europe/Moscow,FALSE,1643900042
Khirino,Khirino,,55.2000,38.3000,Russia,RU,RUS,Moskovskaya Oblast’,Moskovskaya Oblast',RU-MOS,province,,76.8,,,4,Europe/Moscow,FALSE,1643308962
Stolbovo,Stolbovo,,59.2694,39.1759,Russia,RU,RUS,Vologodskaya Oblast’,Vologodskaya Oblast',RU-VLG,province,,10.4,,,4,Europe/Moscow,FALSE,1643323051
Zheludki,Zheludki,,58.0836,42.9878,Russia,RU,RUS,Kostromskaya Oblast’,Kostromskaya Oblast',RU-KOS,province,,2.6,,,5,Europe/Moscow,FALSE,1643205075
Kistenëvka,Kistenevka,,54.8619,20.6261,Russia,RU,RUS,Kaliningradskaya Oblast’,Kaliningradskaya Oblast',RU-KGD,province,,58.9,,,4,Europe/Kaliningrad,FALSE,1643006118
Osoyevka,Osoyevka,,55.9853,76.6781,Russia,RU,RUS,Novosibirskaya Oblast’,Novosibirskaya Oblast',RU-NVS,province,,3.2,,,5,Asia/Novosibirsk,FALSE,1643152322
Mikhaylovskiy,Mikhaylovskiy,,53.6659,101.7503,Russia,RU,RUS,Irkutskaya Oblast’,Irkutskaya Oblast',RU-IRK,province,,1.8,,,5,Asia/Irkutsk,FALSE,1643835544
Mikhaylovskiy,Mikhaylovskiy,,57.9167,114.1667,Russia,RU,RUS,Irkutskaya Oblast’,Irkutskaya Oblast',RU-IRK,province,,0.2,,,5,Asia/Irkutsk,TRUE,1643093949
Ryzhëvo,Ryzhevo,,55.4403,39.1094,Russia,RU,RUS,Moskovskaya Oblast’,Moskovskaya Oblast',RU-MOS,province,,66.4,,,4,Europe/Moscow,FALSE,1643722975
Kondrat’yeva,Kondrat'yeva,,61.8833,109.4333,Russia,RU,RUS,Irkutskaya Oblast’,Irkutskaya Oblast',RU-IRK,province,,0.0,,,5,Asia/Irkutsk,FALSE,1643234180
Sosnyagi,Sosnyagi,,58.0631,49.6579,Russia,RU,RUS,Kirovskaya Oblast’,Kirovskaya Oblast',RU-KIR,province,,3.9,,,5,Europe/Kirov,FALSE,1643497154
Sosnyagi,Sosnyagi,,57.9000,50.7333,Russia,RU,RUS,Kirovskaya Oblast’,Kirovskaya Oblast',RU-KIR,province,,3.0,,,5,Europe/Kirov,TRUE,1643916723
Artel’ Vtoraya,Artel' Vtoraya,,52.2000,49.1667,Russia,RU,RUS,Saratovskaya Oblast’,Saratovskaya Oblast',RU-SAR,province,,6.8,,,5,Europe/Saratov,FALSE,1643697655
Pishchi,Pishchi,,58.8833,30.6333,Russia,RU,RUS,Leningradskaya Oblast’,Leningradskaya Oblast',RU-LEN,province,,14.3,,,4,Europe/Moscow,FALSE,1643013333
Borisovka,Borisovka,,57.7037,41.4933,Russia,RU,RUS,Kostromskaya Oblast’,Kostromskaya Oblast',RU-KOS,province,,17.6,,,4,Europe/Moscow,FALSE,1643222024
Ukdym,Ukdym,Uktym,61.7000,52.3500,Russia,RU,RUS,Komi,Komi,RU-KO,republic,,0.9,,,5,Europe/Moscow,FALSE,1643025972
Noviki,Noviki,,57.5022,30.1444,Russia,RU,RUS,Pskovskaya Oblast’,Pskovskaya Oblast',RU-PSK,province,,5.9,,,5,Europe/Moscow,FALSE,1643347446
Noviki,Noviki,,56.5010,29.0347,Russia,RU,RUS,Pskovskaya Oblast’,Pskovskaya Oblast',RU-PSK,province,,4.7,,,5,Europe/Moscow,TRUE,1643198745
Khaygas,Khaygas,,52.3000,100.2333,Russia,RU,RUS,Buryatiya,Buryatiya,RU-BU,republic,,0.2,,,5,Asia/Irkutsk,FALSE,1643041085
Vol’nyy,Vol'nyy,Yarta-Pervaya,45.9117,45.2228,Russia,RU,RUS,Kalmykiya,Kalmykiya,RU-KL,republic,,1.3,,,5,Europe/Moscow,FALSE,1643319430
Kandashbelyak,Kandashbelyak,,56.9294,48.8836,Russia,RU,RUS,Mariy-El,Mariy-El,RU-ME,republic,,17.8,,,4,Europe/Moscow,FALSE,1643777942
Yesukovskiy,Yesukovskiy,,54.8083,37.8175,Russia,RU,RUS,Tul’skaya Oblast’,Tul'skaya Oblast',RU-TUL,province,,21.9,,,4,Europe/Moscow,FALSE,1643208909
Utuzy,Utuzy,,57.5134,72.2544,Russia,RU,RUS,Omskaya Oblast’,Omskaya Oblast',RU-OMS,province,,1.5,,,5,Asia/Omsk,FALSE,1643177763
Gomzino,Gomzino,Gomvino,50.4955,36.1461,Russia,RU,RUS,Belgorodskaya Oblast’,Belgorodskaya Oblast',RU-BEL,province,,42.7,,,4,Europe/Moscow,FALSE,1643698302
Yaltunovo,Yaltunovo,,54.4747,39.8141,Russia,RU,RUS,Ryazanskaya Oblast’,Ryazanskaya Oblast',RU-RYA,province,,24.4,,,4,Europe/Moscow,FALSE,1643006340
Dotseng,Dotseng,,46.0420,43.5307,Russia,RU,RUS,Kalmykiya,Kalmykiya,RU-KL,republic,,4.0,,,5,Europe/Moscow,FALSE,1643281889
Volkovo,Volkovo,,54.6447,56.2066,Russia,RU,RUS,Bashkortostan,Bashkortostan,RU-BA,republic,,42.4,,,4,Asia/Yekaterinburg,TRUE,1643728140
Volkovo,Volkovo,,54.9128,56.2945,Russia,RU,RUS,Bashkortostan,Bashkortostan,RU-BA,republic,,42.4,,,4,Asia/Yekaterinburg,TRUE,1643006753
Volkovo,Volkovo,,54.8955,55.6133,Russia,RU,RUS,Bashkortostan,Bashkortostan,RU-BA,republic,,42.4,,,4,Asia/Yekaterinburg,TRUE,1643293135
Volkovo,Volkovo,,54.2062,55.6904,Russia,RU,RUS,Bashkortostan,Bashkortostan,RU-BA,republic,,18.3,,,4,Asia/Yekaterinburg,TRUE,1643006754
Rechnoy,Rechnoy,,51.2198,59.7629,Russia,RU,RUS,Orenburgskaya Oblast’,Orenburgskaya Oblast',RU-ORE,province,,5.5,,,5,Asia/Yekaterinburg,FALSE,1643625601
Rechnoy,Rechnoy,,51.8368,59.4291,Russia,RU,RUS,Orenburgskaya Oblast’,Orenburgskaya Oblast',RU-ORE,province,,3.7,,,5,Asia/Yekaterinburg,TRUE,1643659123
Andrynki,Andrynki,,52.7217,34.9015,Russia,RU,RUS,Bryanskaya Oblast’,Bryanskaya Oblast',RU-BRY,province,,16.3,,,4,Europe/Moscow,FALSE,1643081262
Sosnovyy Bor,Sosnovyy Bor,Baykalov,59.7500,118.0667,Russia,RU,RUS,Sakha (Yakutiya),Sakha (Yakutiya),RU-SA,republic,,0.2,,,5,Asia/Yakutsk,FALSE,1643222087
Fanagoriyskoye,Fanagoriyskoye,,44.5156,39.1147,Russia,RU,RUS,Krasnodarskiy Kray,Krasnodarskiy Kray,RU-KDA,district,,33.5,,,4,Europe/Moscow,FALSE,1643564192
Kulebyaki,Kulebyaki,Kulyubanovka|Kolyubaki,52.7667,47.0833,Russia,RU,RUS,Ul’yanovskaya Oblast’,Ul'yanovskaya Oblast',RU-ULY,province,,13.7,,,4,Europe/Ulyanovsk,FALSE,1643057111
Sanikovo,Sanikovo,,55.9336,33.3727,Russia,RU,RUS,Tverskaya Oblast’,Tverskaya Oblast',RU-TVE,province,,4.3,,,5,Europe/Moscow,FALSE,1643463742
Kaipkulovo,Kaipkulovo,Naypkulovo,54.1077,59.0082,Russia,RU,RUS,Bashkortostan,Bashkortostan,RU-BA,republic,,16.2,,,4,Asia/Yekaterinburg,FALSE,1643620710
Kopylikha,Kopylikha,Kobylikha,56.5481,38.8006,Russia,RU,RUS,Vladimirskaya Oblast’,Vladimirskaya Oblast',RU-VLA,province,,39.2,,,4,Europe/Moscow,FALSE,1643338514
Krasnozorinskaya,Krasnozorinskaya,Kholopovka,52.1553,38.2720,Russia,RU,RUS,Lipetskaya Oblast’,Lipetskaya Oblast',RU-LIP,province,,18.6,,,4,Europe/Moscow,FALSE,1643013393
Vilyuneyskaya,Vilyuneyskaya,Vilyuneyskaya Kul’tbuza|Vilyuneyskay|Vilyuneyskaya Kul’tbaza|Vilyuneyskava Kul’tbuza,62.1667,175.2500,Russia,RU,RUS,Chukotskiy Avtonomnyy Okrug,Chukotskiy Avtonomnyy Okrug,RU-CHU,autonomous region,,0.0,,,4,Asia/Anadyr,FALSE,1643857575
Voskresen’ye,Voskresen'ye,,56.9815,43.3486,Russia,RU,RUS,Nizhegorodskaya Oblast’,Nizhegorodskaya Oblast',RU-NIZ,province,,7.7,,,5,Europe/Moscow,FALSE,1643479917
Krasnaya Strelitsa,Krasnaya Strelitsa,,51.8585,34.4877,Russia,RU,RUS,Kurskaya Oblast’,Kurskaya Oblast',RU-KRS,province,,8.5,,,5,Europe/Moscow,FALSE,1643247996
Konishchevo,Konishchevo,,59.1351,39.7852,Russia,RU,RUS,Vologodskaya Oblast’,Vologodskaya Oblast',RU-VLG,province,,10.4,,,4,Europe/Moscow,FALSE,1643110760
Litvinovo,Litvinovo,,56.8382,28.7614,Russia,RU,RUS,Pskovskaya Oblast’,Pskovskaya Oblast',RU-PSK,province,,8.0,,,5,Europe/Moscow,FALSE,1643285847
Litvinovo,Litvinovo,,56.6968,28.8090,Russia,RU,RUS,Pskovskaya Oblast’,Pskovskaya Oblast',RU-PSK,province,,8.0,,,5,Europe/Moscow,TRUE,1643595699
Litvinovo,Litvinovo,,56.4496,28.9070,Russia,RU,RUS,Pskovskaya Oblast’,Pskovskaya Oblast',RU-PSK,province,,6.4,,,5,Europe/Moscow,TRUE,1643294901
Litvinovo,Litvinovo,,56.1043,28.8601,Russia,RU,RUS,Pskovskaya Oblast’,Pskovskaya Oblast',RU-PSK,province,,6.4,,,5,Europe/Moscow,TRUE,1643423931
Litvinovo,Litvinovo,,56.2565,28.4262,Russia,RU,RUS,Pskovskaya Oblast’,Pskovskaya Oblast',RU-PSK,province,,6.4,,,5,Europe/Moscow,TRUE,1643176056
Sergiyevskoye,Sergiyevskoye,Sergeyevskoye|Sergiyevka,45.9686,47.6199,Russia,RU,RUS,Astrakhanskaya Oblast’,Astrakhanskaya Oblast',RU-AST,province,,35.7,,,4,Europe/Astrakhan,FALSE,1643545332
Malaya Yashcherka,Malaya Yashcherka,Sipilovka,52.0556,41.4031,Russia,RU,RUS,Tambovskaya Oblast’,Tambovskaya Oblast',RU-TAM,province,,11.2,,,4,Europe/Moscow,FALSE,1643309649
Oshchepkovo,Oshchepkovo,,58.4359,41.3145,Russia,RU,RUS,Kostromskaya Oblast’,Kostromskaya Oblast',RU-KOS,province,,3.2,,,5,Europe/Moscow,FALSE,1643140761
Oshchepkovo,Oshchepkovo,,58.9982,46.8189,Russia,RU,RUS,Kostromskaya Oblast’,Kostromskaya Oblast',RU-KOS,province,,2.7,,,5,Europe/Moscow,TRUE,1643898450
Kalidova,Kalidova,,56.1333,31.1333,Russia,RU,RUS,Pskovskaya Oblast’,Pskovskaya Oblast',RU-PSK,province,,3.6,,,5,Europe/Moscow,FALSE,1643453647
Chernoguzov,Chernoguzov,,48.6000,46.4167,Russia,RU,RUS,Astrakhanskaya Oblast’,Astrakhanskaya Oblast',RU-AST,province,,13.1,,,4,Europe/Astrakhan,FALSE,1643551154
Karasi,Karasi,Karas’ya,54.0735,77.6552,Russia,RU,RUS,Novosibirskaya Oblast’,Novosibirskaya Oblast',RU-NVS,province,,5.1,,,5,Asia/Novosibirsk,FALSE,1643273982
Gorn,Gorn,,55.5461,84.0225,Russia,RU,RUS,Novosibirskaya Oblast’,Novosibirskaya Oblast',RU-NVS,province,,8.7,,,5,Asia/Novosibirsk,FALSE,1643095871
Mashinskiy,Mashinskiy,Mashinskoi,48.7371,42.2400,Russia,RU,RUS,Rostovskaya Oblast’,Rostovskaya Oblast',RU-ROS,province,,9.1,,,5,Europe/Moscow,FALSE,1643674104
Borzetsovo,Borzetsovo,,55.8269,36.2336,Russia,RU,RUS,Moskovskaya Oblast’,Moskovskaya Oblast',RU-MOS,province,,44.4,,,4,Europe/Moscow,FALSE,1643891450
Bimeri,Bimeri,,56.2570,50.1096,Russia,RU,RUS,Tatarstan,Tatarstan,RU-TA,republic,,28.2,,,4,Europe/Moscow,FALSE,1643791473
Bimeri,Bimeri,Bimeni,55.9894,49.3673,Russia,RU,RUS,Tatarstan,Tatarstan,RU-TA,republic,,27.5,,,4,Europe/Moscow,TRUE,1643701669
Kordon Ol’ginskiy,Kordon Ol'ginskiy,,56.8004,60.8500,Russia,RU,RUS,Sverdlovskaya Oblast’,Sverdlovskaya Oblast',RU-SVE,province,,1222.1,,,3,Asia/Yekaterinburg,FALSE,1643769637
Baysarovo,Baysarovo,Baysar,56.4750,54.6243,Russia,RU,RUS,Bashkortostan,Bashkortostan,RU-BA,republic,,22.0,,,4,Asia/Yekaterinburg,FALSE,1643565111
Pervoye Maya,Pervoye Maya,,51.2362,35.9472,Russia,RU,RUS,Kurskaya Oblast’,Kurskaya Oblast',RU-KRS,province,,27.2,,,4,Europe/Moscow,FALSE,1643109113
Pervoye Maya,Pervoye Maya,,52.3291,36.3317,Russia,RU,RUS,Kurskaya Oblast’,Kurskaya Oblast',RU-KRS,province,,15.5,,,4,Europe/Moscow,TRUE,1643080239
Novovysochenskiy,Novovysochenskiy,Novo-Vysochenskiye|Novo-Vysochenskoye,46.7838,39.4831,Russia,RU,RUS,Krasnodarskiy Kray,Krasnodarskiy Kray,RU-KDA,district,,29.3,,,4,Europe/Moscow,FALSE,1643752127
Malaya Strekalovka,Malaya Strekalovka,,54.0573,37.6571,Russia,RU,RUS,Tul’skaya Oblast’,Tul'skaya Oblast',RU-TUL,province,,42.8,,,4,Europe/Moscow,FALSE,1643415667
Lesnaya,Lesnaya,Maloye Razuvayevo|Razuvayevka|Bol’shoye Razuvayevo,52.9369,36.1765,Russia,RU,RUS,Orlovskaya Oblast’,Orlovskaya Oblast',RU-ORL,province,,50.6,,,4,Europe/Moscow,FALSE,1643533679
Tal’tsy,Tal'tsy,,51.9898,104.6734,Russia,RU,RUS,Irkutskaya Oblast’,Irkutskaya Oblast',RU-IRK,province,,8.7,,,5,Asia/Irkutsk,FALSE,1643321802
Zhuravli,Zhuravli,,57.2290,57.5280,Russia,RU,RUS,Permskiy Kray,Permskiy Kray,RU-PER,district,,11.1,,,4,Asia/Yekaterinburg,FALSE,1643009561
Dudino,Dudino,,57.7794,43.0908,Russia,RU,RUS,Kostromskaya Oblast’,Kostromskaya Oblast',RU-KOS,province,,3.4,,,5,Europe/Moscow,FALSE,1643940973
Dudino,Dudino,Zubarevo,58.7410,42.6222,Russia,RU,RUS,Kostromskaya Oblast’,Kostromskaya Oblast',RU-KOS,province,,2.8,,,5,Europe/Moscow,TRUE,1643675480
Preobrazhenskaya,Preobrazhenskaya,,59.5415,36.5435,Russia,RU,RUS,Vologodskaya Oblast’,Vologodskaya Oblast',RU-VLG,province,,5.0,,,5,Europe/Moscow,FALSE,1643098384
Melekhino,Melekhino,Malekhina,56.0508,68.5783,Russia,RU,RUS,Tyumenskaya Oblast’,Tyumenskaya Oblast',RU-TYU,province,,4.7,,,5,Asia/Yekaterinburg,FALSE,1643139174
Lekta,Lekta,,51.8961,34.9022,Russia,RU,RUS,Kurskaya Oblast’,Kurskaya Oblast',RU-KRS,province,,8.5,,,5,Europe/Moscow,FALSE,1643003156
Verkhnyaya Turka,Verkhnyaya Turka,,57.1934,56.0184,Russia,RU,RUS,Permskiy Kray,Permskiy Kray,RU-PER,district,,9.1,,,5,Asia/Yekaterinburg,FALSE,1643304968
Pridorozhnyy,Pridorozhnyy,Deyed-Khosh,47.0193,46.4560,Russia,RU,RUS,Kalmykiya,Kalmykiya,RU-KL,republic,,1.4,,,5,Europe/Moscow,FALSE,1643097764
Novo-Zelënyy,Novo-Zelenyy,Novy Zeleny,44.8206,39.3967,Russia,RU,RUS,Adygeya,Adygeya,RU-AD,republic,,37.1,,,4,Europe/Moscow,FALSE,1643019338
Nokhrino,Nokhrino,Nakhrino,57.7547,52.4784,Russia,RU,RUS,Udmurtiya,Udmurtiya,RU-UD,republic,,5.4,,,5,Europe/Samara,FALSE,1643727886
Pogorelki,Pogorelki,,57.4637,40.1613,Russia,RU,RUS,Yaroslavskaya Oblast’,Yaroslavskaya Oblast',RU-YAR,province,,25.2,,,4,Europe/Moscow,FALSE,1643871603
Pogorelki,Pogorelki,,58.0013,40.1559,Russia,RU,RUS,Yaroslavskaya Oblast’,Yaroslavskaya Oblast',RU-YAR,province,,10.9,,,4,Europe/Moscow,TRUE,1643780528
Pogorelki,Pogorelki,,57.8947,40.2860,Russia,RU,RUS,Yaroslavskaya Oblast’,Yaroslavskaya Oblast',RU-YAR,province,,10.9,,,4,Europe/Moscow,TRUE,1643206798
Pogorelki,Pogorelki,,57.7874,38.5148,Russia,RU,RUS,Yaroslavskaya Oblast’,Yaroslavskaya Oblast',RU-YAR,province,,8.9,,,5,Europe/Moscow,TRUE,1643487412
Pogorelki,Pogorelki,,57.7417,38.7036,Russia,RU,RUS,Yaroslavskaya Oblast’,Yaroslavskaya Oblast',RU-YAR,province,,6.9,,,5,Europe/Moscow,TRUE,1643333044
Pogorelki,Pogorelki,Pogorelka,57.5193,38.9961,Russia,RU,RUS,Yaroslavskaya Oblast’,Yaroslavskaya Oblast',RU-YAR,province,,6.2,,,5,Europe/Moscow,TRUE,1643120087
Beloshkino,Beloshkino,,56.6889,33.1500,Russia,RU,RUS,Tverskaya Oblast’,Tverskaya Oblast',RU-TVE,province,,3.7,,,5,Europe/Moscow,FALSE,1643946389
Kuznetsovo,Kuznetsovo,Kuznetsova,57.9443,41.2465,Russia,RU,RUS,Kostromskaya Oblast’,Kostromskaya Oblast',RU-KOS,province,,21.4,,,4,Europe/Moscow,FALSE,1643832684
Kuznetsovo,Kuznetsovo,,57.4879,41.3559,Russia,RU,RUS,Kostromskaya Oblast’,Kostromskaya Oblast',RU-KOS,province,,17.6,,,4,Europe/Moscow,TRUE,1643257239
Kuznetsovo,Kuznetsovo,,58.0248,43.6854,Russia,RU,RUS,Kostromskaya Oblast’,Kostromskaya Oblast',RU-KOS,province,,4.7,,,5,Europe/Moscow,TRUE,1643661758
Kuznetsovo,Kuznetsovo,,58.6333,41.8500,Russia,RU,RUS,Kostromskaya Oblast’,Kostromskaya Oblast',RU-KOS,province,,3.2,,,5,Europe/Moscow,TRUE,1643400492
Kuznetsovo,Kuznetsovo,,58.8273,41.3905,Russia,RU,RUS,Kostromskaya Oblast’,Kostromskaya Oblast',RU-KOS,province,,3.2,,,5,Europe/Moscow,TRUE,1643922038
Kuznetsovo,Kuznetsovo,Krovopuskovo,58.7500,42.6833,Russia,RU,RUS,Kostromskaya Oblast’,Kostromskaya Oblast',RU-KOS,province,,2.8,,,5,Europe/Moscow,TRUE,1643445288
Kuznetsovo,Kuznetsovo,Kravopuskovo|Krovopuskovo,58.8247,42.4458,Russia,RU,RUS,Kostromskaya Oblast’,Kostromskaya Oblast',RU-KOS,province,,2.8,,,5,Europe/Moscow,TRUE,1643593681
Kuznetsovo,Kuznetsovo,,58.6360,42.6407,Russia,RU,RUS,Kostromskaya Oblast’,Kostromskaya Oblast',RU-KOS,province,,2.8,,,5,Europe/Moscow,TRUE,1643898372
Kuznetsovo,Kuznetsovo,,58.5300,42.2862,Russia,RU,RUS,Kostromskaya Oblast’,Kostromskaya Oblast',RU-KOS,province,,2.8,,,5,Europe/Moscow,TRUE,1643329953
Kuznetsovo,Kuznetsovo,,59.1726,46.6831,Russia,RU,RUS,Kostromskaya Oblast’,Kostromskaya Oblast',RU-KOS,province,,2.7,,,5,Europe/Moscow,TRUE,1643562789
Kuznetsovo,Kuznetsovo,,59.0649,46.6686,Russia,RU,RUS,Kostromskaya Oblast’,Kostromskaya Oblast',RU-KOS,province,,2.7,,,5,Europe/Moscow,TRUE,1643411883
Kuznetsovo,Kuznetsovo,,58.4883,43.0978,Russia,RU,RUS,Kostromskaya Oblast’,Kostromskaya Oblast',RU-KOS,province,,2.6,,,5,Europe/Moscow,TRUE,1643075078
Kuznetsovo,Kuznetsovo,,58.3883,45.3633,Russia,RU,RUS,Kostromskaya Oblast’,Kostromskaya Oblast',RU-KOS,province,,2.3,,,5,Europe/Moscow,TRUE,1643680992
Muchkas,Muchkas,Muchdin|Muchkovskaya,64.0211,48.5178,Russia,RU,RUS,Komi,Komi,RU-KO,republic,,0.5,,,5,Europe/Moscow,FALSE,1643034756
Uk,Uk,,54.9426,57.2634,Russia,RU,RUS,Chelyabinskaya Oblast’,Chelyabinskaya Oblast',RU-CHE,province,,22.2,,,4,Asia/Yekaterinburg,FALSE,1643962546
Oleniy,Oleniy,,43.3523,132.2948,Russia,RU,RUS,Primorskiy Kray,Primorskiy Kray,RU-PRI,district,,203.5,,,3,Asia/Vladivostok,FALSE,1643680780
Ivishino,Ivishino,Iveshno|Ivishina,57.4167,36.5833,Russia,RU,RUS,Tverskaya Oblast’,Tverskaya Oblast',RU-TVE,province,,5.5,,,5,Europe/Moscow,FALSE,1643780056
Rodnaya,Rodnaya,Krivonogovo,57.9000,38.0667,Russia,RU,RUS,Yaroslavskaya Oblast’,Yaroslavskaya Oblast',RU-YAR,province,,7.5,,,5,Europe/Moscow,FALSE,1643592237
Vayya,Vayya,,59.6008,30.1583,Russia,RU,RUS,Leningradskaya Oblast’,Leningradskaya Oblast',RU-LEN,province,,83.8,,,4,Europe/Moscow,FALSE,1643750634
Irgey,Irgey,,54.5576,99.9989,Russia,RU,RUS,Irkutskaya Oblast’,Irkutskaya Oblast',RU-IRK,province,,1.3,,,5,Asia/Irkutsk,FALSE,1643015069
Terebety,Terebety,,50.3443,86.6887,Russia,RU,RUS,Altay,Altay,RU-AL,republic,,1.3,,,5,Asia/Barnaul,FALSE,1643429461
Aleksandrovka,Aleksandrovka,,56.6083,69.7413,Russia,RU,RUS,Tyumenskaya Oblast’,Tyumenskaya Oblast',RU-TYU,province,,4.0,,,5,Asia/Yekaterinburg,FALSE,1643523542
Aleksandrovka,Aleksandrovka,,57.1169,66.9451,Russia,RU,RUS,Tyumenskaya Oblast’,Tyumenskaya Oblast',RU-TYU,province,,3.9,,,5,Asia/Yekaterinburg,TRUE,1643010044
Aleksandrovka,Aleksandrovka,,57.5310,65.4917,Russia,RU,RUS,Tyumenskaya Oblast’,Tyumenskaya Oblast',RU-TYU,province,,3.5,,,5,Asia/Yekaterinburg,TRUE,1643360338
Aleksandrovka,Aleksandrovka,,55.2686,69.9490,Russia,RU,RUS,Tyumenskaya Oblast’,Tyumenskaya Oblast',RU-TYU,province,,3.3,,,5,Asia/Yekaterinburg,TRUE,1643950758
Aleksandrovka,Aleksandrovka,,56.8421,71.1968,Russia,RU,RUS,Tyumenskaya Oblast’,Tyumenskaya Oblast',RU-TYU,province,,3.0,,,5,Asia/Yekaterinburg,TRUE,1643515762
Aleksandrovka,Aleksandrovka,,58.0833,69.7000,Russia,RU,RUS,Tyumenskaya Oblast’,Tyumenskaya Oblast',RU-TYU,province,,1.4,,,5,Asia/Yekaterinburg,TRUE,1643450681
Ol’shanets,Ol'shanets,,52.1270,35.6498,Russia,RU,RUS,Kurskaya Oblast’,Kurskaya Oblast',RU-KRS,province,,15.0,,,4,Europe/Moscow,FALSE,1643011059
Yuktar,Yuktar,,51.9500,86.6333,Russia,RU,RUS,Altay,Altay,RU-AL,republic,,1.9,,,5,Asia/Barnaul,FALSE,1643496778
Ivanovo,Ivanovo,,59.6667,31.1000,Russia,RU,RUS,Leningradskaya Oblast’,Leningradskaya Oblast',RU-LEN,province,,59.5,,,4,Europe/Moscow,FALSE,1643970719
Ivanovo,Ivanovo,Pirkholanmyaki,60.5258,30.1897,Russia,RU,RUS,Leningradskaya Oblast’,Leningradskaya Oblast',RU-LEN,province,,18.0,,,4,Europe/Moscow,TRUE,1643854759
Ivanovo,Ivanovo,,59.8000,34.2500,Russia,RU,RUS,Leningradskaya Oblast’,Leningradskaya Oblast',RU-LEN,province,,11.4,,,4,Europe/Moscow,TRUE,1643882204
Sofonovskaya,Sofonovskaya,,62.8833,42.8000,Russia,RU,RUS,Arkhangel’skaya Oblast’,Arkhangel'skaya Oblast',RU-ARK,province,,1.2,,,5,Europe/Moscow,FALSE,1643984902
Chineyevo,Chineyevo,,55.4742,64.6467,Russia,RU,RUS,Kurganskaya Oblast’,Kurganskaya Oblast',RU-KGN,province,,7.2,,,5,Asia/Yekaterinburg,FALSE,1643641964
Novopal’tsevo,Novopal'tsevo,,52.1846,35.2187,Russia,RU,RUS,Kurskaya Oblast’,Kurskaya Oblast',RU-KRS,province,,12.8,,,4,Europe/Moscow,FALSE,1643548965
Cheremkhov Vtoroy,Cheremkhov Vtoroy,Cheremkov Vtoroy,49.9444,39.1643,Russia,RU,RUS,Belgorodskaya Oblast’,Belgorodskaya Oblast',RU-BEL,province,,18.4,,,4,Europe/Moscow,FALSE,1643669829
Zhgutovo,Zhgutovo,,57.1699,28.1797,Russia,RU,RUS,Pskovskaya Oblast’,Pskovskaya Oblast',RU-PSK,province,,11.0,,,4,Europe/Moscow,FALSE,1643407854
Ursay-Klyuch,Ursay-Klyuch,,54.7425,53.2009,Russia,RU,RUS,Tatarstan,Tatarstan,RU-TA,republic,,30.0,,,4,Europe/Moscow,FALSE,1643974445
Lermontovo,Lermontovo,,54.6019,22.0492,Russia,RU,RUS,Kaliningradskaya Oblast’,Kaliningradskaya Oblast',RU-KGD,province,,56.9,,,4,Europe/Kaliningrad,FALSE,1643947615
Lermontovo,Lermontovo,Wogau|Lermontova,54.4483,20.5793,Russia,RU,RUS,Kaliningradskaya Oblast’,Kaliningradskaya Oblast',RU-KGD,province,,30.7,,,4,Europe/Kaliningrad,TRUE,1643676817
Lermontovo,Lermontovo,,54.4792,21.6778,Russia,RU,RUS,Kaliningradskaya Oblast’,Kaliningradskaya Oblast',RU-KGD,province,,17.3,,,4,Europe/Kaliningrad,TRUE,1643960367
Gavan’,Gavan',,55.9418,97.6422,Russia,RU,RUS,Irkutskaya Oblast’,Irkutskaya Oblast',RU-IRK,province,,2.7,,,5,Asia/Irkutsk,FALSE,1643717869
Gavan’,Gavan',,54.4917,100.5278,Russia,RU,RUS,Irkutskaya Oblast’,Irkutskaya Oblast',RU-IRK,province,,1.8,,,5,Asia/Irkutsk,TRUE,1643451664
Bogorodskoye,Bogorodskoye,Shandasta,46.3437,43.8890,Russia,RU,RUS,Rostovskaya Oblast’,Rostovskaya Oblast',RU-ROS,province,,5.0,,,5,Europe/Moscow,FALSE,1643947991
Yelanskaya,Yelanskaya,,57.9509,70.3779,Russia,RU,RUS,Tyumenskaya Oblast’,Tyumenskaya Oblast',RU-TYU,province,,1.4,,,5,Asia/Yekaterinburg,FALSE,1643603916
Malyye Skurikhiny,Malyye Skurikhiny,,58.5528,48.6039,Russia,RU,RUS,Kirovskaya Oblast’,Kirovskaya Oblast',RU-KIR,province,,5.7,,,5,Europe/Kirov,FALSE,1643038204
Latyshovka,Latyshovka,Latyshëvka,53.9496,44.4039,Russia,RU,RUS,Mordoviya,Mordoviya,RU-MO,republic,,12.0,,,4,Europe/Moscow,FALSE,1643374353
Selo Leskovo,Selo Leskovo,,55.4667,39.3167,Russia,RU,RUS,Moskovskaya Oblast’,Moskovskaya Oblast',RU-MOS,province,,66.4,,,4,Europe/Moscow,FALSE,1643946308
Mikhaylovskaya,Mikhaylovskaya,,55.3397,39.7724,Russia,RU,RUS,Moskovskaya Oblast’,Moskovskaya Oblast',RU-MOS,province,,30.7,,,4,Europe/Moscow,TRUE,1643487633
Chulino,Chulino,Chulina,58.3967,64.7548,Russia,RU,RUS,Sverdlovskaya Oblast’,Sverdlovskaya Oblast',RU-SVE,province,,0.3,,,5,Asia/Yekaterinburg,FALSE,1643451500
Orochenskiye Klyuchi,Orochenskiye Klyuchi,,54.0833,121.9667,Russia,RU,RUS,Amurskaya Oblast’,Amurskaya Oblast',RU-AMU,province,,1.5,,,5,Asia/Yakutsk,FALSE,1643246662
Kaluga,Kaluga,Zabrodinskiy,56.5667,71.7000,Russia,RU,RUS,Omskaya Oblast’,Omskaya Oblast',RU-OMS,province,,3.1,,,5,Asia/Omsk,FALSE,1643705859
Matveyeva Sel’ga-Kirikova Gora,Matveyeva Sel'ga-Kirikova Gora,Kirikova Gora,61.3000,35.1667,Russia,RU,RUS,Kareliya,Kareliya,RU-KR,republic,,4.3,,,5,Europe/Moscow,FALSE,1643903783
Chakhlovka,Chakhlovka,,58.5536,47.3308,Russia,RU,RUS,Kirovskaya Oblast’,Kirovskaya Oblast',RU-KIR,province,,2.4,,,5,Europe/Kirov,FALSE,1643524083
Prudtsy,Prudtsy,,53.2500,37.7890,Russia,RU,RUS,Tul’skaya Oblast’,Tul'skaya Oblast',RU-TUL,province,,11.1,,,4,Europe/Moscow,FALSE,1643263582
Bortnikovo,Bortnikovo,,58.0965,41.9530,Russia,RU,RUS,Kostromskaya Oblast’,Kostromskaya Oblast',RU-KOS,province,,7.6,,,5,Europe/Moscow,FALSE,1643515885
Staroyamurzino,Staroyamurzino,Staroye Yamurzino,55.9393,55.8348,Russia,RU,RUS,Bashkortostan,Bashkortostan,RU-BA,republic,,13.5,,,4,Asia/Yekaterinburg,FALSE,1643316376
Solënoye Zaymishche,Solenoye Zaymishche,Solenoye Zaymishe,47.9167,46.1333,Russia,RU,RUS,Astrakhanskaya Oblast’,Astrakhanskaya Oblast',RU-AST,province,,5.2,,,3,Europe/Astrakhan,FALSE,1643956941
Lyavozero,Lyavozero,Lovozero,68.0833,36.0833,Russia,RU,RUS,Murmanskaya Oblast’,Murmanskaya Oblast',RU-MUR,province,,0.2,,,5,Europe/Moscow,FALSE,1643601752
Bol’shaya Bukhta,Bol'shaya Bukhta,,53.1167,140.4667,Russia,RU,RUS,Khabarovskiy Kray,Khabarovskiy Kray,RU-KHA,district,,1.9,,,5,Asia/Vladivostok,FALSE,1643106873
Gapisovo,Gapisovo,,56.3673,30.7844,Russia,RU,RUS,Pskovskaya Oblast’,Pskovskaya Oblast',RU-PSK,province,,6.3,,,5,Europe/Moscow,FALSE,1643790184
Kargino,Kargino,,58.7664,55.3763,Russia,RU,RUS,Permskiy Kray,Permskiy Kray,RU-PER,district,,6.8,,,5,Asia/Yekaterinburg,FALSE,1643971387
Raskatikha,Raskatikha,,54.7936,86.1281,Russia,RU,RUS,Kemerovskaya Oblast’,Kemerovskaya Oblast',RU-KEM,province,,41.8,,,4,Asia/Novokuznetsk,FALSE,1643315867
Mart’yanovo,Mart'yanovo,,58.3562,41.4363,Russia,RU,RUS,Kostromskaya Oblast’,Kostromskaya Oblast',RU-KOS,province,,3.2,,,5,Europe/Moscow,FALSE,1643836373
Mart’yanovo,Mart'yanovo,,58.9446,42.2484,Russia,RU,RUS,Kostromskaya Oblast’,Kostromskaya Oblast',RU-KOS,province,,2.9,,,5,Europe/Moscow,TRUE,1643225678
Mart’yanovo,Mart'yanovo,,58.9737,42.8049,Russia,RU,RUS,Kostromskaya Oblast’,Kostromskaya Oblast',RU-KOS,province,,2.8,,,5,Europe/Moscow,TRUE,1643521473
Mart’yanovo,Mart'yanovo,,58.6257,43.4582,Russia,RU,RUS,Kostromskaya Oblast’,Kostromskaya Oblast',RU-KOS,province,,2.3,,,5,Europe/Moscow,TRUE,1643460390
Ugor’ye,Ugor'ye,,52.7657,34.3481,Russia,RU,RUS,Bryanskaya Oblast’,Bryanskaya Oblast',RU-BRY,province,,12.9,,,4,Europe/Moscow,FALSE,1643641538
Sonka,Sonka,Sonki,57.2235,33.6106,Russia,RU,RUS,Tverskaya Oblast’,Tverskaya Oblast',RU-TVE,province,,5.0,,,5,Europe/Moscow,FALSE,1643005089
Gladkiy Mys,Gladkiy Mys,,57.5749,54.4693,Russia,RU,RUS,Permskiy Kray,Permskiy Kray,RU-PER,district,,5.5,,,5,Asia/Yekaterinburg,FALSE,1643322011
Dubintsy,Dubintsy,,59.0833,47.5000,Russia,RU,RUS,Kostromskaya Oblast’,Kostromskaya Oblast',RU-KOS,province,,2.7,,,5,Europe/Kirov,FALSE,1643738841
Kazinki,Kazinki,Kozinki,53.6036,38.6287,Russia,RU,RUS,Tul’skaya Oblast’,Tul'skaya Oblast',RU-TUL,province,,10.3,,,4,Europe/Moscow,FALSE,1643020261
Bezzubino,Bezzubino,,55.2000,47.6333,Russia,RU,RUS,Chuvashiya,Chuvashiya,RU-CU,republic,,40.3,,,4,Europe/Moscow,FALSE,1643510822
Pyat’desyatyy Kvartal,Pyat'desyatyy Kvartal,,60.4243,38.3302,Russia,RU,RUS,Vologodskaya Oblast’,Vologodskaya Oblast',RU-VLG,province,,2.6,,,5,Europe/Moscow,FALSE,1643096431
Raylovo,Raylovo,,60.1071,41.3009,Russia,RU,RUS,Vologodskaya Oblast’,Vologodskaya Oblast',RU-VLG,province,,2.1,,,5,Europe/Moscow,FALSE,1643310291
Vesëlaya Ivanovka,Veselaya Ivanovka,,53.5650,38.3282,Russia,RU,RUS,Tul’skaya Oblast’,Tul'skaya Oblast',RU-TUL,province,,11.5,,,4,Europe/Moscow,FALSE,1643101158
Spolokh,Spolokh,,55.9591,97.7706,Russia,RU,RUS,Irkutskaya Oblast’,Irkutskaya Oblast',RU-IRK,province,,2.7,,,5,Asia/Irkutsk,FALSE,1643507431
Mogil’niki,Mogil'niki,,62.6220,34.3022,Russia,RU,RUS,Kareliya,Kareliya,RU-KR,republic,,7.0,,,5,Europe/Moscow,FALSE,1643631690
Verkhneye Shubino,Verkhneye Shubino,Verkhnyaya Shubina,55.9833,85.2333,Russia,RU,RUS,Kemerovskaya Oblast’,Kemerovskaya Oblast',RU-KEM,province,,8.4,,,5,Asia/Novokuznetsk,FALSE,1643011511
Lunëvka,Lunevka,,53.4378,44.3198,Russia,RU,RUS,Penzenskaya Oblast’,Penzenskaya Oblast',RU-PNZ,province,,11.9,,,4,Europe/Moscow,FALSE,1643245128
Staryy Klimovets,Staryy Klimovets,,53.7955,33.1782,Russia,RU,RUS,Smolenskaya Oblast’,Smolenskaya Oblast',RU-SMO,province,,23.4,,,4,Europe/Moscow,FALSE,1643144962
Verkhniye Khalchi,Verkhniye Khalchi,Verkhniye Kolchi|Verkhniye Kholchi,51.9981,35.6225,Russia,RU,RUS,Kurskaya Oblast’,Kurskaya Oblast',RU-KRS,province,,13.2,,,3,Europe/Moscow,FALSE,1643687794
Verkhnyaya Podstepnovka,Verkhnyaya Podstepnovka,,53.0831,50.0855,Russia,RU,RUS,Samarskaya Oblast’,Samarskaya Oblast',RU-SAM,province,,35.1,,,4,Europe/Samara,FALSE,1643762191
Zamostovitsa,Zamostovitsa,Zamostochitsa,60.0064,45.7802,Russia,RU,RUS,Vologodskaya Oblast’,Vologodskaya Oblast',RU-VLG,province,,2.4,,,5,Europe/Moscow,FALSE,1643719694
Podrezovo,Podrezovo,Podrezova,56.0867,82.9053,Russia,RU,RUS,Novosibirskaya Oblast’,Novosibirskaya Oblast',RU-NVS,province,,2.2,,,5,Asia/Novosibirsk,FALSE,1643600039
Kapshozero,Kapshozero,,60.5302,35.1108,Russia,RU,RUS,Leningradskaya Oblast’,Leningradskaya Oblast',RU-LEN,province,,4.6,,,5,Europe/Moscow,FALSE,1643786067
Patrikeyevo,Patrikeyevo,,55.9568,40.6182,Russia,RU,RUS,Vladimirskaya Oblast’,Vladimirskaya Oblast',RU-VLA,province,,17.8,,,4,Europe/Moscow,FALSE,1643257576
Patrikeyevo,Patrikeyevo,,56.1900,41.1248,Russia,RU,RUS,Vladimirskaya Oblast’,Vladimirskaya Oblast',RU-VLA,province,,16.3,,,4,Europe/Moscow,TRUE,1643368336
Azarovo,Azarovo,,54.7788,36.5815,Russia,RU,RUS,Kaluzhskaya Oblast’,Kaluzhskaya Oblast',RU-KLU,province,,33.9,,,4,Europe/Moscow,FALSE,1643460039
Azarovo,Azarovo,,54.6008,34.9539,Russia,RU,RUS,Kaluzhskaya Oblast’,Kaluzhskaya Oblast',RU-KLU,province,,6.6,,,5,Europe/Moscow,TRUE,1643637484
Azarovo,Azarovo,,55.1261,35.5475,Russia,RU,RUS,Kaluzhskaya Oblast’,Kaluzhskaya Oblast',RU-KLU,province,,5.1,,,5,Europe/Moscow,TRUE,1643322139
Pechkinvaraka,Pechkinvaraka,,64.5650,33.4224,Russia,RU,RUS,Kareliya,Kareliya,RU-KR,republic,,1.4,,,5,Europe/Moscow,FALSE,1643812736
Nizhniye Bordovichi,Nizhniye Bordovichi,,53.3117,34.2233,Russia,RU,RUS,Bryanskaya Oblast’,Bryanskaya Oblast',RU-BRY,province,,27.5,,,4,Europe/Moscow,FALSE,1643379525
Maslov,Maslov,Masloy,44.7011,38.9922,Russia,RU,RUS,Krasnodarskiy Kray,Krasnodarskiy Kray,RU-KDA,district,,55.4,,,4,Europe/Moscow,FALSE,1643016471
Raslovkovo,Raslovkovo,,57.8301,36.6591,Russia,RU,RUS,Tverskaya Oblast’,Tverskaya Oblast',RU-TVE,province,,10.2,,,4,Europe/Moscow,FALSE,1643111483
Natal’ino,Natal'ino,,50.6333,127.8167,Russia,RU,RUS,Amurskaya Oblast’,Amurskaya Oblast',RU-AMU,province,,6.2,,,3,Asia/Yakutsk,FALSE,1643963545
Kozlovka,Kozlovka,,54.5933,47.1728,Russia,RU,RUS,Ul’yanovskaya Oblast’,Ul'yanovskaya Oblast',RU-ULY,province,,10.6,,,4,Europe/Ulyanovsk,FALSE,1643439954
Kozlovka,Kozlovka,,54.2765,47.7511,Russia,RU,RUS,Ul’yanovskaya Oblast’,Ul'yanovskaya Oblast',RU-ULY,province,,10.3,,,4,Europe/Ulyanovsk,TRUE,1643755178
Korablikha,Korablikha,,58.5473,45.4594,Russia,RU,RUS,Kostromskaya Oblast’,Kostromskaya Oblast',RU-KOS,province,,2.3,,,5,Europe/Moscow,FALSE,1643154821
Zavodskoye,Zavodskoye,Zavodskoy,53.0712,84.4304,Russia,RU,RUS,Altayskiy Kray,Altayskiy Kray,RU-ALT,district,,5.5,,,5,Asia/Barnaul,FALSE,1643135250
Oktyabr’,Oktyabr',,57.8248,37.3881,Russia,RU,RUS,Yaroslavskaya Oblast’,Yaroslavskaya Oblast',RU-YAR,province,,10.7,,,4,Europe/Moscow,FALSE,1643049085
Aleksandrovka Tret’ya,Aleksandrovka Tret'ya,Alexandrovka|Aleksandrovka,51.6293,41.9077,Russia,RU,RUS,Voronezhskaya Oblast’,Voronezhskaya Oblast',RU-VOR,province,,15.7,,,4,Europe/Moscow,FALSE,1643004278
Novovasil’yevskiy,Novovasil'yevskiy,,48.8667,42.9333,Russia,RU,RUS,Volgogradskaya Oblast’,Volgogradskaya Oblast',RU-VGG,province,,4.8,,,5,Europe/Volgograd,FALSE,1643017019
Kotlino,Kotlino,,54.2476,33.4258,Russia,RU,RUS,Smolenskaya Oblast’,Smolenskaya Oblast',RU-SMO,province,,23.4,,,4,Europe/Moscow,FALSE,1643699576
Beloborodova,Beloborodova,Beloborodovo,53.2203,103.0692,Russia,RU,RUS,Irkutskaya Oblast’,Irkutskaya Oblast',RU-IRK,province,,2.8,,,5,Asia/Irkutsk,FALSE,1643168405
Yazzhno,Yazzhno,,59.6667,34.2167,Russia,RU,RUS,Leningradskaya Oblast’,Leningradskaya Oblast',RU-LEN,province,,7.8,,,5,Europe/Moscow,FALSE,1643007278
Znamenka,Znamenka,Znamenskoye,56.0575,88.2301,Russia,RU,RUS,Kemerovskaya Oblast’,Kemerovskaya Oblast',RU-KEM,province,,9.8,,,5,Asia/Novokuznetsk,FALSE,1643997807
Pilatovo,Pilatovo,,59.1628,39.7776,Russia,RU,RUS,Vologodskaya Oblast’,Vologodskaya Oblast',RU-VLG,province,,10.4,,,4,Europe/Moscow,FALSE,1643577565
Khachivan’,Khachivan',,44.6382,40.9549,Russia,RU,RUS,Krasnodarskiy Kray,Krasnodarskiy Kray,RU-KDA,district,,56.5,,,4,Europe/Moscow,FALSE,1643162234
Spasskiy,Spasskiy,,52.3167,115.3000,Russia,RU,RUS,Zabaykal’skiy Kray,Zabaykal'skiy Kray,RU-ZAB,district,,6.0,,,5,Asia/Chita,FALSE,1643207757
Kabyrdak,Kabyrdak,Kobyrdanskoye,56.1168,72.4330,Russia,RU,RUS,Omskaya Oblast’,Omskaya Oblast',RU-OMS,province,,4.0,,,5,Asia/Omsk,FALSE,1643668303
Vaganova,Vaganova,Vagakova,59.1410,54.9069,Russia,RU,RUS,Permskiy Kray,Permskiy Kray,RU-PER,district,,3.3,,,5,Asia/Yekaterinburg,FALSE,1643350035
Volyshevo,Volyshevo,,57.8838,31.2711,Russia,RU,RUS,Novgorodskaya Oblast’,Novgorodskaya Oblast',RU-NGR,province,,14.0,,,4,Europe/Moscow,FALSE,1643586607
Gromovskaya,Gromovskaya,,59.5667,143.2167,Russia,RU,RUS,Khabarovskiy Kray,Khabarovskiy Kray,RU-KHA,district,,0.0,,,5,Asia/Vladivostok,FALSE,1643847538
Vyatkina,Vyatkina,,56.7140,69.0598,Russia,RU,RUS,Tyumenskaya Oblast’,Tyumenskaya Oblast',RU-TYU,province,,3.7,,,5,Asia/Yekaterinburg,FALSE,1643003679
Naberezhnyy,Naberezhnyy,,46.4873,39.1967,Russia,RU,RUS,Krasnodarskiy Kray,Krasnodarskiy Kray,RU-KDA,district,,44.3,,,4,Europe/Moscow,FALSE,1643872867
Naberezhnyy,Naberezhnyy,,46.0335,39.6533,Russia,RU,RUS,Krasnodarskiy Kray,Krasnodarskiy Kray,RU-KDA,district,,38.6,,,4,Europe/Moscow,TRUE,1643076725
Naberezhnyy,Naberezhnyy,,46.5913,39.4514,Russia,RU,RUS,Krasnodarskiy Kray,Krasnodarskiy Kray,RU-KDA,district,,29.3,,,4,Europe/Moscow,TRUE,1643012952
Sel’tsy,Sel'tsy,,57.1215,36.9780,Russia,RU,RUS,Tverskaya Oblast’,Tverskaya Oblast',RU-TVE,province,,33.1,,,4,Europe/Moscow,FALSE,1643279405
Sel’tsy,Sel'tsy,,58.4681,36.8396,Russia,RU,RUS,Tverskaya Oblast’,Tverskaya Oblast',RU-TVE,province,,6.1,,,5,Europe/Moscow,TRUE,1643679037
Sel’tsy,Sel'tsy,,57.9490,35.9803,Russia,RU,RUS,Tverskaya Oblast’,Tverskaya Oblast',RU-TVE,province,,5.4,,,5,Europe/Moscow,TRUE,1643667312
Sel’tsy,Sel'tsy,,58.3853,36.0375,Russia,RU,RUS,Tverskaya Oblast’,Tverskaya Oblast',RU-TVE,province,,3.8,,,5,Europe/Moscow,TRUE,1643945497
Brovsk,Brovsk,Brovska,58.3366,29.1174,Russia,RU,RUS,Pskovskaya Oblast’,Pskovskaya Oblast',RU-PSK,province,,3.6,,,5,Europe/Moscow,FALSE,1643794541
Kharskoye,Kharskoye,,52.1044,37.2706,Russia,RU,RUS,Orlovskaya Oblast’,Orlovskaya Oblast',RU-ORL,province,,11.8,,,4,Europe/Moscow,FALSE,1643275300
Samkovo,Samkovo,Samkova,57.6030,93.2915,Russia,RU,RUS,Krasnoyarskiy Kray,Krasnoyarskiy Kray,RU-KYA,district,,1.9,,,5,Asia/Krasnoyarsk,FALSE,1643161743
Svinkino,Svinkino,,59.8167,32.3667,Russia,RU,RUS,Leningradskaya Oblast’,Leningradskaya Oblast',RU-LEN,province,,15.3,,,4,Europe/Moscow,FALSE,1643523146
Baskachi,Baskachi,,57.5812,38.3504,Russia,RU,RUS,Yaroslavskaya Oblast’,Yaroslavskaya Oblast',RU-YAR,province,,15.9,,,4,Europe/Moscow,FALSE,1643218251
Baskachi,Baskachi,,57.6257,38.9180,Russia,RU,RUS,Yaroslavskaya Oblast’,Yaroslavskaya Oblast',RU-YAR,province,,6.9,,,5,Europe/Moscow,TRUE,1643005995
Baskachi,Baskachi,,57.1604,38.8361,Russia,RU,RUS,Yaroslavskaya Oblast’,Yaroslavskaya Oblast',RU-YAR,province,,6.2,,,5,Europe/Moscow,TRUE,1643188142
Shchennoye,Shchennoye,Isteney-Terde,70.0500,147.3167,Russia,RU,RUS,Sakha (Yakutiya),Sakha (Yakutiya),RU-SA,republic,,0.0,,,5,Asia/Srednekolymsk,FALSE,1643166128
Indyrchi,Indyrchi,,55.5159,47.8669,Russia,RU,RUS,Chuvashiya,Chuvashiya,RU-CU,republic,,31.5,,,4,Europe/Moscow,FALSE,1643009826
Pereput’ye,Pereput'ye,,53.8244,36.6515,Russia,RU,RUS,Tul’skaya Oblast’,Tul'skaya Oblast',RU-TUL,province,,10.2,,,4,Europe/Moscow,FALSE,1643707152
Trudovoy,Trudovoy,,55.9905,61.7458,Russia,RU,RUS,Chelyabinskaya Oblast’,Chelyabinskaya Oblast',RU-CHE,province,,10.1,,,4,Asia/Yekaterinburg,FALSE,1643283529
Veresovka,Veresovka,,56.9520,59.7535,Russia,RU,RUS,Sverdlovskaya Oblast’,Sverdlovskaya Oblast',RU-SVE,province,,69.3,,,4,Asia/Yekaterinburg,FALSE,1643985138
Kozyrëvsk,Kozyrevsk,,56.0486,159.8715,Russia,RU,RUS,Kamchatskiy Kray,Kamchatskiy Kray,RU-KAM,district,,0.3,,,5,Asia/Kamchatka,FALSE,1643007554
Yakshintsy,Yakshintsy,,58.1333,50.3167,Russia,RU,RUS,Kirovskaya Oblast’,Kirovskaya Oblast',RU-KIR,province,,7.9,,,5,Europe/Kirov,FALSE,1643429284
Svyatonosskiy Mayak,Svyatonosskiy Mayak,,68.1486,39.7467,Russia,RU,RUS,Murmanskaya Oblast’,Murmanskaya Oblast',RU-MUR,province,,4.5,,,5,Europe/Moscow,FALSE,1643039406
Nelemnoye,Nelemnoye,,65.4983,151.0986,Russia,RU,RUS,Sakha (Yakutiya),Sakha (Yakutiya),RU-SA,republic,,0.1,,,3,Asia/Srednekolymsk,FALSE,1643158797
Skvortsovo,Skvortsovo,,55.6325,89.2175,Russia,RU,RUS,Krasnoyarskiy Kray,Krasnoyarskiy Kray,RU-KYA,district,,4.0,,,5,Asia/Krasnoyarsk,FALSE,1643198200
Novoye Surkino,Novoye Surkino,Staroye Surkino,54.2976,51.5628,Russia,RU,RUS,Samarskaya Oblast’,Samarskaya Oblast',RU-SAM,province,,12.4,,,4,Europe/Samara,FALSE,1643013682
Belomechetskaya,Belomechetskaya,,44.4109,41.9387,Russia,RU,RUS,Stavropol’skiy Kray,Stavropol'skiy Kray,RU-STA,district,,34.9,,,4,Europe/Moscow,FALSE,1643503125
Novotsaritsyno,Novotsaritsyno,Novotsaritsino|Novoye Tsaritsyno,54.6632,71.9422,Russia,RU,RUS,Omskaya Oblast’,Omskaya Oblast',RU-OMS,province,,11.4,,,4,Asia/Omsk,FALSE,1643519824
Martyukhi,Martyukhi,,55.3278,34.0691,Russia,RU,RUS,Smolenskaya Oblast’,Smolenskaya Oblast',RU-SMO,province,,22.3,,,4,Europe/Moscow,FALSE,1643210663
Chashchëvka,Chashchevka,,56.9412,33.6955,Russia,RU,RUS,Tverskaya Oblast’,Tverskaya Oblast',RU-TVE,province,,3.7,,,5,Europe/Moscow,FALSE,1643017899
Kyuryag,Kyuryag,,41.9000,47.8500,Russia,RU,RUS,Dagestan,Dagestan,RU-DA,republic,,77.1,,,3,Europe/Moscow,FALSE,1643925170
Demenka,Demenka,,54.6839,35.7994,Russia,RU,RUS,Kaluzhskaya Oblast’,Kaluzhskaya Oblast',RU-KLU,province,,44.0,,,4,Europe/Moscow,FALSE,1643843891
Shepilovka,Shepilovka,,52.8569,38.7916,Russia,RU,RUS,Lipetskaya Oblast’,Lipetskaya Oblast',RU-LIP,province,,14.0,,,4,Europe/Moscow,FALSE,1643282526
Malaya Shalega,Malaya Shalega,,57.5135,46.0281,Russia,RU,RUS,Nizhegorodskaya Oblast’,Nizhegorodskaya Oblast',RU-NIZ,province,,13.3,,,4,Europe/Moscow,FALSE,1643651852
Shikhino,Shikhino,,58.2978,43.0398,Russia,RU,RUS,Kostromskaya Oblast’,Kostromskaya Oblast',RU-KOS,province,,2.6,,,5,Europe/Moscow,FALSE,1643484910
Raznomoyka,Raznomoyka,,52.4833,55.8667,Russia,RU,RUS,Orenburgskaya Oblast’,Orenburgskaya Oblast',RU-ORE,province,,9.3,,,5,Asia/Yekaterinburg,FALSE,1643294060
Chistoye Ozero,Chistoye Ozero,,55.5952,49.1079,Russia,RU,RUS,Tatarstan,Tatarstan,RU-TA,republic,,25.4,,,4,Europe/Moscow,FALSE,1643048443
Yerëmkino,Yeremkino,,56.2091,30.5603,Russia,RU,RUS,Pskovskaya Oblast’,Pskovskaya Oblast',RU-PSK,province,,6.3,,,5,Europe/Moscow,FALSE,1643609342
Verkhniy Iremel’,Verkhniy Iremel',Verkhne-Iremel’sk,54.8859,59.7401,Russia,RU,RUS,Chelyabinskaya Oblast’,Chelyabinskaya Oblast',RU-CHE,province,,81.4,,,4,Asia/Yekaterinburg,FALSE,1643145049
Pleskachëvka,Pleskachevka,,54.3167,32.8333,Russia,RU,RUS,Smolenskaya Oblast’,Smolenskaya Oblast',RU-SMO,province,,12.1,,,4,Europe/Moscow,FALSE,1643265682
Bol’shaya Mar’yevka,Bol'shaya Mar'yevka,Bol’she-Mar’yevskiy,51.9000,50.4333,Russia,RU,RUS,Saratovskaya Oblast’,Saratovskaya Oblast',RU-SAR,province,,3.7,,,5,Europe/Saratov,FALSE,1643647723
Neftebaza,Neftebaza,,52.3670,84.2972,Russia,RU,RUS,Altayskiy Kray,Altayskiy Kray,RU-ALT,district,,5.3,,,5,Asia/Barnaul,FALSE,1643832728
Mar’inskoye,Mar'inskoye,,57.2346,38.6539,Russia,RU,RUS,Yaroslavskaya Oblast’,Yaroslavskaya Oblast',RU-YAR,province,,6.2,,,5,Europe/Moscow,FALSE,1643502469
Dedushkovo,Dedushkovo,,56.2333,38.1833,Russia,RU,RUS,Moskovskaya Oblast’,Moskovskaya Oblast',RU-MOS,province,,115.5,,,4,Europe/Moscow,FALSE,1643029880
Kukeryagi,Kukeryagi,Pavlovskaya|Kukeryagi Pavlovskaya,60.9500,34.3000,Russia,RU,RUS,Leningradskaya Oblast’,Leningradskaya Oblast',RU-LEN,province,,4.6,,,5,Europe/Moscow,FALSE,1643930870
Verkhnyaya Lebezhayka,Verkhnyaya Lebezhayka,,52.7514,48.0920,Russia,RU,RUS,Saratovskaya Oblast’,Saratovskaya Oblast',RU-SAR,province,,12.7,,,4,Europe/Saratov,FALSE,1643365517
Sharakhayeva,Sharakhayeva,,54.9333,117.0167,Russia,RU,RUS,Zabaykal’skiy Kray,Zabaykal'skiy Kray,RU-ZAB,district,,0.2,,,5,Asia/Chita,FALSE,1643736096
Solodyanka,Solodyanka,,53.4582,59.4439,Russia,RU,RUS,Chelyabinskaya Oblast’,Chelyabinskaya Oblast',RU-CHE,province,,13.0,,,4,Asia/Yekaterinburg,FALSE,1643502704
Belotroitskiy,Belotroitskiy,,54.2680,45.5057,Russia,RU,RUS,Mordoviya,Mordoviya,RU-MO,republic,,36.6,,,4,Europe/Moscow,FALSE,1643741516
Ladygin,Ladygin,Malyy Ladygin,47.0922,43.4683,Russia,RU,RUS,Rostovskaya Oblast’,Rostovskaya Oblast',RU-ROS,province,,5.9,,,5,Europe/Moscow,FALSE,1643299118
Tuseyevo,Tuseyevo,,44.7931,39.8117,Russia,RU,RUS,Krasnodarskiy Kray,Krasnodarskiy Kray,RU-KDA,district,,82.1,,,4,Europe/Moscow,FALSE,1643651737
Yunda,Yunda,Bol’shaya Yunda,57.8822,52.8957,Russia,RU,RUS,Udmurtiya,Udmurtiya,RU-UD,republic,,13.7,,,4,Europe/Samara,FALSE,1643275141
Filippovo,Filippovo,Filippova,55.7247,39.4116,Russia,RU,RUS,Moskovskaya Oblast’,Moskovskaya Oblast',RU-MOS,province,,73.6,,,4,Europe/Moscow,FALSE,1643305174
Dëma,Dema,,61.0094,54.4351,Russia,RU,RUS,Komi,Komi,RU-KO,republic,,0.9,,,5,Europe/Moscow,FALSE,1643026371
Dëma,Dema,,63.4068,56.5369,Russia,RU,RUS,Komi,Komi,RU-KO,republic,,0.6,,,5,Europe/Moscow,TRUE,1643375588
Proletarskiy,Proletarskiy,,54.8268,44.0878,Russia,RU,RUS,Nizhegorodskaya Oblast’,Nizhegorodskaya Oblast',RU-NIZ,province,,15.4,,,4,Europe/Moscow,FALSE,1643009303
Velezhevo,Velezhevo,,54.7505,37.8626,Russia,RU,RUS,Tul’skaya Oblast’,Tul'skaya Oblast',RU-TUL,province,,21.9,,,4,Europe/Moscow,FALSE,1643443998
Kolchanovo,Kolchanovo,,60.0358,32.5903,Russia,RU,RUS,Leningradskaya Oblast’,Leningradskaya Oblast',RU-LEN,province,,15.3,,,4,Europe/Moscow,FALSE,1643086757
Marukhi,Marukhi,Marukha,56.4260,70.5451,Russia,RU,RUS,Tyumenskaya Oblast’,Tyumenskaya Oblast',RU-TYU,province,,5.1,,,5,Asia/Yekaterinburg,FALSE,1643761979
Novosinitsyno,Novosinitsyno,Nadlesnyy,54.7167,54.8833,Russia,RU,RUS,Bashkortostan,Bashkortostan,RU-BA,republic,,15.1,,,4,Asia/Yekaterinburg,FALSE,1643684986
Ploskovo,Ploskovo,Ploskova,53.9047,32.8086,Russia,RU,RUS,Smolenskaya Oblast’,Smolenskaya Oblast',RU-SMO,province,,23.4,,,4,Europe/Moscow,FALSE,1643794523
Kholka,Kholka,,60.1003,45.5491,Russia,RU,RUS,Vologodskaya Oblast’,Vologodskaya Oblast',RU-VLG,province,,2.4,,,5,Europe/Moscow,FALSE,1643776682
Komsomol’skiy,Komsomol'skiy,,45.5587,40.3393,Russia,RU,RUS,Krasnodarskiy Kray,Krasnodarskiy Kray,RU-KDA,district,,105.8,,,4,Europe/Moscow,FALSE,1643907787
Komsomol’skiy,Komsomol'skiy,,44.9299,39.7107,Russia,RU,RUS,Krasnodarskiy Kray,Krasnodarskiy Kray,RU-KDA,district,,82.1,,,4,Europe/Moscow,TRUE,1643987188
Komsomol’skiy,Komsomol'skiy,,45.3050,40.6869,Russia,RU,RUS,Krasnodarskiy Kray,Krasnodarskiy Kray,RU-KDA,district,,75.6,,,4,Europe/Moscow,TRUE,1643847280
Komsomol’skiy,Komsomol'skiy,,45.5588,38.7595,Russia,RU,RUS,Krasnodarskiy Kray,Krasnodarskiy Kray,RU-KDA,district,,75.2,,,4,Europe/Moscow,TRUE,1643838774
Komsomol’skiy,Komsomol'skiy,,45.0536,40.6694,Russia,RU,RUS,Krasnodarskiy Kray,Krasnodarskiy Kray,RU-KDA,district,,69.4,,,4,Europe/Moscow,TRUE,1643123635
Komsomol’skiy,Komsomol'skiy,,45.6262,39.4807,Russia,RU,RUS,Krasnodarskiy Kray,Krasnodarskiy Kray,RU-KDA,district,,62.5,,,4,Europe/Moscow,TRUE,1643443992
Komsomol’skiy,Komsomol'skiy,,45.2139,40.8653,Russia,RU,RUS,Krasnodarskiy Kray,Krasnodarskiy Kray,RU-KDA,district,,49.0,,,4,Europe/Moscow,TRUE,1643659932
Komsomol’skiy,Komsomol'skiy,,46.4980,39.3918,Russia,RU,RUS,Krasnodarskiy Kray,Krasnodarskiy Kray,RU-KDA,district,,29.3,,,4,Europe/Moscow,TRUE,1643441725
Rezvovo,Rezvovo,,54.5461,56.3550,Russia,RU,RUS,Bashkortostan,Bashkortostan,RU-BA,republic,,20.2,,,4,Asia/Yekaterinburg,FALSE,1643351767
Baklanikha,Baklanikha,,59.7953,38.9256,Russia,RU,RUS,Vologodskaya Oblast’,Vologodskaya Oblast',RU-VLG,province,,10.4,,,4,Europe/Moscow,FALSE,1643188266
Baklanikha,Baklanikha,,60.0204,46.5549,Russia,RU,RUS,Vologodskaya Oblast’,Vologodskaya Oblast',RU-VLG,province,,2.4,,,5,Europe/Moscow,TRUE,1643805595
Bol’shaya Zvereva,Bol'shaya Zvereva,Bol’shoy,57.5231,63.1874,Russia,RU,RUS,Sverdlovskaya Oblast’,Sverdlovskaya Oblast',RU-SVE,province,,6.1,,,5,Asia/Yekaterinburg,FALSE,1643601455
Bessonovka,Bessonovka,,58.5933,44.1338,Russia,RU,RUS,Kostromskaya Oblast’,Kostromskaya Oblast',RU-KOS,province,,4.7,,,5,Europe/Moscow,FALSE,1643007645
Izvol’sk,Izvol'sk,,54.9331,35.2108,Russia,RU,RUS,Kaluzhskaya Oblast’,Kaluzhskaya Oblast',RU-KLU,province,,5.1,,,5,Europe/Moscow,FALSE,1643643990
Kolmodvorka,Kolmodvorka,,57.4751,35.7730,Russia,RU,RUS,Tverskaya Oblast’,Tverskaya Oblast',RU-TVE,province,,14.5,,,4,Europe/Moscow,FALSE,1643840731
Russkiy Melekess,Russkiy Melekess,,54.3167,49.5333,Russia,RU,RUS,Ul’yanovskaya Oblast’,Ul'yanovskaya Oblast',RU-ULY,province,,10.8,,,4,Europe/Ulyanovsk,FALSE,1643888504
Shershnëvo,Shershnevo,,57.0477,31.0921,Russia,RU,RUS,Novgorodskaya Oblast’,Novgorodskaya Oblast',RU-NGR,province,,2.5,,,5,Europe/Moscow,FALSE,1643529465
Shufruk,Shufruk,,57.9318,63.5629,Russia,RU,RUS,Sverdlovskaya Oblast’,Sverdlovskaya Oblast',RU-SVE,province,,3.2,,,5,Asia/Yekaterinburg,FALSE,1643315464
Gosha,Gosha,,59.0554,38.3394,Russia,RU,RUS,Vologodskaya Oblast’,Vologodskaya Oblast',RU-VLG,province,,5.7,,,5,Europe/Moscow,FALSE,1643242844
Veshki,Veshki,,55.6500,40.8500,Russia,RU,RUS,Vladimirskaya Oblast’,Vladimirskaya Oblast',RU-VLA,province,,9.8,,,3,Europe/Moscow,FALSE,1643784230
Dal’niy,Dal'niy,,56.4651,42.7906,Russia,RU,RUS,Nizhegorodskaya Oblast’,Nizhegorodskaya Oblast',RU-NIZ,province,,53.8,,,4,Europe/Moscow,FALSE,1643477779
Okunëvo,Okunevo,,59.3479,39.7969,Russia,RU,RUS,Vologodskaya Oblast’,Vologodskaya Oblast',RU-VLG,province,,10.4,,,4,Europe/Moscow,FALSE,1643785407
Okunëvo,Okunevo,,59.5879,38.8345,Russia,RU,RUS,Vologodskaya Oblast’,Vologodskaya Oblast',RU-VLG,province,,2.9,,,5,Europe/Moscow,TRUE,1643005606
Veshki,Veshki,Veshkhi,58.9983,36.3448,Russia,RU,RUS,Vologodskaya Oblast’,Vologodskaya Oblast',RU-VLG,province,,4.9,,,5,Europe/Moscow,FALSE,1643189114
Veshki,Veshki,,58.6772,36.4738,Russia,RU,RUS,Vologodskaya Oblast’,Vologodskaya Oblast',RU-VLG,province,,4.9,,,5,Europe/Moscow,TRUE,1643173708
Lenintal,Lenintal,,45.4111,40.0347,Russia,RU,RUS,Krasnodarskiy Kray,Krasnodarskiy Kray,RU-KDA,district,,77.8,,,4,Europe/Moscow,FALSE,1643163577
Koreyskoye,Koreyskoye,,53.4000,132.9833,Russia,RU,RUS,Khabarovskiy Kray,Khabarovskiy Kray,RU-KHA,district,,0.0,,,5,Asia/Vladivostok,FALSE,1643836651
Gvardeyets,Gvardeyets,,61.9883,147.0828,Russia,RU,RUS,Magadanskaya Oblast’,Magadanskaya Oblast',RU-MAG,province,,0.1,,,5,Asia/Magadan,FALSE,1643556728
Gudovka,Gudovka,,53.7781,39.7401,Russia,RU,RUS,Ryazanskaya Oblast’,Ryazanskaya Oblast',RU-RYA,province,,14.7,,,4,Europe/Moscow,FALSE,1643012210
Vekshevedy,Vekshevedy,,59.3635,50.7297,Russia,RU,RUS,Kirovskaya Oblast’,Kirovskaya Oblast',RU-KIR,province,,1.2,,,5,Europe/Kirov,FALSE,1643489384
Terebunya,Terebunya,,59.9364,32.7330,Russia,RU,RUS,Leningradskaya Oblast’,Leningradskaya Oblast',RU-LEN,province,,15.3,,,4,Europe/Moscow,FALSE,1643437391
Yursovo,Yursovo,Yursova,53.6533,42.4408,Russia,RU,RUS,Penzenskaya Oblast’,Penzenskaya Oblast',RU-PNZ,province,,11.1,,,4,Europe/Moscow,FALSE,1643184873
Tyurikovo,Tyurikovo,,57.5766,30.3087,Russia,RU,RUS,Pskovskaya Oblast’,Pskovskaya Oblast',RU-PSK,province,,5.9,,,5,Europe/Moscow,FALSE,1643936944
Ivanovo,Ivanovo,,58.0057,52.5207,Russia,RU,RUS,Udmurtiya,Udmurtiya,RU-UD,republic,,7.6,,,5,Europe/Samara,FALSE,1643165540
Lesouchastok Dvadtsat’ Dva Kilometr,Lesouchastok Dvadtsat' Dva Kilometr,,58.6459,51.8780,Russia,RU,RUS,Kirovskaya Oblast’,Kirovskaya Oblast',RU-KIR,province,,7.6,,,5,Europe/Kirov,FALSE,1643524837
Borzovo,Borzovo,,56.9433,32.0140,Russia,RU,RUS,Tverskaya Oblast’,Tverskaya Oblast',RU-TVE,province,,4.1,,,5,Europe/Moscow,FALSE,1643219622
Kuzhurtuy,Kuzhurtuy,Kuzhertuy,52.9000,106.1000,Russia,RU,RUS,Irkutskaya Oblast’,Irkutskaya Oblast',RU-IRK,province,,1.2,,,5,Asia/Irkutsk,FALSE,1643678737
Il’inka,Il'inka,Il’inskii|Hinskiy|Il’inskiy,45.8625,133.5138,Russia,RU,RUS,Primorskiy Kray,Primorskiy Kray,RU-PRI,district,,1.5,,,4,Asia/Vladivostok,TRUE,1643056407
Vyshegory,Vyshegory,,56.2400,32.8022,Russia,RU,RUS,Tverskaya Oblast’,Tverskaya Oblast',RU-TVE,province,,10.6,,,4,Europe/Moscow,FALSE,1643428891
Karatal,Karatal,,51.1700,57.4747,Russia,RU,RUS,Orenburgskaya Oblast’,Orenburgskaya Oblast',RU-ORE,province,,7.2,,,5,Asia/Yekaterinburg,FALSE,1643219144
Karatal,Karatal,,52.3667,54.2500,Russia,RU,RUS,Orenburgskaya Oblast’,Orenburgskaya Oblast',RU-ORE,province,,5.4,,,5,Asia/Yekaterinburg,TRUE,1643018295
Tarkhanovo,Tarkhanovo,,54.7615,45.6620,Russia,RU,RUS,Mordoviya,Mordoviya,RU-MO,republic,,15.1,,,4,Europe/Moscow,FALSE,1643522604
Budyanskiy,Budyanskiy,,53.7975,33.2108,Russia,RU,RUS,Bryanskaya Oblast’,Bryanskaya Oblast',RU-BRY,province,,19.8,,,4,Europe/Moscow,FALSE,1643887891
Budyanskiy,Budyanskiy,,53.9601,33.6546,Russia,RU,RUS,Bryanskaya Oblast’,Bryanskaya Oblast',RU-BRY,province,,6.3,,,5,Europe/Moscow,TRUE,1643025630
Kleshnëvo,Kleshnevo,,58.5492,35.3420,Russia,RU,RUS,Novgorodskaya Oblast’,Novgorodskaya Oblast',RU-NGR,province,,9.3,,,5,Europe/Moscow,FALSE,1643715113
Rozhdestveno,Rozhdestveno,,53.2375,50.0597,Russia,RU,RUS,Samarskaya Oblast’,Samarskaya Oblast',RU-SAM,province,,35.1,,,4,Europe/Samara,FALSE,1643717996
Shinary,Shinary,Shinery,55.8422,47.1948,Russia,RU,RUS,Chuvashiya,Chuvashiya,RU-CU,republic,,44.0,,,4,Europe/Moscow,FALSE,1643619423
Lugovaya,Lugovaya,,54.5500,82.4333,Russia,RU,RUS,Novosibirskaya Oblast’,Novosibirskaya Oblast',RU-NVS,province,,14.7,,,4,Asia/Novosibirsk,FALSE,1643198681
Lugovaya,Lugovaya,,55.8833,83.8333,Russia,RU,RUS,Novosibirskaya Oblast’,Novosibirskaya Oblast',RU-NVS,province,,8.7,,,5,Asia/Novosibirsk,TRUE,1643655177
Stuklovo,Stuklovo,,55.1719,43.5107,Russia,RU,RUS,Nizhegorodskaya Oblast’,Nizhegorodskaya Oblast',RU-NIZ,province,,17.2,,,4,Europe/Moscow,FALSE,1643421764
Odintsova,Odintsova,,58.6541,54.9395,Russia,RU,RUS,Permskiy Kray,Permskiy Kray,RU-PER,district,,8.8,,,5,Asia/Yekaterinburg,FALSE,1643478421
Afanas’yevskiy,Afanas'yevskiy,,59.6000,49.7000,Russia,RU,RUS,Komi,Komi,RU-KO,republic,,1.3,,,5,Europe/Moscow,FALSE,1643488988
Malaya Lutna,Malaya Lutna,,53.9707,33.7692,Russia,RU,RUS,Bryanskaya Oblast’,Bryanskaya Oblast',RU-BRY,province,,6.3,,,5,Europe/Moscow,FALSE,1643549629
Burkinka,Burkinka,,52.2333,56.0667,Russia,RU,RUS,Orenburgskaya Oblast’,Orenburgskaya Oblast',RU-ORE,province,,9.3,,,5,Asia/Yekaterinburg,FALSE,1643280031
Minchegurt,Minchegurt,,56.5650,52.4117,Russia,RU,RUS,Udmurtiya,Udmurtiya,RU-UD,republic,,13.5,,,4,Europe/Samara,FALSE,1643265760
Bakcha,Bakcha,,54.9433,54.5731,Russia,RU,RUS,Bashkortostan,Bashkortostan,RU-BA,republic,,18.7,,,4,Asia/Yekaterinburg,FALSE,1643280046
Kinderevo,Kinderevo,,60.0500,32.2500,Russia,RU,RUS,Leningradskaya Oblast’,Leningradskaya Oblast',RU-LEN,province,,15.3,,,4,Europe/Moscow,FALSE,1643918887
Borovetskoye,Borovetskoye,,55.7755,52.4254,Russia,RU,RUS,Tatarstan,Tatarstan,RU-TA,republic,,3364.3,,,2,Europe/Moscow,FALSE,1643842012
Mikhaylovskoye,Mikhaylovskoye,Stanovishche Mikhaylovskoye|Stanovishche Mikhaylova|Egelyakh,74.6667,138.8333,Russia,RU,RUS,Sakha (Yakutiya),Sakha (Yakutiya),RU-SA,republic,,0,,,4,Asia/Yakutsk,FALSE,1643511989
Vortchino,Vortchino,Vorchino,57.3068,53.7225,Russia,RU,RUS,Udmurtiya,Udmurtiya,RU-UD,republic,,13.1,,,4,Europe/Samara,FALSE,1643548174
Bol’shaya Yaruga,Bol'shaya Yaruga,Bol’shaya Yaroga,50.7117,38.0867,Russia,RU,RUS,Belgorodskaya Oblast’,Belgorodskaya Oblast',RU-BEL,province,,31.7,,,4,Europe/Moscow,FALSE,1643883184
Moskva,Moskva,,56.9667,31.7500,Russia,RU,RUS,Tverskaya Oblast’,Tverskaya Oblast',RU-TVE,province,,4.1,,,5,Europe/Moscow,FALSE,1643059235
Moskva,Moskva,Krasnaya Moskva,56.9178,32.1658,Russia,RU,RUS,Tverskaya Oblast’,Tverskaya Oblast',RU-TVE,province,,2.7,,,5,Europe/Moscow,TRUE,1643085876
Bzyak,Bzyak,Bzyak-Tkhmerovo,53.8285,57.5463,Russia,RU,RUS,Bashkortostan,Bashkortostan,RU-BA,republic,,9.1,,,5,Asia/Yekaterinburg,FALSE,1643218315
Kugunur,Kugunur,,56.9201,48.6615,Russia,RU,RUS,Mariy-El,Mariy-El,RU-ME,republic,,17.8,,,4,Europe/Moscow,FALSE,1643985272
Kugunur,Kugunur,,56.1931,48.2244,Russia,RU,RUS,Mariy-El,Mariy-El,RU-ME,republic,,15.9,,,4,Europe/Moscow,TRUE,1643003810
Ul’yanovka,Ul'yanovka,,54.6316,86.3851,Russia,RU,RUS,Kemerovskaya Oblast’,Kemerovskaya Oblast',RU-KEM,province,,8.7,,,5,Asia/Novokuznetsk,FALSE,1643462711
Tsibino,Tsibino,Pibino,59.1424,38.7882,Russia,RU,RUS,Vologodskaya Oblast’,Vologodskaya Oblast',RU-VLG,province,,12.9,,,4,Europe/Moscow,FALSE,1643967888
Shiryayevskiy,Shiryayevskiy,Shirayevskaya,60.5167,47.9500,Russia,RU,RUS,Kirovskaya Oblast’,Kirovskaya Oblast',RU-KIR,province,,3.1,,,5,Europe/Kirov,FALSE,1643403035
Cheremukhovitsa,Cheremukhovitsa,Cheremkhovitsy|Cheremkhovitsa,58.0740,41.2737,Russia,RU,RUS,Kostromskaya Oblast’,Kostromskaya Oblast',RU-KOS,province,,21.4,,,4,Europe/Moscow,FALSE,1643003903
Baga-Bukhus,Baga-Bukhus,,48.0164,44.9989,Russia,RU,RUS,Kalmykiya,Kalmykiya,RU-KL,republic,,2.9,,,5,Europe/Moscow,FALSE,1643001120
Medvedevo,Medvedevo,,56.3605,68.4853,Russia,RU,RUS,Tyumenskaya Oblast’,Tyumenskaya Oblast',RU-TYU,province,,6.9,,,5,Asia/Yekaterinburg,FALSE,1643039816
Novonikolayevka,Novonikolayevka,Novo Nikolayevskaya,56.0091,97.5059,Russia,RU,RUS,Irkutskaya Oblast’,Irkutskaya Oblast',RU-IRK,province,,2.7,,,5,Asia/Irkutsk,FALSE,1643008558
Pribodovo,Pribodovo,Pribudovo,56.9975,28.7926,Russia,RU,RUS,Pskovskaya Oblast’,Pskovskaya Oblast',RU-PSK,province,,7.6,,,5,Europe/Moscow,FALSE,1643433909
Borisov,Borisov,,48.3081,41.9275,Russia,RU,RUS,Rostovskaya Oblast’,Rostovskaya Oblast',RU-ROS,province,,16.1,,,4,Europe/Moscow,FALSE,1643683970
Kolykhalino,Kolykhalino,Kolykhaleno,50.1420,38.0887,Russia,RU,RUS,Belgorodskaya Oblast’,Belgorodskaya Oblast',RU-BEL,province,,43.1,,,4,Europe/Moscow,FALSE,1643788287
Zashizhem’ye,Zashizhem'ye,,57.7627,48.8297,Russia,RU,RUS,Kirovskaya Oblast’,Kirovskaya Oblast',RU-KIR,province,,10.2,,,4,Europe/Kirov,FALSE,1643096877
Artemovskiy,Artemovskiy,,49.6175,40.2083,Russia,RU,RUS,Rostovskaya Oblast’,Rostovskaya Oblast',RU-ROS,province,,13.9,,,4,Europe/Moscow,FALSE,1643362608
Savrasovo,Savrasovo,,54.9512,46.0762,Russia,RU,RUS,Mordoviya,Mordoviya,RU-MO,republic,,23.0,,,4,Europe/Moscow,FALSE,1643564028
Zhana-Aul,Zhana-Aul,Belyy Il’men’|Zhan-Aul,45.9617,48.1250,Russia,RU,RUS,Astrakhanskaya Oblast’,Astrakhanskaya Oblast',RU-AST,province,,18.0,,,4,Europe/Astrakhan,FALSE,1643000171
Chernyaki,Chernyaki,,55.6460,35.6647,Russia,RU,RUS,Moskovskaya Oblast’,Moskovskaya Oblast',RU-MOS,province,,30.6,,,4,Europe/Moscow,FALSE,1643740686
Malaya Bekshanka,Malaya Bekshanka,,53.3611,47.0409,Russia,RU,RUS,Ul’yanovskaya Oblast’,Ul'yanovskaya Oblast',RU-ULY,province,,17.9,,,4,Europe/Ulyanovsk,FALSE,1643615485
Kel’yeshi,Kel'yeshi,Kel’yesh,58.8333,30.9500,Russia,RU,RUS,Novgorodskaya Oblast’,Novgorodskaya Oblast',RU-NGR,province,,12.5,,,4,Europe/Moscow,FALSE,1643112059
Pravda,Pravda,,52.4236,40.1514,Russia,RU,RUS,Lipetskaya Oblast’,Lipetskaya Oblast',RU-LIP,province,,54.7,,,4,Europe/Moscow,FALSE,1643605473
Suleymanskiye,Suleymanskiye,Ssuleimanskije,57.8000,69.6000,Russia,RU,RUS,Tyumenskaya Oblast’,Tyumenskaya Oblast',RU-TYU,province,,1.4,,,5,Asia/Yekaterinburg,FALSE,1643059292
Shlyugi,Shlyugi,,56.1569,32.9542,Russia,RU,RUS,Tverskaya Oblast’,Tverskaya Oblast',RU-TVE,province,,10.6,,,4,Europe/Moscow,FALSE,1643628357
Danilovka,Danilovka,,52.2339,36.9573,Russia,RU,RUS,Orlovskaya Oblast’,Orlovskaya Oblast',RU-ORL,province,,11.8,,,4,Europe/Moscow,FALSE,1643887589
Danilovka,Danilovka,,52.6312,36.7859,Russia,RU,RUS,Orlovskaya Oblast’,Orlovskaya Oblast',RU-ORL,province,,9.4,,,5,Europe/Moscow,TRUE,1643053171
Krasnyy Bor,Krasnyy Bor,,57.5967,63.9391,Russia,RU,RUS,Sverdlovskaya Oblast’,Sverdlovskaya Oblast',RU-SVE,province,,6.7,,,5,Asia/Yekaterinburg,FALSE,1643043228
Krasnyy Bor,Krasnyy Bor,,57.1000,64.6500,Russia,RU,RUS,Sverdlovskaya Oblast’,Sverdlovskaya Oblast',RU-SVE,province,,6.5,,,5,Asia/Yekaterinburg,TRUE,1643364362
Novyye Bikshiki,Novyye Bikshiki,,55.0018,47.9811,Russia,RU,RUS,Chuvashiya,Chuvashiya,RU-CU,republic,,33.4,,,4,Europe/Moscow,FALSE,1643878616
Yermakovka,Yermakovka,Staroyermakovka,57.0437,74.7257,Russia,RU,RUS,Omskaya Oblast’,Omskaya Oblast',RU-OMS,province,,2.8,,,5,Asia/Omsk,FALSE,1643974571
Obil’nyy,Obil'nyy,,43.5792,45.7486,Russia,RU,RUS,Chechnya,Chechnya,RU-CE,republic,,29.6,,,4,Europe/Moscow,FALSE,1643900104
Chuvashskiy Sayman,Chuvashskiy Sayman,,53.2947,47.1016,Russia,RU,RUS,Ul’yanovskaya Oblast’,Ul'yanovskaya Oblast',RU-ULY,province,,12.2,,,4,Europe/Ulyanovsk,FALSE,1643630352
Noyabr’skiy,Noyabr'skiy,,56.2333,125.0833,Russia,RU,RUS,Sakha (Yakutiya),Sakha (Yakutiya),RU-SA,republic,,0.9,,,5,Asia/Yakutsk,FALSE,1643552135
Churilovo,Churilovo,,58.6014,31.8435,Russia,RU,RUS,Novgorodskaya Oblast’,Novgorodskaya Oblast',RU-NGR,province,,12.5,,,4,Europe/Moscow,FALSE,1643133842
Neklyudovo,Neklyudovo,,54.8798,41.3078,Russia,RU,RUS,Ryazanskaya Oblast’,Ryazanskaya Oblast',RU-RYA,province,,9.5,,,5,Europe/Moscow,FALSE,1643551566
Nepovitsa,Nepovitsa,,59.9241,46.5961,Russia,RU,RUS,Vologodskaya Oblast’,Vologodskaya Oblast',RU-VLG,province,,2.4,,,5,Europe/Moscow,FALSE,1643288499
Filimon,Filimon,,67.4667,58.1667,Russia,RU,RUS,Nenetskiy Avtonomnyy Okrug,Nenetskiy Avtonomnyy Okrug,RU-NEN,autonomous region,,0.1,,,5,Europe/Moscow,FALSE,1643453979
Kamyshla,Kamyshla,,54.1131,52.1428,Russia,RU,RUS,Samarskaya Oblast’,Samarskaya Oblast',RU-SAM,province,,13.8,,,4,Europe/Samara,FALSE,1643701257
Kamyshla,Kamyshla,Kamyshly,53.5667,52.1667,Russia,RU,RUS,Samarskaya Oblast’,Samarskaya Oblast',RU-SAM,province,,13.4,,,4,Europe/Samara,TRUE,1643001538
Malaya Matyra,Malaya Matyra,,52.6222,41.1036,Russia,RU,RUS,Tambovskaya Oblast’,Tambovskaya Oblast',RU-TAM,province,,36.1,,,4,Europe/Moscow,FALSE,1643018431
Posëlok,Poselok,,67.7000,64.4000,Russia,RU,RUS,Nenetskiy Avtonomnyy Okrug,Nenetskiy Avtonomnyy Okrug,RU-NEN,autonomous region,,3.8,,,5,Europe/Moscow,FALSE,1643392360
Khanino,Khanino,,58.0000,34.9333,Russia,RU,RUS,Tverskaya Oblast’,Tverskaya Oblast',RU-TVE,province,,3.5,,,5,Europe/Moscow,FALSE,1643687374
Chepary,Chepary,Chapary,55.2818,44.6626,Russia,RU,RUS,Nizhegorodskaya Oblast’,Nizhegorodskaya Oblast',RU-NIZ,province,,17.4,,,4,Europe/Moscow,FALSE,1643750987
Mokhi,Mokhi,,52.4256,32.0036,Russia,RU,RUS,Bryanskaya Oblast’,Bryanskaya Oblast',RU-BRY,province,,11.5,,,4,Europe/Moscow,FALSE,1643760214
Shchukogora,Shchukogora,Shukogora,63.8000,33.0167,Russia,RU,RUS,Kareliya,Kareliya,RU-KR,republic,,0.7,,,5,Europe/Moscow,FALSE,1643001327
Selikhovo,Selikhovo,Selikhova,53.2115,35.7424,Russia,RU,RUS,Orlovskaya Oblast’,Orlovskaya Oblast',RU-ORL,province,,5.6,,,5,Europe/Moscow,FALSE,1643347949
Klenozero-Vasil’yevskaya,Klenozero-Vasil'yevskaya,Vasil’yevskaya,60.3577,35.4779,Russia,RU,RUS,Vologodskaya Oblast’,Vologodskaya Oblast',RU-VLG,province,,2.2,,,5,Europe/Moscow,FALSE,1643310002
Spichkovka,Spichkovka,Shpichkivka|Spichkevka,45.6883,38.2317,Russia,RU,RUS,Krasnodarskiy Kray,Krasnodarskiy Kray,RU-KDA,district,,35.5,,,4,Europe/Moscow,FALSE,1643386687
Starobaskakovo,Starobaskakovo,,55.1517,55.3058,Russia,RU,RUS,Bashkortostan,Bashkortostan,RU-BA,republic,,15.9,,,4,Asia/Yekaterinburg,FALSE,1643393623
Medet,Medet,,54.1859,75.5410,Russia,RU,RUS,Omskaya Oblast’,Omskaya Oblast',RU-OMS,province,,6.9,,,5,Asia/Omsk,FALSE,1643006844
Kurysh,Kurysh,,56.6094,94.9714,Russia,RU,RUS,Krasnoyarskiy Kray,Krasnoyarskiy Kray,RU-KYA,district,,3.8,,,5,Asia/Krasnoyarsk,FALSE,1643216104
Mochalovo,Mochalovo,,57.4051,48.7734,Russia,RU,RUS,Kirovskaya Oblast’,Kirovskaya Oblast',RU-KIR,province,,10.2,,,4,Europe/Kirov,FALSE,1643961672
Nizhniy Katarach,Nizhniy Katarach,,56.6455,64.1013,Russia,RU,RUS,Sverdlovskaya Oblast’,Sverdlovskaya Oblast',RU-SVE,province,,10.2,,,4,Asia/Yekaterinburg,FALSE,1643892029
Bezrechnyy,Bezrechnyy,Losinyy Tretiy,57.0788,61.0695,Russia,RU,RUS,Sverdlovskaya Oblast’,Sverdlovskaya Oblast',RU-SVE,province,,56.7,,,4,Asia/Yekaterinburg,FALSE,1643365012
Moshennikovo,Moshennikovo,,59.0002,39.9367,Russia,RU,RUS,Vologodskaya Oblast’,Vologodskaya Oblast',RU-VLG,province,,6.6,,,5,Europe/Moscow,FALSE,1643643693
Mosolovka,Mosolovka,,52.0220,42.8235,Russia,RU,RUS,Saratovskaya Oblast’,Saratovskaya Oblast',RU-SAR,province,,9.7,,,5,Europe/Saratov,FALSE,1643613758
Kutunikha,Kutunikha,,57.3974,42.1085,Russia,RU,RUS,Ivanovskaya Oblast’,Ivanovskaya Oblast',RU-IVA,province,,13.7,,,4,Europe/Moscow,FALSE,1643013332
Kryazhevoye,Kryazhevoye,,45.8500,47.5167,Russia,RU,RUS,Astrakhanskaya Oblast’,Astrakhanskaya Oblast',RU-AST,province,,6.5,,,3,Europe/Astrakhan,FALSE,1643233128
Shekholdino,Shekholdino,Shekholdina,57.3286,41.6296,Russia,RU,RUS,Ivanovskaya Oblast’,Ivanovskaya Oblast',RU-IVA,province,,18.4,,,4,Europe/Moscow,FALSE,1643437296
Pashkovo,Pashkovo,,58.9487,33.0664,Russia,RU,RUS,Novgorodskaya Oblast’,Novgorodskaya Oblast',RU-NGR,province,,2.0,,,5,Europe/Moscow,FALSE,1643077456
Khomutovo,Khomutovo,,55.7215,95.6732,Russia,RU,RUS,Krasnoyarskiy Kray,Krasnoyarskiy Kray,RU-KYA,district,,1.4,,,5,Asia/Krasnoyarsk,FALSE,1643989307
Khvolovo,Khvolovo,Khvalovo,55.8724,36.6384,Russia,RU,RUS,Moskovskaya Oblast’,Moskovskaya Oblast',RU-MOS,province,,104.6,,,4,Europe/Moscow,FALSE,1643245215
Pal’nikovo,Pal'nikovo,,58.0486,36.9813,Russia,RU,RUS,Tverskaya Oblast’,Tverskaya Oblast',RU-TVE,province,,6.7,,,5,Europe/Moscow,FALSE,1643994312
Voloshno,Voloshno,Voloshna,57.7488,34.8104,Russia,RU,RUS,Tverskaya Oblast’,Tverskaya Oblast',RU-TVE,province,,7.1,,,5,Europe/Moscow,FALSE,1643286634
Malakhovo,Malakhovo,,57.2406,48.6595,Russia,RU,RUS,Kirovskaya Oblast’,Kirovskaya Oblast',RU-KIR,province,,8.5,,,5,Europe/Kirov,FALSE,1643224593
Kan’gushi,Kan'gushi,,54.5359,43.7913,Russia,RU,RUS,Mordoviya,Mordoviya,RU-MO,republic,,10.5,,,4,Europe/Moscow,FALSE,1643224732
Kan’gushi,Kan'gushi,,54.5333,44.0333,Russia,RU,RUS,Mordoviya,Mordoviya,RU-MO,republic,,10.5,,,4,Europe/Moscow,TRUE,1643002498
Zhigarëvskiy,Zhigarevskiy,,53.5450,35.3339,Russia,RU,RUS,Kaluzhskaya Oblast’,Kaluzhskaya Oblast',RU-KLU,province,,5.6,,,5,Europe/Moscow,FALSE,1643525985
Afanasovo,Afanasovo,,55.9642,37.5928,Russia,RU,RUS,Moskovskaya Oblast’,Moskovskaya Oblast',RU-MOS,province,,576.2,,,3,Europe/Moscow,FALSE,1643416797
Afanasovo,Afanasovo,Afanas’yevo|Afanas’yeva,56.1833,38.5000,Russia,RU,RUS,Moskovskaya Oblast’,Moskovskaya Oblast',RU-MOS,province,,282.4,,,3,Europe/Moscow,TRUE,1643962810
Afanasovo,Afanasovo,Nadmosh’ye,56.5000,37.4167,Russia,RU,RUS,Moskovskaya Oblast’,Moskovskaya Oblast',RU-MOS,province,,76.5,,,4,Europe/Moscow,TRUE,1643588513
Afanasovo,Afanasovo,,56.0922,36.4850,Russia,RU,RUS,Moskovskaya Oblast’,Moskovskaya Oblast',RU-MOS,province,,69.8,,,4,Europe/Moscow,TRUE,1643830595
Afanasovo,Afanasovo,,56.0337,35.7403,Russia,RU,RUS,Moskovskaya Oblast’,Moskovskaya Oblast',RU-MOS,province,,34.9,,,4,Europe/Moscow,TRUE,1643595795
Afanasovo,Afanasovo,Afanas’yevo,56.3187,35.5168,Russia,RU,RUS,Moskovskaya Oblast’,Moskovskaya Oblast',RU-MOS,province,,20.2,,,4,Europe/Moscow,TRUE,1643336819
Yaroslavskiy,Yaroslavskiy,,55.3500,84.8000,Russia,RU,RUS,Novosibirskaya Oblast’,Novosibirskaya Oblast',RU-NVS,province,,10.1,,,4,Asia/Novosibirsk,FALSE,1643178374
Ostrozhek,Ostrozhek,,50.7053,36.3000,Russia,RU,RUS,Belgorodskaya Oblast’,Belgorodskaya Oblast',RU-BEL,province,,54.6,,,4,Europe/Moscow,FALSE,1643908135
Pustoy-Vtornik,Pustoy-Vtornik,,55.9525,35.0906,Russia,RU,RUS,Smolenskaya Oblast’,Smolenskaya Oblast',RU-SMO,province,,16.1,,,4,Europe/Moscow,FALSE,1643622585
Chelnovnya,Chelnovnya,,54.5836,34.1567,Russia,RU,RUS,Smolenskaya Oblast’,Smolenskaya Oblast',RU-SMO,province,,2.9,,,5,Europe/Moscow,FALSE,1643818339
Dolgiy Lug,Dolgiy Lug,,57.8833,58.6667,Russia,RU,RUS,Permskiy Kray,Permskiy Kray,RU-PER,district,,19.2,,,4,Asia/Yekaterinburg,FALSE,1643561243
Tayga,Tayga,,56.9667,87.2667,Russia,RU,RUS,Tomskaya Oblast’,Tomskaya Oblast',RU-TOM,province,,0.6,,,5,Asia/Tomsk,FALSE,1643245853
Yagodnyy,Yagodnyy,,59.7498,65.0780,Russia,RU,RUS,Khanty-Mansiyskiy Avtonomnyy Okrug-Yugra,Khanty-Mansiyskiy Avtonomnyy Okrug-Yugra,RU-KHM,autonomous region,,3.2,,,5,Asia/Yekaterinburg,FALSE,1643479492
Polyanovskiy,Polyanovskiy,,50.2650,42.1251,Russia,RU,RUS,Volgogradskaya Oblast’,Volgogradskaya Oblast',RU-VGG,province,,7.6,,,5,Europe/Volgograd,FALSE,1643004812
Sukhoy Ovrag,Sukhoy Ovrag,,57.6768,47.0639,Russia,RU,RUS,Nizhegorodskaya Oblast’,Nizhegorodskaya Oblast',RU-NIZ,province,,8.0,,,5,Europe/Moscow,FALSE,1643699575
Makarovo,Makarovo,,56.7137,53.7263,Russia,RU,RUS,Udmurtiya,Udmurtiya,RU-UD,republic,,29.3,,,4,Europe/Samara,FALSE,1643013772
Makarovo,Makarovo,Makarovka,56.1639,52.0799,Russia,RU,RUS,Udmurtiya,Udmurtiya,RU-UD,republic,,9.3,,,5,Europe/Samara,TRUE,1643494589
Shibanovtsy,Shibanovtsy,,58.5085,50.0720,Russia,RU,RUS,Kirovskaya Oblast’,Kirovskaya Oblast',RU-KIR,province,,1165.4,,,3,Europe/Kirov,FALSE,1643975539
Tumany,Tumany,,57.9730,55.1726,Russia,RU,RUS,Permskiy Kray,Permskiy Kray,RU-PER,district,,24.9,,,4,Asia/Yekaterinburg,FALSE,1643228684
Prisadovyy,Prisadovyy,,45.5328,40.8992,Russia,RU,RUS,Stavropol’skiy Kray,Stavropol'skiy Kray,RU-STA,district,,33.4,,,4,Europe/Moscow,FALSE,1643662585
Prisadovyy,Prisadovyy,,45.4509,41.3115,Russia,RU,RUS,Stavropol’skiy Kray,Stavropol'skiy Kray,RU-STA,district,,33.4,,,4,Europe/Moscow,TRUE,1643036529
Yakkonen,Yakkonen,Yaakkonen|Jaakkonen,66.5500,29.8667,Russia,RU,RUS,Kareliya,Kareliya,RU-KR,republic,,0.7,,,5,Europe/Moscow,FALSE,1643498756
Medvezhka,Medvezhka,Medvezhiy,69.2857,88.1542,Russia,RU,RUS,Krasnoyarskiy Kray,Krasnoyarskiy Kray,RU-KYA,district,,167.2,,,4,Asia/Krasnoyarsk,FALSE,1643739369
Shul’gino,Shul'gino,Shul’gina,54.8889,41.1263,Russia,RU,RUS,Ryazanskaya Oblast’,Ryazanskaya Oblast',RU-RYA,province,,9.5,,,5,Europe/Moscow,FALSE,1643733400
Shul’gino,Shul'gino,,55.1058,40.5647,Russia,RU,RUS,Ryazanskaya Oblast’,Ryazanskaya Oblast',RU-RYA,province,,7.4,,,5,Europe/Moscow,TRUE,1643018660
Gostev,Gostev,,49.4833,45.6833,Russia,RU,RUS,Volgogradskaya Oblast’,Volgogradskaya Oblast',RU-VGG,province,,3.5,,,5,Europe/Volgograd,FALSE,1643000324
Maloye Kolodeznoye,Maloye Kolodeznoye,Malaya Kolodeznaya,54.0372,38.3258,Russia,RU,RUS,Tul’skaya Oblast’,Tul'skaya Oblast',RU-TUL,province,,151.1,,,4,Europe/Moscow,FALSE,1643013715
Lapotskiye Vyselki,Lapotskiye Vyselki,Maloye Samar’ino|Lapotovskiye Vyselki,53.5123,40.0594,Russia,RU,RUS,Ryazanskaya Oblast’,Ryazanskaya Oblast',RU-RYA,province,,13.2,,,4,Europe/Moscow,FALSE,1643827215
Boyarskoye,Boyarskoye,,56.0876,29.7485,Russia,RU,RUS,Pskovskaya Oblast’,Pskovskaya Oblast',RU-PSK,province,,9.4,,,5,Europe/Moscow,FALSE,1643384265
Nezhnovo,Nezhnovo,,59.6890,28.7842,Russia,RU,RUS,Leningradskaya Oblast’,Leningradskaya Oblast',RU-LEN,province,,28.7,,,4,Europe/Moscow,FALSE,1643886957
Noto,Noto,Notonoa,49.1219,144.2518,Russia,RU,RUS,Sakhalinskaya Oblast’,Sakhalinskaya Oblast',RU-SAK,province,,2.8,,,5,Asia/Sakhalin,FALSE,1643477334
Tikhaya,Tikhaya,,54.2000,58.3667,Russia,RU,RUS,Bashkortostan,Bashkortostan,RU-BA,republic,,9.1,,,5,Asia/Yekaterinburg,FALSE,1643966118
Zharenyy,Zharenyy,,52.2916,36.6136,Russia,RU,RUS,Orlovskaya Oblast’,Orlovskaya Oblast',RU-ORL,province,,13.6,,,4,Europe/Moscow,FALSE,1643866019
Bol’shoye Pëkhovo,Bol'shoye Pekhovo,,58.6188,32.5492,Russia,RU,RUS,Novgorodskaya Oblast’,Novgorodskaya Oblast',RU-NGR,province,,4.8,,,5,Europe/Moscow,FALSE,1643005180
Ogudnëvo,Ogudnevo,,56.0667,38.2667,Russia,RU,RUS,Moskovskaya Oblast’,Moskovskaya Oblast',RU-MOS,province,,300.7,,,3,Europe/Moscow,FALSE,1643187378
Bakhmatovo,Bakhmatovo,,57.3766,41.0066,Russia,RU,RUS,Kostromskaya Oblast’,Kostromskaya Oblast',RU-KOS,province,,26.1,,,4,Europe/Moscow,FALSE,1643241584
Novobelovo,Novobelovo,,54.4492,86.3176,Russia,RU,RUS,Kemerovskaya Oblast’,Kemerovskaya Oblast',RU-KEM,province,,760.1,,,3,Asia/Novokuznetsk,FALSE,1643464287
Psyanchino,Psyanchino,,51.4500,57.5167,Russia,RU,RUS,Orenburgskaya Oblast’,Orenburgskaya Oblast',RU-ORE,province,,76.1,,,4,Asia/Yekaterinburg,FALSE,1643539429
Rozhino,Rozhino,,55.7466,32.4575,Russia,RU,RUS,Tverskaya Oblast’,Tverskaya Oblast',RU-TVE,province,,2.8,,,5,Europe/Moscow,FALSE,1643393444
Ney-Fridental’,Ney-Fridental',Nefridental’,45.1417,40.8786,Russia,RU,RUS,Krasnodarskiy Kray,Krasnodarskiy Kray,RU-KDA,district,,49.0,,,4,Europe/Moscow,FALSE,1643928751
Edepsukay Pervyy,Edepsukay Pervyy,Edepsukay,44.9831,39.2331,Russia,RU,RUS,Adygeya,Adygeya,RU-AD,republic,,1072.2,,,3,Europe/Moscow,FALSE,1643538592
Borovo,Borovo,Borovskaya,63.5355,49.5217,Russia,RU,RUS,Komi,Komi,RU-KO,republic,,0.5,,,5,Europe/Moscow,FALSE,1643230814
Novovasil’yevskiy,Novovasil'yevskiy,,52.2667,55.7833,Russia,RU,RUS,Orenburgskaya Oblast’,Orenburgskaya Oblast',RU-ORE,province,,9.3,,,5,Asia/Yekaterinburg,FALSE,1643948106
Ramenka,Ramenka,,57.4896,38.9635,Russia,RU,RUS,Yaroslavskaya Oblast’,Yaroslavskaya Oblast',RU-YAR,province,,6.2,,,5,Europe/Moscow,FALSE,1643328013
Plavnenskiy,Plavnenskiy,Plavenenskiy,45.0335,37.9336,Russia,RU,RUS,Krasnodarskiy Kray,Krasnodarskiy Kray,RU-KDA,district,,86.9,,,4,Europe/Moscow,FALSE,1643527722
Kovganskiy,Kovganskiy,,44.3761,43.7689,Russia,RU,RUS,Stavropol’skiy Kray,Stavropol'skiy Kray,RU-STA,district,,31.0,,,4,Europe/Moscow,FALSE,1643737890
Soldatskoye,Soldatskoye,,52.1200,38.3367,Russia,RU,RUS,Lipetskaya Oblast’,Lipetskaya Oblast',RU-LIP,province,,18.6,,,4,Europe/Moscow,FALSE,1643290583
Belyy Les,Belyy Les,,53.9460,38.2604,Russia,RU,RUS,Tul’skaya Oblast’,Tul'skaya Oblast',RU-TUL,province,,455.2,,,3,Europe/Moscow,FALSE,1643012750
Danilovka,Danilovka,,50.5833,45.6833,Russia,RU,RUS,Saratovskaya Oblast’,Saratovskaya Oblast',RU-SAR,province,,15.0,,,4,Europe/Saratov,FALSE,1643008891
Danilovka,Danilovka,,51.9728,44.8943,Russia,RU,RUS,Saratovskaya Oblast’,Saratovskaya Oblast',RU-SAR,province,,14.7,,,4,Europe/Saratov,TRUE,1643182641
Danilovka,Danilovka,,52.0688,49.9349,Russia,RU,RUS,Saratovskaya Oblast’,Saratovskaya Oblast',RU-SAR,province,,3.7,,,5,Europe/Saratov,TRUE,1643835168
Lakhovskiy Ostrov,Lakhovskiy Ostrov,,56.5617,32.7228,Russia,RU,RUS,Tverskaya Oblast’,Tverskaya Oblast',RU-TVE,province,,4.1,,,5,Europe/Moscow,FALSE,1643494131
Chemodanovo,Chemodanovo,,53.1087,33.2624,Russia,RU,RUS,Bryanskaya Oblast’,Bryanskaya Oblast',RU-BRY,province,,20.3,,,4,Europe/Moscow,FALSE,1643388772
Milashka,Milashka,,53.3453,42.5139,Russia,RU,RUS,Penzenskaya Oblast’,Penzenskaya Oblast',RU-PNZ,province,,13.7,,,4,Europe/Moscow,FALSE,1643620464
Dubki,Dubki,,52.0704,34.5273,Russia,RU,RUS,Bryanskaya Oblast’,Bryanskaya Oblast',RU-BRY,province,,11.4,,,4,Europe/Moscow,FALSE,1643306452
Finev Lug,Finev Lug,Fenev-Lug,58.9500,31.0833,Russia,RU,RUS,Novgorodskaya Oblast’,Novgorodskaya Oblast',RU-NGR,province,,12.5,,,4,Europe/Moscow,FALSE,1643146968
Aleur,Aleur,,52.5549,117.0607,Russia,RU,RUS,Zabaykal’skiy Kray,Zabaykal'skiy Kray,RU-ZAB,district,,2.6,,,5,Asia/Chita,FALSE,1643333116
Krasnoorlovskoye,Krasnoorlovskoye,,55.9658,67.9519,Russia,RU,RUS,Tyumenskaya Oblast’,Tyumenskaya Oblast',RU-TYU,province,,3.7,,,5,Asia/Yekaterinburg,FALSE,1643569718
Korobino,Korobino,Karabino|Bol’shoye Korobino,56.1292,34.5691,Russia,RU,RUS,Tverskaya Oblast’,Tverskaya Oblast',RU-TVE,province,,7.3,,,5,Europe/Moscow,FALSE,1643757298
Korobino,Korobino,,56.7626,34.7077,Russia,RU,RUS,Tverskaya Oblast’,Tverskaya Oblast',RU-TVE,province,,6.5,,,5,Europe/Moscow,TRUE,1643142492
Ust’-Uy,Ust'-Uy,,57.0951,74.1846,Russia,RU,RUS,Omskaya Oblast’,Omskaya Oblast',RU-OMS,province,,2.8,,,5,Asia/Omsk,FALSE,1643433947
Leont’yevo,Leont'yevo,,56.9253,47.1795,Russia,RU,RUS,Kirovskaya Oblast’,Kirovskaya Oblast',RU-KIR,province,,5.7,,,5,Europe/Kirov,FALSE,1643933177
Surovka,Surovka,,51.5147,45.3442,Russia,RU,RUS,Saratovskaya Oblast’,Saratovskaya Oblast',RU-SAR,province,,8.0,,,5,Europe/Saratov,FALSE,1643789340
Klimotino,Klimotino,Klimatino,59.6736,28.9961,Russia,RU,RUS,Leningradskaya Oblast’,Leningradskaya Oblast',RU-LEN,province,,38.2,,,4,Europe/Moscow,FALSE,1643526470
Krasnogorka,Krasnogorka,Krasnaya Gorka,56.2992,46.5019,Russia,RU,RUS,Mariy-El,Mariy-El,RU-ME,republic,,16.9,,,4,Europe/Moscow,FALSE,1643446210
Yegor’ye,Yegor'ye,Yegoriy,56.5457,41.2315,Russia,RU,RUS,Ivanovskaya Oblast’,Ivanovskaya Oblast',RU-IVA,province,,12.7,,,4,Europe/Moscow,FALSE,1643722130
Priuralovka,Priuralovka,,54.3147,56.8956,Russia,RU,RUS,Bashkortostan,Bashkortostan,RU-BA,republic,,7.5,,,5,Asia/Yekaterinburg,FALSE,1643246245
Gremyachëvo,Gremyachevo,,59.9216,56.3557,Russia,RU,RUS,Permskiy Kray,Permskiy Kray,RU-PER,district,,1.1,,,5,Asia/Yekaterinburg,FALSE,1643995720
Kuvshinovka,Kuvshinovka,,53.8542,39.9067,Russia,RU,RUS,Ryazanskaya Oblast’,Ryazanskaya Oblast',RU-RYA,province,,18.2,,,4,Europe/Moscow,FALSE,1643054436
Bubnovo,Bubnovo,,57.5167,102.7500,Russia,RU,RUS,Irkutskaya Oblast’,Irkutskaya Oblast',RU-IRK,province,,2.8,,,5,Asia/Irkutsk,FALSE,1643358091
Shapochkino,Shapochkino,,56.5741,32.6763,Russia,RU,RUS,Tverskaya Oblast’,Tverskaya Oblast',RU-TVE,province,,4.1,,,5,Europe/Moscow,FALSE,1643720353
Terekhovo,Terekhovo,,57.7090,39.6712,Russia,RU,RUS,Yaroslavskaya Oblast’,Yaroslavskaya Oblast',RU-YAR,province,,25.2,,,4,Europe/Moscow,FALSE,1643482655
Terekhovo,Terekhovo,,57.7243,38.6588,Russia,RU,RUS,Yaroslavskaya Oblast’,Yaroslavskaya Oblast',RU-YAR,province,,6.9,,,5,Europe/Moscow,TRUE,1643655035
Terekhovo,Terekhovo,,58.6935,39.5859,Russia,RU,RUS,Yaroslavskaya Oblast’,Yaroslavskaya Oblast',RU-YAR,province,,4.6,,,5,Europe/Moscow,TRUE,1643738166
Beklemishchevo,Beklemishchevo,Biklimishevo|Biklemishevo,54.4896,35.2250,Russia,RU,RUS,Kaluzhskaya Oblast’,Kaluzhskaya Oblast',RU-KLU,province,,9.5,,,5,Europe/Moscow,FALSE,1643848274
Maloye Buyanovo,Maloye Buyanovo,Malo-Buyanovo,54.8701,47.6410,Russia,RU,RUS,Chuvashiya,Chuvashiya,RU-CU,republic,,17.0,,,4,Europe/Moscow,FALSE,1643147249
Belyayevskaya,Belyayevskaya,,61.9167,45.1667,Russia,RU,RUS,Arkhangel’skaya Oblast’,Arkhangel'skaya Oblast',RU-ARK,province,,1.3,,,5,Europe/Moscow,FALSE,1643775670
Sekretëv,Sekretev,,48.6005,42.6503,Russia,RU,RUS,Rostovskaya Oblast’,Rostovskaya Oblast',RU-ROS,province,,9.1,,,5,Europe/Moscow,FALSE,1643730157
Sekretev,Sekretev,Sekretov|Zimno-Sekretevikh,46.8189,42.5576,Russia,RU,RUS,Rostovskaya Oblast’,Rostovskaya Oblast',RU-ROS,province,,7.1,,,5,Europe/Moscow,TRUE,1643019808
Sekretev,Sekretev,,48.8086,41.6378,Russia,RU,RUS,Rostovskaya Oblast’,Rostovskaya Oblast',RU-ROS,province,,6.9,,,5,Europe/Moscow,TRUE,1643133956
Biksyanovo,Biksyanovo,,53.4643,56.3251,Russia,RU,RUS,Bashkortostan,Bashkortostan,RU-BA,republic,,22.2,,,4,Asia/Yekaterinburg,FALSE,1643160077
Shurabash,Shurabash,Shishor,56.4779,49.7107,Russia,RU,RUS,Tatarstan,Tatarstan,RU-TA,republic,,28.2,,,4,Europe/Moscow,FALSE,1643379354
Tolstyy Nos,Tolstyy Nos,Tolsty Nos,70.1167,83.1833,Russia,RU,RUS,Krasnoyarskiy Kray,Krasnoyarskiy Kray,RU-KYA,district,,0.0,,,5,Asia/Krasnoyarsk,FALSE,1643372998
Yekaterinovka,Yekaterinovka,,54.7251,58.5068,Russia,RU,RUS,Chelyabinskaya Oblast’,Chelyabinskaya Oblast',RU-CHE,province,,9.7,,,5,Asia/Yekaterinburg,FALSE,1643708619
Tikshozero,Tikshozero,Särkiniemi|Tiksheozero|Tiiksjärvi,66.1833,32.0333,Russia,RU,RUS,Kareliya,Kareliya,RU-KR,republic,,0.7,,,4,Europe/Moscow,FALSE,1643881279
Tikshozero,Tikshozero,Tiiksjärvi,64.1000,31.8167,Russia,RU,RUS,Kareliya,Kareliya,RU-KR,republic,,0.7,,,5,Europe/Moscow,TRUE,1643476841
Pervoye Maya,Pervoye Maya,Vyselki Pervoye Maya,56.0154,46.6691,Russia,RU,RUS,Chuvashiya,Chuvashiya,RU-CU,republic,,41.2,,,4,Europe/Moscow,FALSE,1643144002
Pervoye Maya,Pervoye Maya,Posëlok Pervoye Maya,55.0628,46.6011,Russia,RU,RUS,Chuvashiya,Chuvashiya,RU-CU,republic,,8.5,,,5,Europe/Moscow,TRUE,1643120259
Trufanikha,Trufanikha,,62.5833,43.5333,Russia,RU,RUS,Arkhangel’skaya Oblast’,Arkhangel'skaya Oblast',RU-ARK,province,,1.2,,,5,Europe/Moscow,FALSE,1643439714
Afanas’yevo,Afanas'yevo,,56.0702,40.1206,Russia,RU,RUS,Vladimirskaya Oblast’,Vladimirskaya Oblast',RU-VLA,province,,34.8,,,4,Europe/Moscow,FALSE,1643922348
Afanas’yevo,Afanas'yevo,,56.1716,42.1397,Russia,RU,RUS,Vladimirskaya Oblast’,Vladimirskaya Oblast',RU-VLA,province,,34.2,,,4,Europe/Moscow,TRUE,1643727295
Uspenovka,Uspenovka,,50.2854,128.0703,Russia,RU,RUS,Amurskaya Oblast’,Amurskaya Oblast',RU-AMU,province,,9.2,,,5,Asia/Yakutsk,FALSE,1643588071
Uspenovka,Uspenovka,,50.7326,128.0651,Russia,RU,RUS,Amurskaya Oblast’,Amurskaya Oblast',RU-AMU,province,,6.9,,,5,Asia/Yakutsk,TRUE,1643155886
Uspenovka,Uspenovka,Voroshilovka,50.1046,129.2482,Russia,RU,RUS,Amurskaya Oblast’,Amurskaya Oblast',RU-AMU,province,,4.3,,,5,Asia/Yakutsk,TRUE,1643574168
Uspenovka,Uspenovka,Uspenskiy,49.6938,129.2270,Russia,RU,RUS,Amurskaya Oblast’,Amurskaya Oblast',RU-AMU,province,,3.1,,,5,Asia/Yakutsk,TRUE,1643419283
Uspenovka,Uspenovka,,53.3833,126.9333,Russia,RU,RUS,Amurskaya Oblast’,Amurskaya Oblast',RU-AMU,province,,0.2,,,5,Asia/Yakutsk,TRUE,1643971624
Kolorëvo,Kolorevo,,56.6276,29.7070,Russia,RU,RUS,Pskovskaya Oblast’,Pskovskaya Oblast',RU-PSK,province,,8.0,,,5,Europe/Moscow,FALSE,1643856818
Lebedery,Lebedery,,55.9029,47.0230,Russia,RU,RUS,Chuvashiya,Chuvashiya,RU-CU,republic,,54.0,,,4,Europe/Moscow,FALSE,1643062040
Kozhayevka,Kozhayevka,,55.1241,49.6246,Russia,RU,RUS,Tatarstan,Tatarstan,RU-TA,republic,,13.6,,,4,Europe/Moscow,FALSE,1643850506
Shakhovo,Shakhovo,Shakhova,55.3833,35.2667,Russia,RU,RUS,Smolenskaya Oblast’,Smolenskaya Oblast',RU-SMO,province,,16.1,,,4,Europe/Moscow,FALSE,1643651360
Roskino,Roskino,,54.0250,39.6697,Russia,RU,RUS,Ryazanskaya Oblast’,Ryazanskaya Oblast',RU-RYA,province,,27.7,,,4,Europe/Moscow,FALSE,1643721110
Chasovenskaya,Chasovenskaya,,60.4747,38.6342,Russia,RU,RUS,Vologodskaya Oblast’,Vologodskaya Oblast',RU-VLG,province,,2.9,,,5,Europe/Moscow,FALSE,1643015812
Chasovenskaya,Chasovenskaya,Tsasovenskaja,60.8500,35.9833,Russia,RU,RUS,Vologodskaya Oblast’,Vologodskaya Oblast',RU-VLG,province,,2.0,,,5,Europe/Moscow,TRUE,1643174827
Barintsy,Barintsy,,58.4005,50.1761,Russia,RU,RUS,Kirovskaya Oblast’,Kirovskaya Oblast',RU-KIR,province,,8.4,,,5,Europe/Kirov,FALSE,1643951139
Ishmuratovo,Ishmuratovo,,55.0791,56.8127,Russia,RU,RUS,Bashkortostan,Bashkortostan,RU-BA,republic,,7.9,,,5,Asia/Yekaterinburg,FALSE,1643681582
Troitskoye,Troitskoye,Bulgun,46.4164,44.2547,Russia,RU,RUS,Kalmykiya,Kalmykiya,RU-KL,republic,,3.9,,,3,Europe/Moscow,FALSE,1643352178
Bezymyannaya,Bezymyannaya,,56.1339,74.5575,Russia,RU,RUS,Omskaya Oblast’,Omskaya Oblast',RU-OMS,province,,6.4,,,5,Asia/Omsk,FALSE,1643593756
Kyzyl-Urshak,Kyzyl-Urshak,,53.9667,55.4833,Russia,RU,RUS,Bashkortostan,Bashkortostan,RU-BA,republic,,18.1,,,4,Asia/Yekaterinburg,FALSE,1643757394
Sofiyevka,Sofiyevka,,52.8144,35.2244,Russia,RU,RUS,Orlovskaya Oblast’,Orlovskaya Oblast',RU-ORL,province,,8.5,,,5,Europe/Moscow,FALSE,1643018260
Bol’shoye Koreyevo,Bol'shoye Koreyevo,,57.6500,41.5000,Russia,RU,RUS,Kostromskaya Oblast’,Kostromskaya Oblast',RU-KOS,province,,17.6,,,4,Europe/Moscow,FALSE,1643236213
Sadykovo,Sadykovo,,56.7916,35.9431,Russia,RU,RUS,Tverskaya Oblast’,Tverskaya Oblast',RU-TVE,province,,11.0,,,4,Europe/Moscow,FALSE,1643003193
Gorki,Gorki,,54.9688,45.7941,Russia,RU,RUS,Mordoviya,Mordoviya,RU-MO,republic,,9.2,,,4,Europe/Moscow,FALSE,1643964422
Shilenga,Shilenga,,63.6667,42.6333,Russia,RU,RUS,Arkhangel’skaya Oblast’,Arkhangel'skaya Oblast',RU-ARK,province,,1.4,,,5,Europe/Moscow,FALSE,1643289135
Kletka,Kletka,,51.3167,59.0167,Russia,RU,RUS,Orenburgskaya Oblast’,Orenburgskaya Oblast',RU-ORE,province,,9.3,,,5,Asia/Yekaterinburg,FALSE,1643296941
Lesogorskaya,Lesogorskaya,,44.5469,39.5408,Russia,RU,RUS,Krasnodarskiy Kray,Krasnodarskiy Kray,RU-KDA,district,,41.5,,,4,Europe/Moscow,FALSE,1643458204
Yudinka,Yudinka,,54.8333,40.4833,Russia,RU,RUS,Ryazanskaya Oblast’,Ryazanskaya Oblast',RU-RYA,province,,10.5,,,4,Europe/Moscow,FALSE,1643607625
L’govo,L'govo,,57.7292,43.2862,Russia,RU,RUS,Kostromskaya Oblast’,Kostromskaya Oblast',RU-KOS,province,,3.4,,,5,Europe/Moscow,FALSE,1643102819
L’govo,L'govo,,58.3932,42.5806,Russia,RU,RUS,Kostromskaya Oblast’,Kostromskaya Oblast',RU-KOS,province,,2.8,,,5,Europe/Moscow,TRUE,1643627153
L’govo,L'govo,,59.0833,43.2500,Russia,RU,RUS,Kostromskaya Oblast’,Kostromskaya Oblast',RU-KOS,province,,2.8,,,5,Europe/Moscow,TRUE,1643927087
Novouspenskoye,Novouspenskoye,,57.8436,47.4422,Russia,RU,RUS,Nizhegorodskaya Oblast’,Nizhegorodskaya Oblast',RU-NIZ,province,,8.0,,,5,Europe/Moscow,FALSE,1643532727
Novouspenskoye,Novouspenskoye,,57.7518,46.0283,Russia,RU,RUS,Nizhegorodskaya Oblast’,Nizhegorodskaya Oblast',RU-NIZ,province,,5.1,,,5,Europe/Moscow,TRUE,1643230111
Zaytsevo,Zaytsevo,,53.2069,35.7908,Russia,RU,RUS,Orlovskaya Oblast’,Orlovskaya Oblast',RU-ORL,province,,5.6,,,5,Europe/Moscow,FALSE,1643236904
Arnyashevo,Arnyashevo,,56.0089,55.5887,Russia,RU,RUS,Bashkortostan,Bashkortostan,RU-BA,republic,,13.8,,,4,Asia/Yekaterinburg,FALSE,1643119760
Malaya Khariuzovka,Malaya Khariuzovka,,59.3676,144.9337,Russia,RU,RUS,Khabarovskiy Kray,Khabarovskiy Kray,RU-KHA,district,,0.0,,,5,Asia/Vladivostok,FALSE,1643854536
Zagor’ye,Zagor'ye,,57.8616,30.1330,Russia,RU,RUS,Pskovskaya Oblast’,Pskovskaya Oblast',RU-PSK,province,,9.6,,,5,Europe/Moscow,FALSE,1643624469
Zagor’ye,Zagor'ye,,57.9287,28.3899,Russia,RU,RUS,Pskovskaya Oblast’,Pskovskaya Oblast',RU-PSK,province,,8.4,,,5,Europe/Moscow,TRUE,1643890861
Zagor’ye,Zagor'ye,,58.0627,28.3594,Russia,RU,RUS,Pskovskaya Oblast’,Pskovskaya Oblast',RU-PSK,province,,8.4,,,5,Europe/Moscow,TRUE,1643588819
Zagor’ye,Zagor'ye,,57.7823,29.3980,Russia,RU,RUS,Pskovskaya Oblast’,Pskovskaya Oblast',RU-PSK,province,,6.0,,,5,Europe/Moscow,TRUE,1643948045
Zagor’ye,Zagor'ye,,57.5784,29.7546,Russia,RU,RUS,Pskovskaya Oblast’,Pskovskaya Oblast',RU-PSK,province,,5.9,,,5,Europe/Moscow,TRUE,1643784476
Zagor’ye,Zagor'ye,,56.6711,30.0636,Russia,RU,RUS,Pskovskaya Oblast’,Pskovskaya Oblast',RU-PSK,province,,3.7,,,5,Europe/Moscow,TRUE,1643264273
Yagodnoye,Yagodnoye,Yagodnovo,56.1814,40.0244,Russia,RU,RUS,Vladimirskaya Oblast’,Vladimirskaya Oblast',RU-VLA,province,,34.8,,,4,Europe/Moscow,FALSE,1643019754
Voskhod,Voskhod,,53.0053,35.8820,Russia,RU,RUS,Orlovskaya Oblast’,Orlovskaya Oblast',RU-ORL,province,,20.1,,,4,Europe/Moscow,FALSE,1643319030
Voskhod,Voskhod,Bednyy,53.1645,35.4090,Russia,RU,RUS,Orlovskaya Oblast’,Orlovskaya Oblast',RU-ORL,province,,11.6,,,4,Europe/Moscow,TRUE,1643821629
Gorbitsa,Gorbitsa,Gorobitsa,53.1020,119.2224,Russia,RU,RUS,Zabaykal’skiy Kray,Zabaykal'skiy Kray,RU-ZAB,district,,1.4,,,5,Asia/Chita,FALSE,1643949738
Lorgort,Lorgort,,65.5000,65.6500,Russia,RU,RUS,Yamalo-Nenetskiy Avtonomnyy Okrug,Yamalo-Nenetskiy Avtonomnyy Okrug,RU-YAN,autonomous region,,0.9,,,5,Asia/Yekaterinburg,FALSE,1643016584
Popovka Vtoraya,Popovka Vtoraya,,52.0667,54.9833,Russia,RU,RUS,Orenburgskaya Oblast’,Orenburgskaya Oblast',RU-ORE,province,,13.8,,,4,Asia/Yekaterinburg,FALSE,1643115255
Voskhod,Voskhod,,54.5696,52.5245,Russia,RU,RUS,Tatarstan,Tatarstan,RU-TA,republic,,47.2,,,4,Europe/Moscow,FALSE,1643547351
Khitiyev,Khitiyev,,43.0450,44.8778,Russia,RU,RUS,North Ossetia,North Ossetia,RU-SE,republic,,74.5,,,4,Europe/Moscow,FALSE,1643818998
Staroye Gnezdilovo,Staroye Gnezdilovo,,52.6757,35.4714,Russia,RU,RUS,Orlovskaya Oblast’,Orlovskaya Oblast',RU-ORL,province,,8.8,,,5,Europe/Moscow,FALSE,1643071687
Danilikha,Danilikha,,56.2921,46.4915,Russia,RU,RUS,Mariy-El,Mariy-El,RU-ME,republic,,16.9,,,4,Europe/Moscow,FALSE,1643196231
Perepechino,Perepechino,,56.1971,35.0164,Russia,RU,RUS,Tverskaya Oblast’,Tverskaya Oblast',RU-TVE,province,,7.3,,,5,Europe/Moscow,FALSE,1643409166
Bol’shiye Lomy,Bol'shiye Lomy,,57.6901,46.2609,Russia,RU,RUS,Nizhegorodskaya Oblast’,Nizhegorodskaya Oblast',RU-NIZ,province,,14.2,,,4,Europe/Moscow,FALSE,1643117360
Shadrino,Shadrino,,56.2832,53.5835,Russia,RU,RUS,Udmurtiya,Udmurtiya,RU-UD,republic,,12.5,,,4,Europe/Samara,FALSE,1643172649
Shakhovaya,Shakhovaya,,58.1707,38.0326,Russia,RU,RUS,Yaroslavskaya Oblast’,Yaroslavskaya Oblast',RU-YAR,province,,4.7,,,5,Europe/Moscow,FALSE,1643696656
Mayskiy,Mayskiy,,52.3167,88.1333,Russia,RU,RUS,Altay,Altay,RU-AL,republic,,1.2,,,3,Asia/Barnaul,FALSE,1643303351
Postnikovo,Postnikovo,,56.6067,85.1905,Russia,RU,RUS,Tomskaya Oblast’,Tomskaya Oblast',RU-TOM,province,,6.8,,,5,Asia/Tomsk,FALSE,1643094416